datetime,open,high,low,close,volume
2026-01-20T14:35:00,229.575,230.275,229.55,230.225,151
2026-01-20T14:40:00,230.1,230.3,229.75,230.25,82
2026-01-20T14:45:00,230.225,230.325,229.8,230.275,81
2026-01-20T14:50:00,230.3,230.475,230.05,230.25,136
2026-01-20T14:55:00,230.35,230.35,229.85,229.85,63
2026-01-20T15:00:00,229.9,230.15,229.8,229.875,107
2026-01-20T15:05:00,229.925,230.075,229.725,229.925,140
2026-01-20T15:10:00,229.9,230.1,229.575,229.875,86
2026-01-20T15:15:00,229.9,230.075,229.9,229.95,38
2026-01-20T15:20:00,230.0,230.5,230.0,230.375,111
2026-01-20T15:25:00,230.35,230.425,230.25,230.35,39
2026-01-20T15:30:00,230.275,230.4,230.1,230.4,46
2026-01-20T15:35:00,230.45,230.525,230.175,230.5,66
2026-01-20T15:40:00,230.4,230.45,230.2,230.4,28
2026-01-20T15:45:00,230.45,230.6,230.075,230.15,67
2026-01-20T15:50:00,230.125,230.425,230.075,230.225,41
2026-01-20T15:55:00,230.275,230.3,230.15,230.3,15
2026-01-20T16:00:00,230.25,230.525,230.225,230.5,35
2026-01-20T16:05:00,230.45,230.55,230.425,230.425,19
2026-01-20T16:10:00,230.425,230.975,230.425,230.675,99
2026-01-20T16:15:00,230.7,230.8,230.575,230.75,35
2026-01-20T16:20:00,230.775,230.825,230.1,230.25,172
2026-01-20T16:25:00,230.225,230.225,229.975,230.175,50
2026-01-20T16:30:00,230.15,230.175,229.925,230.025,28
2026-01-20T16:35:00,230.1,230.225,230.075,230.175,26
2026-01-20T16:40:00,230.2,230.525,230.15,230.425,39
2026-01-20T16:45:00,230.575,231.2,230.55,230.9,112
2026-01-20T16:50:00,230.95,230.975,230.675,230.75,29
2026-01-20T16:55:00,230.675,230.675,230.3,230.4,19
2026-01-20T17:00:00,230.35,230.575,230.3,230.575,31
2026-01-20T17:05:00,230.625,230.95,230.625,230.85,37
2026-01-20T17:10:00,230.95,231.05,230.925,231.025,12
2026-01-20T17:15:00,231.0,231.075,230.975,231.025,10
2026-01-20T17:20:00,230.95,231.05,230.95,230.95,10
2026-01-20T17:25:00,230.95,230.95,230.775,230.825,26
2026-01-20T17:30:00,230.8,230.875,230.625,230.65,50
2026-01-20T17:35:00,230.675,230.725,230.625,230.675,13
2026-01-20T17:40:00,230.65,230.65,230.525,230.55,24
2026-01-20T17:45:00,230.575,230.6,230.5,230.525,22
2026-01-20T17:50:00,230.525,230.675,230.5,230.675,8
2026-01-20T17:55:00,230.65,230.75,230.65,230.75,9
2026-01-20T18:00:00,230.825,231.05,230.825,231.05,52
2026-01-20T18:05:00,231.0,231.125,230.975,231.1,11
2026-01-20T18:10:00,231.0,231.1,231.0,231.075,18
2026-01-20T18:15:00,231.125,231.125,231.05,231.1,11
2026-01-20T18:20:00,231.05,231.25,230.775,230.775,50
2026-01-20T18:25:00,230.8,230.85,230.7,230.75,21
2026-01-20T18:30:00,230.825,230.925,230.8,230.85,31
2026-01-20T18:35:00,230.8,230.9,230.725,230.9,20
2026-01-20T18:40:00,230.725,230.775,230.6,230.6,48
2026-01-20T18:45:00,230.65,230.65,230.225,230.375,66
2026-01-20T18:50:00,230.375,230.5,230.275,230.425,36
2026-01-20T18:55:00,230.45,230.725,230.425,230.65,397
2026-01-20T19:00:00,230.625,230.825,230.6,230.75,118
2026-01-21T14:30:00,230.475,231.15,230.475,230.625,204
2026-01-21T14:35:00,230.675,230.775,230.275,230.4,150
2026-01-21T14:40:00,230.35,230.4,229.225,229.225,369
2026-01-21T14:45:00,229.275,229.7,229.15,229.7,205
2026-01-21T14:50:00,229.725,230.125,229.725,230.125,76
2026-01-21T14:55:00,230.05,230.1,229.6,229.875,116
2026-01-21T15:00:00,229.85,230.175,229.85,230.025,52
2026-01-21T15:05:00,230.05,230.775,230.05,230.575,73
2026-01-21T15:10:00,230.6,230.725,230.45,230.475,81
2026-01-21T15:15:00,230.45,230.75,230.175,230.675,64
2026-01-21T15:20:00,230.65,230.875,230.65,230.775,37
2026-01-21T15:25:00,230.775,230.9,230.775,230.8,21
2026-01-21T15:30:00,230.8,230.8,230.525,230.8,31
2026-01-21T15:35:00,230.75,230.9,230.65,230.9,40
2026-01-21T15:40:00,230.875,230.925,230.65,230.725,80
2026-01-21T15:45:00,230.8,230.8,230.6,230.675,14
2026-01-21T15:50:00,230.75,231.35,230.75,231.2,118
2026-01-21T15:55:00,231.175,231.375,230.9,230.9,42
2026-01-21T16:00:00,230.775,230.95,230.55,230.75,38
2026-01-21T16:05:00,230.65,230.75,230.525,230.65,26
2026-01-21T16:10:00,230.8,230.8,230.65,230.65,11
2026-01-21T16:15:00,230.8,230.8,230.7,230.725,14
2026-01-21T16:20:00,230.825,230.825,230.575,230.725,56
2026-01-21T16:25:00,230.675,230.675,230.6,230.6,7
2026-01-21T16:30:00,230.525,230.675,230.5,230.675,14
2026-01-21T16:35:00,230.8,230.8,230.575,230.65,5
2026-01-21T16:40:00,230.675,230.85,230.675,230.675,13
2026-01-21T16:45:00,230.875,230.975,230.8,230.925,19
2026-01-21T16:50:00,230.8,230.85,230.8,230.825,22
2026-01-21T16:55:00,230.775,230.775,230.55,230.55,34
2026-01-21T17:00:00,230.55,230.775,230.55,230.775,14
2026-01-21T17:05:00,230.7,230.75,230.65,230.65,9
2026-01-21T17:10:00,230.75,230.825,230.6,230.675,27
2026-01-21T17:15:00,230.7,230.85,230.7,230.85,4
2026-01-21T17:20:00,230.8,231.0,230.8,231.0,11
2026-01-21T17:25:00,231.075,231.25,231.075,231.25,13
2026-01-21T17:30:00,231.125,231.25,231.1,231.25,38
2026-01-21T17:35:00,231.25,231.3,231.0,231.125,37
2026-01-21T17:40:00,231.2,231.2,231.075,231.075,6
2026-01-21T17:45:00,231.175,231.325,231.175,231.225,22
2026-01-21T17:50:00,231.175,231.2,231.175,231.2,4
2026-01-21T17:55:00,231.225,231.3,231.225,231.275,10
2026-01-21T18:00:00,231.15,231.175,231.1,231.125,28
2026-01-21T18:05:00,231.2,231.225,231.15,231.15,7
2026-01-21T18:10:00,231.175,231.2,231.175,231.175,11
2026-01-21T18:15:00,231.175,231.375,231.175,231.3,70
2026-01-21T18:20:00,231.125,231.325,231.125,231.15,19
2026-01-21T18:25:00,231.2,231.225,231.2,231.225,2
2026-01-21T18:30:00,231.125,231.15,231.0,231.0,16
2026-01-21T18:35:00,230.95,230.95,230.75,230.825,29
2026-01-21T18:40:00,230.825,230.875,230.675,230.775,51
2026-01-21T18:45:00,230.75,230.85,230.75,230.8,35
2026-01-21T18:50:00,230.8,230.95,230.8,230.85,22
2026-01-21T18:55:00,230.875,230.95,230.8,230.825,489
2026-01-21T19:00:00,230.8,230.85,230.775,230.85,65
2026-01-22T14:30:00,230.6,231.15,230.475,231.05,160
2026-01-22T14:35:00,231.05,231.4,231.025,231.4,199
2026-01-22T14:40:00,231.375,231.525,230.675,231.075,191
2026-01-22T14:45:00,231.025,231.25,231.0,231.025,100
2026-01-22T14:50:00,231.0,231.2,230.875,231.0,201
2026-01-22T14:55:00,231.05,231.1,230.825,231.075,118
2026-01-22T15:00:00,231.075,231.35,230.875,231.3,104
2026-01-22T15:05:00,231.425,231.55,231.2,231.25,92
2026-01-22T15:10:00,231.35,231.525,231.2,231.225,81
2026-01-22T15:15:00,231.35,231.375,231.05,231.1,57
2026-01-22T15:20:00,231.075,231.4,231.025,231.35,66
2026-01-22T15:25:00,231.375,231.575,231.35,231.5,50
2026-01-22T15:30:00,231.475,231.525,231.2,231.2,24
2026-01-22T15:35:00,231.25,231.5,231.225,231.5,12
2026-01-22T15:40:00,231.5,231.55,231.375,231.4,10
2026-01-22T15:45:00,231.475,231.75,231.4,231.525,90
2026-01-22T15:50:00,231.6,231.65,231.25,231.25,34
2026-01-22T15:55:00,231.275,231.3,231.125,231.125,39
2026-01-22T16:00:00,231.025,231.175,231.025,231.175,24
2026-01-22T16:05:00,231.15,231.15,230.825,230.925,40
2026-01-22T16:10:00,231.025,231.075,230.925,230.925,12
2026-01-22T16:15:00,231.025,231.075,230.875,230.95,101
2026-01-22T16:20:00,231.0,231.15,230.975,231.05,38
2026-01-22T16:25:00,231.0,231.0,230.675,230.725,24
2026-01-22T16:30:00,230.75,230.925,230.75,230.85,15
2026-01-22T16:35:00,230.85,231.025,230.85,230.975,21
2026-01-22T16:40:00,230.95,230.975,230.725,230.825,18
2026-01-22T16:45:00,230.85,230.85,230.725,230.725,26
2026-01-22T16:50:00,230.7,230.725,230.7,230.725,2
2026-01-22T16:55:00,230.775,230.775,230.525,230.55,50
2026-01-22T17:00:00,230.575,230.875,230.575,230.7,23
2026-01-22T17:05:00,230.675,230.775,230.5,230.775,14
2026-01-22T17:10:00,230.875,230.875,230.775,230.825,30
2026-01-22T17:15:00,230.825,230.95,230.825,230.875,24
2026-01-22T17:20:00,230.9,230.975,230.875,230.875,10
2026-01-22T17:25:00,230.925,230.95,230.9,230.925,11
2026-01-22T17:30:00,230.95,230.95,230.825,230.875,9
2026-01-22T17:35:00,230.9,230.925,230.85,230.85,3
2026-01-22T17:40:00,231.0,231.225,230.975,231.1,31
2026-01-22T17:45:00,231.125,231.15,231.125,231.15,3
2026-01-22T17:50:00,231.1,231.125,231.1,231.1,8
2026-01-22T17:55:00,230.975,231.025,230.9,230.9,24
2026-01-22T18:00:00,230.875,231.0,230.875,230.925,20
2026-01-22T18:05:00,230.95,231.125,230.95,231.05,45
2026-01-22T18:10:00,231.0,231.125,231.0,231.025,21
2026-01-22T18:15:00,231.05,231.05,230.925,230.95,28
2026-01-22T18:20:00,230.95,231.0,230.825,231.0,19
2026-01-22T18:25:00,230.925,231.15,230.925,231.15,10
2026-01-22T18:30:00,231.2,231.225,231.175,231.175,13
2026-01-22T18:35:00,231.15,231.15,231.05,231.05,3
2026-01-22T18:40:00,231.025,231.075,230.95,231.025,13
2026-01-22T18:45:00,231.075,231.2,231.075,231.2,48
2026-01-22T18:50:00,231.175,231.2,231.1,231.125,16
2026-01-22T18:55:00,231.1,231.1,230.85,230.925,323
2026-01-22T19:00:00,230.925,231.05,230.875,230.9,62
2026-01-23T14:30:00,231.175,231.3,230.35,230.425,695
2026-01-23T14:35:00,230.4,230.525,230.35,230.45,63
2026-01-23T14:40:00,230.45,230.7,230.45,230.7,50
2026-01-23T14:45:00,230.725,230.725,230.25,230.275,81
2026-01-23T14:50:00,230.325,230.725,230.275,230.575,56
2026-01-23T14:55:00,230.425,230.475,229.2,229.4,212
2026-01-23T15:00:00,229.425,229.5,228.95,229.125,327
2026-01-23T15:05:00,229.125,229.65,229.075,229.425,235
2026-01-23T15:10:00,229.4,229.775,228.925,229.05,345
2026-01-23T15:15:00,229.075,229.6,229.0,229.575,176
2026-01-23T15:20:00,229.475,229.75,229.25,229.325,79
2026-01-23T15:25:00,229.275,229.7,229.05,229.6,57
2026-01-23T15:30:00,229.625,229.725,229.5,229.725,55
2026-01-23T15:35:00,229.825,230.3,229.825,230.15,129
2026-01-23T15:40:00,230.3,230.7,230.3,230.4,88
2026-01-23T15:45:00,230.425,231.0,230.425,230.75,265
2026-01-23T15:50:00,230.75,231.125,230.675,231.05,146
2026-01-23T15:55:00,231.1,231.45,231.0,231.35,129
2026-01-23T16:00:00,231.35,232.0,231.3,231.95,201
2026-01-23T16:05:00,232.0,232.325,231.925,232.325,153
2026-01-23T16:10:00,232.275,232.325,231.95,232.175,57
2026-01-23T16:15:00,232.1,232.9,232.1,232.625,110
2026-01-23T16:20:00,232.55,232.7,232.275,232.525,77
2026-01-23T16:25:00,232.5,232.6,232.3,232.4,58
2026-01-23T16:30:00,232.425,232.625,232.3,232.575,41
2026-01-23T16:35:00,232.575,232.925,232.575,232.8,69
2026-01-23T16:40:00,232.825,233.55,232.825,233.525,161
2026-01-23T16:45:00,233.5,233.6,233.375,233.475,67
2026-01-23T16:50:00,233.5,233.8,233.5,233.525,92
2026-01-23T16:55:00,233.45,233.575,233.425,233.475,22
2026-01-23T17:00:00,233.4,233.4,232.725,232.775,119
2026-01-23T17:05:00,232.975,233.45,232.95,233.275,78
2026-01-23T17:10:00,233.325,233.425,233.175,233.375,58
2026-01-23T17:15:00,233.45,233.45,233.175,233.275,34
2026-01-23T17:20:00,233.275,233.275,233.075,233.175,18
2026-01-23T17:25:00,233.175,233.35,233.075,233.35,29
2026-01-23T17:30:00,233.375,233.525,233.35,233.475,51
2026-01-23T17:35:00,233.4,233.4,232.675,232.725,300
2026-01-23T17:40:00,232.775,233.0,232.6,232.875,136
2026-01-23T17:45:00,232.875,232.875,232.575,232.65,98
2026-01-23T17:50:00,232.7,232.85,232.575,232.65,130
2026-01-23T17:55:00,232.65,232.7,232.35,232.425,100
2026-01-23T18:00:00,232.525,232.825,232.525,232.675,31
2026-01-23T18:05:00,232.75,232.75,232.6,232.725,11
2026-01-23T18:10:00,232.675,232.675,232.5,232.6,10
2026-01-23T18:15:00,232.6,232.725,232.575,232.65,16
2026-01-23T18:20:00,232.625,232.625,232.55,232.625,10
2026-01-23T18:25:00,232.7,232.9,232.625,232.8,26
2026-01-23T18:30:00,232.75,232.775,232.675,232.775,27
2026-01-23T18:35:00,232.75,232.75,232.625,232.675,21
2026-01-23T18:40:00,232.65,232.75,232.6,232.75,13
2026-01-23T18:45:00,232.75,232.875,232.7,232.75,81
2026-01-23T18:50:00,232.75,232.775,232.4,232.475,51
2026-01-23T18:55:00,232.475,232.575,232.4,232.525,331
2026-01-23T19:00:00,232.5,232.575,232.375,232.55,166
2026-01-26T14:30:00,232.725,233.125,232.375,232.9,400
2026-01-26T14:35:00,232.9,232.95,232.525,232.6,311
2026-01-26T14:40:00,232.65,232.95,232.65,232.775,137
2026-01-26T14:45:00,232.8,233.35,232.775,233.35,164
2026-01-26T14:50:00,233.275,233.6,233.225,233.575,209
2026-01-26T14:55:00,233.5,233.55,233.3,233.325,133
2026-01-26T15:00:00,233.35,233.85,233.35,233.825,155
2026-01-26T15:05:00,233.9,233.975,233.35,233.375,145
2026-01-26T15:10:00,233.65,233.775,233.2,233.2,148
2026-01-26T15:15:00,233.25,233.45,233.2,233.3,15
2026-01-26T15:20:00,233.15,233.25,232.9,233.2,51
2026-01-26T15:25:00,233.125,233.3,233.125,233.3,10
2026-01-26T15:30:00,233.425,233.525,233.3,233.45,71
2026-01-26T15:35:00,233.475,233.525,233.35,233.5,33
2026-01-26T15:40:00,233.375,233.45,233.35,233.375,9
2026-01-26T15:45:00,233.5,233.65,233.5,233.625,28
2026-01-26T15:50:00,233.425,233.45,233.15,233.325,31
2026-01-26T15:55:00,233.375,233.575,233.375,233.425,35
2026-01-26T16:00:00,233.425,233.425,233.225,233.325,12
2026-01-26T16:05:00,233.3,233.5,232.975,233.075,22
2026-01-26T16:10:00,233.1,233.1,232.7,233.05,164
2026-01-26T16:15:00,233.15,233.175,232.9,232.9,15
2026-01-26T16:20:00,232.95,232.95,232.375,232.475,281
2026-01-26T16:25:00,232.5,232.65,232.475,232.525,24
2026-01-26T16:30:00,232.5,232.6,232.475,232.525,21
2026-01-26T16:35:00,232.525,232.9,232.375,232.8,41
2026-01-26T16:40:00,232.825,232.925,232.7,232.925,12
2026-01-26T16:45:00,232.85,233.15,232.85,233.125,28
2026-01-26T16:50:00,233.175,233.525,233.175,233.45,130
2026-01-26T16:55:00,233.4,233.575,233.4,233.475,98
2026-01-26T17:00:00,233.4,233.45,233.0,233.125,71
2026-01-26T17:05:00,233.075,233.075,233.075,233.075,2
2026-01-26T17:10:00,232.725,232.8,232.475,232.475,195
2026-01-26T17:15:00,232.55,232.725,232.55,232.675,36
2026-01-26T17:20:00,232.675,232.775,232.6,232.6,7
2026-01-26T17:25:00,232.8,233.075,232.8,233.05,35
2026-01-26T17:30:00,232.825,232.875,232.825,232.85,8
2026-01-26T17:35:00,232.9,233.05,232.9,233.025,20
2026-01-26T17:40:00,233.025,233.125,233.025,233.125,7
2026-01-26T17:45:00,233.175,233.175,233.0,233.025,8
2026-01-26T17:50:00,233.025,233.1,233.0,233.025,14
2026-01-26T17:55:00,233.0,233.125,233.0,233.025,10
2026-01-26T18:00:00,233.125,233.225,233.125,233.225,11
2026-01-26T18:05:00,233.225,233.45,233.225,233.325,39
2026-01-26T18:10:00,233.3,233.375,233.3,233.3,9
2026-01-26T18:15:00,233.4,233.4,233.325,233.325,3
2026-01-26T18:20:00,233.45,233.55,233.45,233.525,7
2026-01-26T18:25:00,233.475,233.5,233.45,233.45,16
2026-01-26T18:30:00,233.525,233.675,233.525,233.675,16
2026-01-26T18:35:00,233.675,233.675,233.6,233.6,6
2026-01-26T18:40:00,233.5,233.575,233.5,233.575,4
2026-01-26T18:45:00,233.6,233.75,233.6,233.7,61
2026-01-26T18:50:00,233.725,233.95,233.675,233.775,147
2026-01-26T18:55:00,233.75,233.8,233.5,233.675,207
2026-01-26T19:00:00,233.7,233.75,233.575,233.575,62
2026-01-27T14:30:00,233.275,233.775,233.275,233.675,289
2026-01-27T14:35:00,233.725,233.75,233.4,233.7,73
2026-01-27T14:40:00,233.675,233.75,233.2,233.325,84
2026-01-27T14:45:00,233.375,233.4,233.225,233.25,26
2026-01-27T14:50:00,233.2,233.35,233.175,233.225,62
2026-01-27T14:55:00,233.15,233.25,233.025,233.25,60
2026-01-27T15:00:00,233.25,233.325,233.15,233.15,79
2026-01-27T15:05:00,233.2,233.475,233.125,233.45,48
2026-01-27T15:10:00,233.425,233.5,233.125,233.225,67
2026-01-27T15:15:00,233.175,233.425,233.15,233.425,25
2026-01-27T15:20:00,233.45,233.45,233.2,233.275,41
2026-01-27T15:25:00,233.325,233.325,233.0,233.05,69
2026-01-27T15:30:00,233.075,233.2,233.05,233.1,70
2026-01-27T15:35:00,233.15,233.15,232.5,232.775,154
2026-01-27T15:40:00,232.675,232.925,232.325,232.4,127
2026-01-27T15:45:00,232.375,232.45,232.125,232.35,193
2026-01-27T15:50:00,232.4,232.7,232.4,232.575,69
2026-01-27T15:55:00,232.575,232.65,232.55,232.65,12
2026-01-27T16:00:00,232.675,233.15,232.65,232.95,58
2026-01-27T16:05:00,233.0,233.15,232.95,233.0,30
2026-01-27T16:10:00,233.1,233.325,233.025,233.275,59
2026-01-27T16:15:00,233.15,233.15,233.025,233.075,40
2026-01-27T16:20:00,233.025,233.125,232.975,232.975,19
2026-01-27T16:25:00,232.9,233.275,232.85,233.275,54
2026-01-27T16:30:00,233.3,233.3,233.05,233.125,18
2026-01-27T16:35:00,233.05,233.2,233.0,233.175,38
2026-01-27T16:40:00,233.2,233.525,233.175,233.5,35
2026-01-27T16:45:00,233.525,233.725,233.4,233.625,116
2026-01-27T16:50:00,233.65,233.75,233.6,233.6,63
2026-01-27T16:55:00,233.475,233.6,233.475,233.55,45
2026-01-27T17:00:00,233.45,233.65,233.45,233.575,30
2026-01-27T17:05:00,233.575,233.625,233.375,233.425,33
2026-01-27T17:10:00,233.425,233.55,233.275,233.35,31
2026-01-27T17:15:00,233.4,233.475,233.3,233.425,69
2026-01-27T17:20:00,233.4,233.45,233.4,233.4,10
2026-01-27T17:25:00,233.25,233.325,233.225,233.3,12
2026-01-27T17:30:00,233.225,233.225,233.175,233.175,15
2026-01-27T17:35:00,233.125,233.3,233.125,233.3,31
2026-01-27T17:40:00,233.325,233.425,233.325,233.375,34
2026-01-27T17:45:00,233.325,233.35,233.275,233.35,5
2026-01-27T17:50:00,233.325,233.325,233.3,233.3,4
2026-01-27T17:55:00,233.275,233.275,233.175,233.175,14
2026-01-27T18:00:00,233.15,233.25,232.975,233.175,53
2026-01-27T18:05:00,233.1,233.1,232.775,232.925,117
2026-01-27T18:10:00,232.875,232.975,232.85,232.9,17
2026-01-27T18:15:00,232.9,233.15,232.9,233.1,11
2026-01-27T18:20:00,233.0,233.075,233.0,233.05,15
2026-01-27T18:25:00,233.1,233.15,233.075,233.15,24
2026-01-27T18:30:00,233.15,233.325,233.15,233.275,43
2026-01-27T18:35:00,233.25,233.3,233.25,233.275,12
2026-01-27T18:40:00,233.275,233.325,233.15,233.175,19
2026-01-27T18:45:00,233.2,233.225,233.15,233.2,40
2026-01-27T18:50:00,233.175,233.175,232.925,232.95,48
2026-01-27T18:55:00,232.95,233.3,232.925,233.275,194
2026-01-27T19:00:00,233.275,233.325,233.2,233.25,47
2026-01-28T14:30:00,232.8,233.125,232.525,232.9,348
2026-01-28T14:35:00,232.825,233.025,232.6,232.725,64
2026-01-28T14:40:00,232.725,233.3,232.6,233.275,45
2026-01-28T14:45:00,233.225,233.25,232.875,233.125,173
2026-01-28T14:50:00,233.125,233.175,232.95,233.075,19
2026-01-28T14:55:00,232.95,232.975,232.5,232.575,78
2026-01-28T15:00:00,232.55,232.7,232.5,232.575,25
2026-01-28T15:05:00,232.5,232.625,232.025,232.025,160
2026-01-28T15:10:00,232.15,232.2,231.6,231.925,379
2026-01-28T15:15:00,231.925,232.525,231.825,232.4,234
2026-01-28T15:20:00,232.4,232.9,232.35,232.7,249
2026-01-28T15:25:00,232.7,233.075,232.65,233.025,44
2026-01-28T15:30:00,233.025,233.05,232.85,233.0,80
2026-01-28T15:35:00,232.925,232.95,232.675,232.825,29
2026-01-28T15:40:00,232.8,233.025,232.75,233.025,15
2026-01-28T15:45:00,233.075,233.1,232.9,233.075,31
2026-01-28T15:50:00,232.875,232.875,232.575,232.775,7
2026-01-28T15:55:00,232.725,232.825,232.675,232.675,67
2026-01-28T16:00:00,232.75,232.975,232.75,232.8,31
2026-01-28T16:05:00,232.675,232.8,232.675,232.775,9
2026-01-28T16:10:00,232.875,232.875,232.725,232.825,8
2026-01-28T16:15:00,232.825,233.05,232.75,233.05,47
2026-01-28T16:20:00,233.025,233.7,233.025,233.5,293
2026-01-28T16:25:00,233.6,234.1,233.5,234.075,236
2026-01-28T16:30:00,234.15,234.45,233.975,234.0,290
2026-01-28T16:35:00,233.875,234.1,233.875,234.1,152
2026-01-28T16:40:00,234.075,234.35,234.0,234.35,96
2026-01-28T16:45:00,234.375,234.4,234.1,234.125,191
2026-01-28T16:50:00,234.2,234.25,234.025,234.125,50
2026-01-28T16:55:00,234.125,234.25,234.075,234.175,58
2026-01-28T17:00:00,234.25,234.3,234.125,234.125,69
2026-01-28T17:05:00,234.15,234.25,233.975,234.125,111
2026-01-28T17:10:00,234.15,234.2,234.05,234.05,44
2026-01-28T17:15:00,234.0,234.0,233.65,233.725,56
2026-01-28T17:20:00,233.75,233.85,233.75,233.825,6
2026-01-28T17:25:00,233.875,233.9,233.775,233.775,107
2026-01-28T17:30:00,233.8,233.875,233.675,233.7,165
2026-01-28T17:35:00,233.7,234.325,233.7,234.15,272
2026-01-28T17:40:00,234.15,234.15,234.075,234.1,40
2026-01-28T17:45:00,234.0,234.0,233.95,233.95,8
2026-01-28T17:50:00,233.95,233.95,233.875,233.875,22
2026-01-28T17:55:00,234.05,234.15,233.975,234.075,50
2026-01-28T18:00:00,234.025,234.075,233.95,234.05,15
2026-01-28T18:05:00,234.05,234.25,234.0,234.15,143
2026-01-28T18:10:00,234.175,234.175,234.075,234.075,4
2026-01-28T18:15:00,234.1,234.3,234.1,234.3,36
2026-01-28T18:20:00,234.275,234.3,234.125,234.275,41
2026-01-28T18:25:00,234.225,234.275,234.175,234.25,27
2026-01-28T18:30:00,234.325,234.7,234.25,234.5,105
2026-01-28T18:35:00,234.45,234.575,234.425,234.55,29
2026-01-28T18:40:00,234.625,234.7,234.475,234.475,69
2026-01-28T18:45:00,234.5,234.6,234.5,234.525,45
2026-01-28T18:50:00,234.55,234.575,234.375,234.4,60
2026-01-28T18:55:00,234.4,234.5,234.325,234.475,175
2026-01-28T19:00:00,234.475,234.475,234.25,234.325,49
2026-01-29T14:30:00,234.475,235.25,234.4,235.125,762
2026-01-29T14:35:00,235.05,235.15,234.9,235.15,96
2026-01-29T14:40:00,235.225,235.35,234.825,235.075,178
2026-01-29T14:45:00,235.025,235.125,234.75,235.075,86
2026-01-29T14:50:00,235.075,235.1,234.45,234.525,33
2026-01-29T14:55:00,234.475,234.6,234.175,234.5,286
2026-01-29T15:00:00,234.325,234.55,234.325,234.475,95
2026-01-29T15:05:00,234.475,234.625,234.2,234.3,47
2026-01-29T15:10:00,234.325,234.45,234.2,234.2,50
2026-01-29T15:15:00,234.175,234.3,234.05,234.15,61
2026-01-29T15:20:00,234.075,234.2,234.05,234.1,55
2026-01-29T15:25:00,234.175,234.175,233.85,233.975,121
2026-01-29T15:30:00,233.95,233.95,233.7,233.75,78
2026-01-29T15:35:00,233.725,233.95,233.675,233.725,88
2026-01-29T15:40:00,233.675,233.725,233.55,233.6,47
2026-01-29T15:45:00,233.65,233.675,233.475,233.675,107
2026-01-29T15:50:00,233.675,234.0,233.625,233.975,40
2026-01-29T15:55:00,233.9,233.9,233.725,233.825,77
2026-01-29T16:00:00,233.85,233.925,233.8,233.8,20
2026-01-29T16:05:00,233.775,233.775,233.375,233.7,139
2026-01-29T16:10:00,233.75,233.95,233.75,233.775,76
2026-01-29T16:15:00,233.85,234.025,233.825,234.025,28
2026-01-29T16:20:00,234.1,234.175,233.975,234.175,44
2026-01-29T16:25:00,234.1,234.375,234.0,234.225,59
2026-01-29T16:30:00,234.2,234.35,234.2,234.325,34
2026-01-29T16:35:00,234.2,234.25,233.825,233.975,91
2026-01-29T16:40:00,233.95,234.025,233.925,234.025,10
2026-01-29T16:45:00,234.05,234.1,233.975,234.0,13
2026-01-29T16:50:00,234.075,234.075,233.85,233.95,21
2026-01-29T16:55:00,233.95,233.975,233.9,233.925,16
2026-01-29T17:00:00,233.95,234.0,233.925,233.925,17
2026-01-29T17:05:00,233.9,234.025,233.9,233.925,30
2026-01-29T17:10:00,233.975,234.125,233.95,234.075,85
2026-01-29T17:15:00,234.075,234.15,234.025,234.025,31
2026-01-29T17:20:00,234.075,234.075,233.925,234.025,12
2026-01-29T17:25:00,234.0,234.0,233.95,233.95,5
2026-01-29T17:30:00,233.925,233.975,233.775,233.825,53
2026-01-29T17:35:00,233.925,233.925,233.875,233.875,11
2026-01-29T17:40:00,233.85,234.0,233.85,234.0,21
2026-01-29T17:45:00,233.925,233.95,233.875,233.9,27
2026-01-29T17:50:00,233.925,233.925,233.775,233.8,31
2026-01-29T17:55:00,233.8,233.825,233.6,233.625,69
2026-01-29T18:00:00,233.65,233.725,233.45,233.575,88
2026-01-29T18:05:00,233.6,233.675,233.575,233.65,22
2026-01-29T18:10:00,233.675,233.675,233.55,233.575,21
2026-01-29T18:15:00,233.575,233.625,233.475,233.575,35
2026-01-29T18:20:00,233.6,233.675,233.55,233.625,37
2026-01-29T18:25:00,233.65,233.65,233.55,233.6,26
2026-01-29T18:30:00,233.6,233.6,233.475,233.5,52
2026-01-29T18:35:00,233.55,233.55,233.45,233.525,32
2026-01-29T18:40:00,233.525,233.575,233.175,233.225,82
2026-01-29T18:45:00,233.25,233.25,233.1,233.15,81
2026-01-29T18:50:00,233.2,233.375,233.175,233.275,84
2026-01-29T18:55:00,233.3,233.35,233.2,233.3,380
2026-01-29T19:00:00,233.35,233.35,233.225,233.3,87
2026-01-30T14:30:00,233.5,233.55,232.025,232.625,454
2026-01-30T14:35:00,232.575,233.1,232.575,232.95,75
2026-01-30T14:40:00,232.85,232.85,232.55,232.7,81
2026-01-30T14:45:00,232.625,233.1,232.55,233.0,87
2026-01-30T14:50:00,232.875,233.425,232.875,233.05,103
2026-01-30T14:55:00,233.125,233.35,233.075,233.3,26
2026-01-30T15:00:00,233.325,233.525,233.025,233.15,31
2026-01-30T15:05:00,233.15,233.425,233.025,233.175,64
2026-01-30T15:10:00,233.225,233.375,233.05,233.175,26
2026-01-30T15:15:00,233.2,233.2,233.025,233.025,14
2026-01-30T15:20:00,233.05,233.125,232.625,232.625,51
2026-01-30T15:25:00,232.7,232.75,232.225,232.275,71
2026-01-30T15:30:00,232.3,232.5,232.1,232.275,55
2026-01-30T15:35:00,232.3,232.5,232.175,232.475,49
2026-01-30T15:40:00,232.55,232.725,232.35,232.725,67
2026-01-30T15:45:00,232.85,233.425,232.85,233.325,147
2026-01-30T15:50:00,233.35,234.125,233.35,234.1,228
2026-01-30T15:55:00,234.125,234.35,233.95,234.225,210
2026-01-30T16:00:00,234.15,234.575,233.975,234.5,298
2026-01-30T16:05:00,234.55,234.7,234.375,234.7,289
2026-01-30T16:10:00,234.725,234.8,234.425,234.625,164
2026-01-30T16:15:00,234.65,234.8,234.45,234.75,136
2026-01-30T16:20:00,234.725,234.8,234.675,234.8,129
2026-01-30T16:25:00,234.775,234.925,234.75,234.825,156
2026-01-30T16:30:00,234.85,234.95,234.675,234.725,162
2026-01-30T16:35:00,234.725,234.75,234.4,234.4,162
2026-01-30T16:40:00,234.3,234.4,233.75,233.75,195
2026-01-30T16:45:00,233.7,233.95,233.2,233.75,237
2026-01-30T16:50:00,233.65,233.75,233.45,233.45,58
2026-01-30T16:55:00,233.8,233.825,233.425,233.525,87
2026-01-30T17:00:00,233.575,233.575,232.75,232.75,117
2026-01-30T17:05:00,232.875,233.05,232.625,232.875,132
2026-01-30T17:10:00,232.825,232.975,232.475,232.575,174
2026-01-30T17:15:00,232.5,232.925,232.475,232.65,87
2026-01-30T17:20:00,232.825,232.85,232.55,232.7,21
2026-01-30T17:25:00,232.75,232.95,232.625,232.675,76
2026-01-30T17:30:00,232.65,232.7,231.5,231.8,328
2026-01-30T17:35:00,231.875,232.0,231.325,231.375,229
2026-01-30T17:40:00,231.4,231.9,231.25,231.85,423
2026-01-30T17:45:00,231.825,231.95,231.6,231.95,198
2026-01-30T17:50:00,231.875,232.475,231.825,232.425,185
2026-01-30T17:55:00,232.4,232.675,232.35,232.425,117
2026-01-30T18:00:00,232.325,232.375,231.7,231.95,86
2026-01-30T18:05:00,231.95,231.95,231.725,231.775,55
2026-01-30T18:10:00,231.7,231.7,231.425,231.475,37
2026-01-30T18:15:00,231.425,231.475,231.2,231.225,182
2026-01-30T18:20:00,231.25,231.375,231.075,231.375,128
2026-01-30T18:25:00,231.475,231.775,231.35,231.7,182
2026-01-30T18:30:00,231.5,231.6,231.375,231.55,29
2026-01-30T18:35:00,231.475,231.475,231.275,231.275,19
2026-01-30T18:40:00,231.25,231.6,231.225,231.55,60
2026-01-30T18:45:00,231.55,231.7,231.55,231.625,45
2026-01-30T18:50:00,231.6,231.925,231.6,231.7,69
2026-01-30T18:55:00,231.8,231.95,231.55,231.825,542
2026-01-30T19:00:00,231.825,232.0,231.625,231.65,164
2026-02-02T14:30:00,232.875,234.55,232.875,234.25,933
2026-02-02T14:35:00,234.25,234.725,234.2,234.65,510
2026-02-02T14:40:00,234.6,234.925,234.5,234.875,151
2026-02-02T14:45:00,234.825,234.925,234.7,234.825,176
2026-02-02T14:50:00,234.9,234.975,234.725,234.875,122
2026-02-02T14:55:00,234.875,234.925,234.775,234.875,102
2026-02-02T15:00:00,234.875,235.325,234.575,235.2,359
2026-02-02T15:05:00,235.225,235.45,235.175,235.25,440
2026-02-02T15:10:00,235.325,235.425,235.15,235.275,131
2026-02-02T15:15:00,235.275,235.475,235.15,235.4,125
2026-02-02T15:20:00,235.25,235.45,235.25,235.325,61
2026-02-02T15:25:00,235.35,235.525,235.15,235.35,111
2026-02-02T15:30:00,235.275,235.3,235.05,235.15,156
2026-02-02T15:35:00,235.2,235.25,235.05,235.15,136
2026-02-02T15:40:00,235.15,235.15,234.875,234.875,58
2026-02-02T15:45:00,234.875,234.875,234.325,234.5,107
2026-02-02T15:50:00,234.475,235.05,234.45,234.75,81
2026-02-02T15:55:00,234.75,234.75,234.325,234.375,60
2026-02-02T16:00:00,234.3,234.5,234.3,234.475,101
2026-02-02T16:05:00,234.5,234.5,234.225,234.325,37
2026-02-02T16:10:00,234.35,234.775,234.35,234.775,90
2026-02-02T16:15:00,234.775,234.9,234.625,234.725,91
2026-02-02T16:20:00,234.725,234.75,234.5,234.525,56
2026-02-02T16:25:00,234.55,234.6,234.275,234.475,133
2026-02-02T16:30:00,234.475,234.625,234.35,234.375,50
2026-02-02T16:35:00,234.375,234.5,234.35,234.425,72
2026-02-02T16:40:00,234.425,234.425,234.3,234.325,79
2026-02-02T16:45:00,234.3,234.45,234.3,234.45,42
2026-02-02T16:50:00,234.475,234.55,234.35,234.35,104
2026-02-02T16:55:00,234.325,234.725,234.0,234.675,202
2026-02-02T17:00:00,234.7,234.7,234.35,234.475,116
2026-02-02T17:05:00,234.525,234.825,234.525,234.775,56
2026-02-02T17:10:00,234.775,235.125,234.75,235.025,72
2026-02-02T17:15:00,235.05,235.15,234.95,235.15,16
2026-02-02T17:20:00,235.15,235.25,235.125,235.225,48
2026-02-02T17:25:00,235.2,235.225,235.075,235.225,40
2026-02-02T17:30:00,235.25,235.25,235.0,235.025,64
2026-02-02T17:35:00,235.075,235.125,235.025,235.1,29
2026-02-02T17:40:00,235.05,235.1,234.95,235.1,32
2026-02-02T17:45:00,235.1,235.1,234.95,234.975,47
2026-02-02T17:50:00,235.075,235.175,235.05,235.125,26
2026-02-02T17:55:00,235.1,235.2,235.1,235.125,23
2026-02-02T18:00:00,235.1,235.1,235.0,235.1,50
2026-02-02T18:05:00,235.1,235.1,235.025,235.025,32
2026-02-02T18:10:00,235.025,235.1,234.95,234.95,24
2026-02-02T18:15:00,234.925,234.95,234.825,234.95,25
2026-02-02T18:20:00,234.95,235.15,234.95,235.0,157
2026-02-02T18:25:00,235.025,235.125,234.95,234.975,23
2026-02-02T18:30:00,234.925,235.15,234.925,235.075,41
2026-02-02T18:35:00,235.125,235.15,234.75,234.875,72
2026-02-02T18:40:00,234.95,235.0,234.925,234.925,18
2026-02-02T18:45:00,234.95,234.95,234.85,234.9,38
2026-02-02T18:50:00,234.9,234.9,234.55,234.625,51
2026-02-02T18:55:00,234.675,234.675,234.125,234.2,427
2026-02-02T19:00:00,234.175,234.275,234.05,234.225,349
2026-02-03T14:30:00,234.6,235.05,234.125,234.375,195
2026-02-03T14:35:00,234.425,234.475,233.625,233.675,235
2026-02-03T14:40:00,233.725,234.45,233.725,233.875,285
2026-02-03T14:45:00,233.875,234.025,233.75,233.925,108
2026-02-03T14:50:00,233.8,234.7,233.8,234.175,214
2026-02-03T14:55:00,234.175,234.25,233.9,234.0,48
2026-02-03T15:00:00,234.025,234.1,233.65,233.725,99
2026-02-03T15:05:00,233.75,234.175,233.5,233.7,228
2026-02-03T15:10:00,233.8,233.975,233.675,233.8,60
2026-02-03T15:15:00,233.825,233.925,233.75,233.925,24
2026-02-03T15:20:00,234.0,234.2,233.85,234.025,125
2026-02-03T15:25:00,234.1,234.25,234.025,234.05,33
2026-02-03T15:30:00,234.075,234.25,233.875,234.125,23
2026-02-03T15:35:00,234.075,234.275,234.075,234.15,32
2026-02-03T15:40:00,234.2,234.375,234.175,234.2,39
2026-02-03T15:45:00,234.2,234.275,234.125,234.2,20
2026-02-03T15:50:00,234.2,234.25,234.125,234.25,16
2026-02-03T15:55:00,234.225,234.3,234.2,234.3,13
2026-02-03T16:00:00,234.35,234.375,234.275,234.3,33
2026-02-03T16:05:00,234.275,234.45,234.2,234.4,62
2026-02-03T16:10:00,234.45,234.625,234.325,234.575,72
2026-02-03T16:15:00,234.625,234.975,234.525,234.9,213
2026-02-03T16:20:00,234.875,235.075,234.775,234.8,88
2026-02-03T16:25:00,234.725,235.025,234.725,234.925,219
2026-02-03T16:30:00,234.9,235.05,234.85,234.95,40
2026-02-03T16:35:00,234.95,235.225,234.9,235.225,42
2026-02-03T16:40:00,235.2,235.3,234.925,234.95,120
2026-02-03T16:45:00,234.975,235.2,234.975,235.2,26
2026-02-03T16:50:00,235.175,235.55,235.125,235.475,101
2026-02-03T16:55:00,235.425,235.475,235.375,235.45,24
2026-02-03T17:00:00,235.45,235.6,235.425,235.575,74
2026-02-03T17:05:00,235.6,235.675,235.55,235.625,55
2026-02-03T17:10:00,235.625,235.8,235.525,235.7,101
2026-02-03T17:15:00,235.6,235.95,235.6,235.825,47
2026-02-03T17:20:00,235.85,235.9,235.825,235.85,50
2026-02-03T17:25:00,235.825,235.925,235.775,235.825,13
2026-02-03T17:30:00,235.85,236.025,235.825,235.975,115
2026-02-03T17:35:00,235.95,236.025,235.95,236.0,39
2026-02-03T17:40:00,235.975,236.05,235.9,235.925,98
2026-02-03T17:45:00,235.925,236.2,235.9,236.125,136
2026-02-03T17:50:00,236.075,236.225,236.0,236.0,39
2026-02-03T17:55:00,235.95,236.0,235.725,235.9,86
2026-02-03T18:00:00,236.0,236.15,235.975,236.075,52
2026-02-03T18:05:00,236.075,236.075,236.0,236.0,11
2026-02-03T18:10:00,235.975,236.3,235.925,236.2,290
2026-02-03T18:15:00,236.2,236.4,236.15,236.3,253
2026-02-03T18:20:00,236.275,236.3,236.15,236.15,29
2026-02-03T18:25:00,236.125,236.125,235.875,236.075,51
2026-02-03T18:30:00,236.05,236.275,236.05,236.175,78
2026-02-03T18:35:00,236.15,236.5,236.1,236.175,242
2026-02-03T18:40:00,236.3,236.6,236.25,236.525,192
2026-02-03T18:45:00,236.625,236.7,236.45,236.625,209
2026-02-03T18:50:00,236.65,236.75,236.625,236.725,171
2026-02-03T18:55:00,236.75,236.75,236.55,236.6,295
2026-02-03T19:00:00,236.575,236.775,236.575,236.75,257
2026-02-04T14:30:00,236.775,237.25,236.45,237.025,429
2026-02-04T14:35:00,237.125,237.225,236.85,237.05,188
2026-02-04T14:40:00,237.075,237.325,237.075,237.2,112
2026-02-04T14:45:00,237.25,238.225,237.075,238.075,522
2026-02-04T14:50:00,238.1,238.35,237.95,237.95,529
2026-02-04T14:55:00,238.05,238.05,237.8,237.9,69
2026-02-04T15:00:00,237.825,238.25,237.8,238.175,183
2026-02-04T15:05:00,238.2,238.225,238.0,238.1,146
2026-02-04T15:10:00,238.15,238.375,238.0,238.3,293
2026-02-04T15:15:00,238.3,238.45,238.3,238.375,212
2026-02-04T15:20:00,238.375,238.55,238.325,238.475,106
2026-02-04T15:25:00,238.475,238.8,238.475,238.8,255
2026-02-04T15:30:00,238.8,239.1,238.675,238.8,202
2026-02-04T15:35:00,238.7,238.925,238.625,238.675,128
2026-02-04T15:40:00,238.775,239.325,238.775,239.25,202
2026-02-04T15:45:00,239.35,239.375,238.85,238.9,340
2026-02-04T15:50:00,238.85,238.875,238.55,238.65,262
2026-02-04T15:55:00,238.65,238.85,238.2,238.25,229
2026-02-04T16:00:00,238.275,238.65,238.125,238.65,207
2026-02-04T16:05:00,238.7,238.8,238.4,238.4,33
2026-02-04T16:10:00,238.475,238.475,238.1,238.15,122
2026-02-04T16:15:00,238.15,238.15,237.425,237.6,258
2026-02-04T16:20:00,237.55,237.675,237.325,237.65,76
2026-02-04T16:25:00,237.625,238.0,237.575,237.95,85
2026-02-04T16:30:00,237.975,238.0,237.575,237.675,73
2026-02-04T16:35:00,237.75,237.975,237.675,237.925,65
2026-02-04T16:40:00,237.9,238.125,237.875,238.125,41
2026-02-04T16:45:00,238.025,238.075,237.775,237.9,66
2026-02-04T16:50:00,237.95,237.95,237.7,237.925,54
2026-02-04T16:55:00,237.975,238.1,237.95,237.975,26
2026-02-04T17:00:00,237.925,237.975,237.85,237.95,23
2026-02-04T17:05:00,237.95,238.0,237.825,237.9,34
2026-02-04T17:10:00,237.9,237.925,237.875,237.925,10
2026-02-04T17:15:00,237.975,237.975,237.675,237.675,37
2026-02-04T17:20:00,237.825,237.825,237.45,237.65,52
2026-02-04T17:25:00,237.575,237.675,237.3,237.35,55
2026-02-04T17:30:00,237.35,237.65,237.3,237.65,58
2026-02-04T17:35:00,237.575,237.6,237.375,237.375,51
2026-02-04T17:40:00,237.325,237.475,237.275,237.425,34
2026-02-04T17:45:00,237.4,237.5,237.325,237.325,44
2026-02-04T17:50:00,237.4,237.6,237.375,237.525,56
2026-02-04T17:55:00,237.525,237.6,237.475,237.5,11
2026-02-04T18:00:00,237.55,237.55,236.875,237.1,118
2026-02-04T18:05:00,237.1,237.3,237.025,237.25,42
2026-02-04T18:10:00,237.2,237.325,237.2,237.325,25
2026-02-04T18:15:00,237.25,237.25,237.0,237.175,77
2026-02-04T18:20:00,237.15,237.375,237.15,237.275,21
2026-02-04T18:25:00,237.3,237.575,237.3,237.525,14
2026-02-04T18:30:00,237.325,237.325,237.1,237.1,41
2026-02-04T18:35:00,237.2,237.225,237.1,237.175,52
2026-02-04T18:40:00,237.2,237.225,237.0,237.075,150
2026-02-04T18:45:00,237.075,237.125,236.95,237.1,96
2026-02-04T18:50:00,237.1,237.1,236.875,237.025,47
2026-02-04T18:55:00,237.025,237.35,237.0,237.225,409
2026-02-04T19:00:00,237.225,237.25,237.075,237.1,62
2026-02-05T14:30:00,235.675,235.95,229.975,235.0,2138
2026-02-05T14:35:00,234.925,235.375,233.65,234.2,470
2026-02-05T14:40:00,234.525,235.275,234.275,234.75,322
2026-02-05T14:45:00,234.75,234.925,234.05,234.3,346
2026-02-05T14:50:00,234.225,234.425,233.375,233.45,199
2026-02-05T14:55:00,233.45,234.6,233.175,234.45,206
2026-02-05T15:00:00,234.475,234.85,234.45,234.525,223
2026-02-05T15:05:00,234.5,234.875,234.35,234.825,62
2026-02-05T15:10:00,234.775,234.775,233.65,233.65,69
2026-02-05T15:15:00,233.625,234.15,233.625,233.85,54
2026-02-05T15:20:00,233.875,233.9,233.525,233.6,63
2026-02-05T15:25:00,233.625,233.7,232.85,233.075,78
2026-02-05T15:30:00,232.95,233.3,232.75,233.075,180
2026-02-05T15:35:00,233.125,233.6,233.125,233.5,294
2026-02-05T15:40:00,233.375,234.025,233.35,233.925,226
2026-02-05T15:45:00,233.8,233.8,233.45,233.575,29
2026-02-05T15:50:00,233.525,233.75,233.525,233.675,16
2026-02-05T15:55:00,233.675,233.875,233.575,233.575,61
2026-02-05T16:00:00,233.575,233.725,233.35,233.5,112
2026-02-05T16:05:00,233.525,234.325,233.45,234.2,117
2026-02-05T16:10:00,234.325,234.45,233.6,233.6,143
2026-02-05T16:15:00,233.45,233.825,233.45,233.725,58
2026-02-05T16:20:00,233.725,234.25,233.625,234.25,41
2026-02-05T16:25:00,234.15,234.4,234.0,234.125,178
2026-02-05T16:30:00,234.125,234.375,234.0,234.325,149
2026-02-05T16:35:00,234.4,234.6,234.4,234.525,84
2026-02-05T16:40:00,234.5,234.5,234.05,234.2,83
2026-02-05T16:45:00,234.225,234.25,233.725,233.8,102
2026-02-05T16:50:00,233.85,234.475,233.7,234.4,88
2026-02-05T16:55:00,234.35,234.425,234.1,234.1,49
2026-02-05T17:00:00,234.1,234.1,233.55,233.625,75
2026-02-05T17:05:00,233.7,234.025,233.625,233.875,90
2026-02-05T17:10:00,234.05,234.25,233.95,234.075,124
2026-02-05T17:15:00,234.05,234.225,233.7,234.075,92
2026-02-05T17:20:00,234.125,234.375,234.0,234.375,26
2026-02-05T17:25:00,234.375,234.375,233.975,234.05,39
2026-02-05T17:30:00,233.975,233.975,233.75,233.75,50
2026-02-05T17:35:00,233.75,234.225,233.75,234.225,59
2026-02-05T17:40:00,234.2,234.225,233.8,233.975,39
2026-02-05T17:45:00,233.925,233.975,233.75,233.875,50
2026-02-05T17:50:00,233.925,233.95,233.75,233.8,57
2026-02-05T17:55:00,233.75,233.825,233.375,233.65,179
2026-02-05T18:00:00,233.725,233.75,233.375,233.425,253
2026-02-05T18:05:00,233.45,233.625,233.4,233.575,56
2026-02-05T18:10:00,233.625,233.7,233.55,233.675,61
2026-02-05T18:15:00,233.65,233.725,233.625,233.625,16
2026-02-05T18:20:00,233.6,233.6,233.45,233.525,241
2026-02-05T18:25:00,233.475,233.65,233.475,233.625,42
2026-02-05T18:30:00,233.7,233.9,233.5,233.5,73
2026-02-05T18:35:00,233.55,233.575,233.45,233.475,40
2026-02-05T18:40:00,233.45,233.5,232.925,233.1,235
2026-02-05T18:45:00,233.1,233.225,232.7,232.725,304
2026-02-05T18:50:00,232.725,232.775,232.35,232.55,249
2026-02-05T18:55:00,232.6,232.625,232.0,232.175,618
2026-02-05T19:00:00,232.2,232.425,232.125,232.375,169
2026-02-06T14:30:00,235.025,235.975,234.625,235.825,926
2026-02-06T14:35:00,235.825,236.125,235.675,235.85,536
2026-02-06T14:40:00,235.85,235.875,235.325,235.725,154
2026-02-06T14:45:00,235.7,235.75,235.325,235.45,48
2026-02-06T14:50:00,235.525,236.225,235.5,235.75,292
2026-02-06T14:55:00,235.675,235.75,235.425,235.525,76
2026-02-06T15:00:00,235.575,235.6,235.275,235.425,73
2026-02-06T15:05:00,235.425,235.7,235.35,235.6,48
2026-02-06T15:10:00,235.6,235.775,235.175,235.3,103
2026-02-06T15:15:00,235.3,235.375,235.1,235.125,34
2026-02-06T15:20:00,235.125,235.125,234.7,234.825,138
2026-02-06T15:25:00,234.8,235.0,234.525,235.0,79
2026-02-06T15:30:00,234.95,234.95,234.675,234.8,27
2026-02-06T15:35:00,234.9,234.95,234.725,234.875,39
2026-02-06T15:40:00,234.85,234.975,234.65,234.7,25
2026-02-06T15:45:00,234.85,234.875,234.725,234.875,28
2026-02-06T15:50:00,234.875,234.9,234.7,234.775,20
2026-02-06T15:55:00,234.75,235.025,234.7,235.025,25
2026-02-06T16:00:00,235.025,235.525,235.025,235.275,108
2026-02-06T16:05:00,235.2,235.275,235.05,235.2,59
2026-02-06T16:10:00,235.225,235.475,235.15,235.4,105
2026-02-06T16:15:00,235.55,235.8,235.55,235.725,101
2026-02-06T16:20:00,235.725,235.85,235.6,235.625,63
2026-02-06T16:25:00,235.6,235.825,235.6,235.7,33
2026-02-06T16:30:00,235.75,236.075,235.75,235.95,152
2026-02-06T16:35:00,235.975,236.15,235.875,235.875,84
2026-02-06T16:40:00,235.85,236.15,235.825,236.075,51
2026-02-06T16:45:00,236.075,236.225,236.025,236.225,78
2026-02-06T16:50:00,236.2,236.275,235.8,236.0,139
2026-02-06T16:55:00,236.05,236.3,236.0,236.15,101
2026-02-06T17:00:00,236.125,236.625,236.1,236.475,117
2026-02-06T17:05:00,236.5,236.5,236.275,236.375,68
2026-02-06T17:10:00,236.425,236.675,236.425,236.6,87
2026-02-06T17:15:00,236.575,236.75,236.55,236.6,77
2026-02-06T17:20:00,236.65,237.0,236.65,236.975,219
2026-02-06T17:25:00,236.95,237.1,236.875,236.875,127
2026-02-06T17:30:00,236.95,237.0,236.875,236.875,34
2026-02-06T17:35:00,236.85,236.975,236.775,236.775,47
2026-02-06T17:40:00,236.825,236.9,236.75,236.825,46
2026-02-06T17:45:00,236.8,236.875,236.725,236.85,16
2026-02-06T17:50:00,236.825,236.825,236.65,236.675,13
2026-02-06T17:55:00,236.75,236.8,236.575,236.6,36
2026-02-06T18:00:00,236.55,236.725,236.55,236.65,46
2026-02-06T18:05:00,236.625,236.625,234.9,235.025,286
2026-02-06T18:10:00,235.0,235.2,234.425,235.2,345
2026-02-06T18:15:00,235.05,235.25,234.575,235.15,96
2026-02-06T18:20:00,235.175,235.45,234.15,234.375,252
2026-02-06T18:25:00,234.45,234.5,233.85,234.1,306
2026-02-06T18:30:00,234.025,234.55,233.7,233.7,220
2026-02-06T18:35:00,233.6,233.8,233.2,233.2,202
2026-02-06T18:40:00,233.2,233.575,233.0,233.525,233
2026-02-06T18:45:00,233.475,233.9,233.45,233.9,81
2026-02-06T18:50:00,233.75,233.975,233.675,233.675,109
2026-02-06T18:55:00,233.75,233.95,233.675,233.85,618
2026-02-06T19:00:00,233.875,234.3,233.85,234.25,187
2026-02-09T14:30:00,234.725,235.25,234.375,234.8,722
2026-02-09T14:35:00,234.75,235.175,234.65,235.0,123
2026-02-09T14:40:00,235.0,235.4,234.975,235.25,86
2026-02-09T14:45:00,235.25,235.45,235.075,235.3,98
2026-02-09T14:50:00,235.3,235.65,235.225,235.55,127
2026-02-09T14:55:00,235.55,235.85,235.325,235.375,156
2026-02-09T15:00:00,235.35,235.35,234.9,235.175,98
2026-02-09T15:05:00,235.15,235.525,235.15,235.35,38
2026-02-09T15:10:00,235.375,235.4,235.125,235.25,27
2026-02-09T15:15:00,235.35,235.35,235.15,235.25,23
2026-02-09T15:20:00,235.3,235.35,235.1,235.25,80
2026-02-09T15:25:00,235.25,235.55,235.125,235.3,39
2026-02-09T15:30:00,235.3,235.4,235.225,235.35,37
2026-02-09T15:35:00,235.45,235.575,235.15,235.175,35
2026-02-09T15:40:00,235.125,235.2,234.65,234.825,85
2026-02-09T15:45:00,234.875,234.95,234.775,234.85,85
2026-02-09T15:50:00,234.825,234.925,234.5,234.575,119
2026-02-09T15:55:00,234.575,234.625,234.425,234.6,122
2026-02-09T16:00:00,234.6,234.65,234.4,234.55,93
2026-02-09T16:05:00,234.525,234.6,234.425,234.5,51
2026-02-09T16:10:00,234.425,234.725,234.25,234.7,123
2026-02-09T16:15:00,234.7,234.725,234.4,234.4,99
2026-02-09T16:20:00,234.375,234.6,234.35,234.525,93
2026-02-09T16:25:00,234.475,234.475,233.925,234.075,156
2026-02-09T16:30:00,234.025,234.125,233.325,233.425,292
2026-02-09T16:35:00,233.4,234.325,233.4,234.25,116
2026-02-09T16:40:00,234.225,234.575,234.175,234.575,124
2026-02-09T16:45:00,234.55,234.75,234.425,234.55,157
2026-02-09T16:50:00,234.475,234.5,234.075,234.225,121
2026-02-09T16:55:00,234.225,234.45,234.075,234.125,52
2026-02-09T17:00:00,234.1,234.15,233.825,233.85,90
2026-02-09T17:05:00,233.825,233.875,233.575,233.625,59
2026-02-09T17:10:00,233.625,233.8,233.55,233.625,116
2026-02-09T17:15:00,233.6,233.8,233.55,233.8,55
2026-02-09T17:20:00,233.75,233.95,233.75,233.825,27
2026-02-09T17:25:00,233.95,233.95,233.65,233.775,25
2026-02-09T17:30:00,233.75,233.825,233.75,233.825,12
2026-02-09T17:35:00,233.775,233.85,233.725,233.8,34
2026-02-09T17:40:00,233.8,233.825,233.75,233.75,8
2026-02-09T17:45:00,233.875,234.05,233.875,233.975,24
2026-02-09T17:50:00,233.975,234.3,233.975,234.05,46
2026-02-09T17:55:00,234.075,234.225,234.0,234.075,36
2026-02-09T18:00:00,233.925,233.975,233.775,233.925,31
2026-02-09T18:05:00,233.9,234.15,233.9,233.925,23
2026-02-09T18:10:00,233.95,234.35,233.9,234.35,69
2026-02-09T18:15:00,234.325,234.425,234.3,234.375,14
2026-02-09T18:20:00,234.475,234.6,234.225,234.4,31
2026-02-09T18:25:00,234.275,234.55,234.25,234.525,27
2026-02-09T18:30:00,234.575,234.65,234.525,234.65,43
2026-02-09T18:35:00,234.575,234.575,234.4,234.475,41
2026-02-09T18:40:00,234.5,234.5,234.325,234.325,37
2026-02-09T18:45:00,234.375,234.375,234.15,234.35,56
2026-02-09T18:50:00,234.3,234.5,234.275,234.375,37
2026-02-09T18:55:00,234.4,234.475,234.2,234.375,566
2026-02-09T19:00:00,234.35,234.5,234.3,234.375,197
2026-02-10T14:30:00,234.6,234.6,233.95,234.5,187
2026-02-10T14:35:00,234.375,234.45,234.075,234.125,63
2026-02-10T14:40:00,234.15,234.4,233.9,234.3,144
2026-02-10T14:45:00,234.3,234.475,234.15,234.375,97
2026-02-10T14:50:00,234.4,234.6,234.325,234.55,117
2026-02-10T14:55:00,234.55,234.925,234.4,234.925,129
2026-02-10T15:00:00,234.875,235.0,234.675,234.875,153
2026-02-10T15:05:00,235.0,235.1,234.875,235.05,103
2026-02-10T15:10:00,235.075,235.2,234.975,235.175,60
2026-02-10T15:15:00,235.15,235.325,235.075,235.175,108
2026-02-10T15:20:00,235.2,235.25,234.875,235.0,62
2026-02-10T15:25:00,234.975,235.05,234.8,234.8,67
2026-02-10T15:30:00,234.8,234.825,234.3,234.45,96
2026-02-10T15:35:00,234.5,234.6,234.425,234.525,26
2026-02-10T15:40:00,234.5,234.85,234.325,234.7,53
2026-02-10T15:45:00,234.7,234.7,234.2,234.225,55
2026-02-10T15:50:00,234.2,234.2,233.85,234.15,113
2026-02-10T15:55:00,234.1,234.15,233.875,234.1,64
2026-02-10T16:00:00,234.1,234.1,233.725,233.775,81
2026-02-10T16:05:00,233.775,233.8,233.6,233.75,50
2026-02-10T16:10:00,233.775,234.225,233.775,234.075,123
2026-02-10T16:15:00,233.925,234.4,233.925,234.3,45
2026-02-10T16:20:00,234.275,234.575,234.225,234.525,110
2026-02-10T16:25:00,234.525,234.525,234.425,234.475,33
2026-02-10T16:30:00,234.5,234.825,234.45,234.7,86
2026-02-10T16:35:00,234.7,234.725,234.425,234.55,134
2026-02-10T16:40:00,234.525,234.575,234.5,234.525,43
2026-02-10T16:45:00,234.55,234.55,234.2,234.25,75
2026-02-10T16:50:00,234.25,234.575,234.15,234.425,96
2026-02-10T16:55:00,234.5,234.85,234.45,234.725,71
2026-02-10T17:00:00,234.7,234.825,234.475,234.55,52
2026-02-10T17:05:00,234.55,234.7,234.5,234.7,94
2026-02-10T17:10:00,234.725,235.025,234.725,234.975,97
2026-02-10T17:15:00,235.025,235.025,234.7,234.75,75
2026-02-10T17:20:00,234.7,234.7,234.375,234.375,80
2026-02-10T17:25:00,234.4,234.4,234.1,234.2,101
2026-02-10T17:30:00,234.25,234.275,234.175,234.2,49
2026-02-10T17:35:00,234.175,234.175,233.475,233.55,187
2026-02-10T17:40:00,233.625,233.775,233.45,233.7,178
2026-02-10T17:45:00,233.65,233.9,233.6,233.8,77
2026-02-10T17:50:00,233.8,234.15,233.8,233.975,82
2026-02-10T17:55:00,234.0,234.0,233.625,233.65,70
2026-02-10T18:00:00,233.65,233.75,233.45,233.575,89
2026-02-10T18:05:00,233.55,233.8,233.55,233.8,34
2026-02-10T18:10:00,233.775,233.95,233.75,233.875,38
2026-02-10T18:15:00,233.85,233.85,233.725,233.725,133
2026-02-10T18:20:00,233.75,234.2,233.75,234.15,109
2026-02-10T18:25:00,234.125,234.325,233.975,233.975,34
2026-02-10T18:30:00,234.0,234.4,234.0,234.375,72
2026-02-10T18:35:00,234.35,234.425,234.15,234.15,111
2026-02-10T18:40:00,234.125,234.225,234.075,234.175,82
2026-02-10T18:45:00,234.125,234.15,234.025,234.025,93
2026-02-10T18:50:00,234.025,234.15,233.925,234.1,117
2026-02-10T18:55:00,234.125,234.15,233.725,233.8,766
2026-02-10T19:00:00,233.775,233.975,233.725,233.825,299
2026-02-11T14:30:00,234.125,234.325,233.525,234.3,354
2026-02-11T14:35:00,234.225,234.425,234.175,234.225,185
2026-02-11T14:40:00,234.225,234.4,234.0,234.1,102
2026-02-11T14:45:00,234.1,234.4,234.05,234.075,99
2026-02-11T14:50:00,234.075,234.225,233.825,234.05,126
2026-02-11T14:55:00,234.125,234.6,233.925,234.6,199
2026-02-11T15:00:00,234.525,234.525,234.025,234.175,240
2026-02-11T15:05:00,234.225,234.825,234.175,234.75,304
2026-02-11T15:10:00,234.725,234.9,234.55,234.65,78
2026-02-11T15:15:00,234.625,234.85,234.575,234.6,64
2026-02-11T15:20:00,234.6,234.775,234.55,234.575,49
2026-02-11T15:25:00,234.6,234.75,234.45,234.65,49
2026-02-11T15:30:00,234.675,235.325,234.675,235.15,180
2026-02-11T15:35:00,235.175,235.25,235.0,235.125,68
2026-02-11T15:40:00,235.15,235.35,235.15,235.3,86
2026-02-11T15:45:00,235.3,235.375,235.125,235.175,48
2026-02-11T15:50:00,235.175,235.375,235.075,235.35,30
2026-02-11T15:55:00,235.275,235.35,235.15,235.325,62
2026-02-11T16:00:00,235.325,235.425,235.25,235.425,61
2026-02-11T16:05:00,235.4,235.55,235.35,235.5,151
2026-02-11T16:10:00,235.425,235.7,235.425,235.5,125
2026-02-11T16:15:00,235.55,236.35,235.55,236.325,254
2026-02-11T16:20:00,236.35,236.375,236.15,236.275,197
2026-02-11T16:25:00,236.225,236.3,236.025,236.125,166
2026-02-11T16:30:00,236.15,236.525,236.15,236.45,202
2026-02-11T16:35:00,236.425,236.5,236.25,236.375,39
2026-02-11T16:40:00,236.45,236.55,236.275,236.275,53
2026-02-11T16:45:00,236.25,236.375,236.25,236.375,39
2026-02-11T16:50:00,236.375,236.475,236.3,236.425,35
2026-02-11T16:55:00,236.425,236.65,236.4,236.425,74
2026-02-11T17:00:00,236.45,236.525,236.4,236.425,49
2026-02-11T17:05:00,236.425,236.725,236.425,236.725,65
2026-02-11T17:10:00,236.625,236.7,236.525,236.6,84
2026-02-11T17:15:00,236.575,236.575,236.375,236.5,57
2026-02-11T17:20:00,236.525,236.625,236.475,236.525,44
2026-02-11T17:25:00,236.625,236.85,236.575,236.7,41
2026-02-11T17:30:00,236.675,236.675,236.425,236.475,65
2026-02-11T17:35:00,236.55,236.55,236.45,236.45,32
2026-02-11T17:40:00,236.55,236.7,236.55,236.65,44
2026-02-11T17:45:00,236.65,236.7,236.5,236.5,56
2026-02-11T17:50:00,236.525,236.55,236.4,236.5,36
2026-02-11T17:55:00,236.525,236.55,236.5,236.525,14
2026-02-11T18:00:00,236.525,236.825,236.525,236.75,60
2026-02-11T18:05:00,236.775,236.9,236.775,236.825,51
2026-02-11T18:10:00,236.825,236.875,236.625,236.625,106
2026-02-11T18:15:00,236.675,236.775,236.6,236.775,30
2026-02-11T18:20:00,236.775,236.775,236.675,236.75,18
2026-02-11T18:25:00,236.75,236.8,236.7,236.75,37
2026-02-11T18:30:00,236.75,236.875,236.75,236.85,48
2026-02-11T18:35:00,236.875,236.9,236.825,236.825,68
2026-02-11T18:40:00,236.825,236.85,236.8,236.8,32
2026-02-11T18:45:00,236.85,236.95,236.85,236.925,94
2026-02-11T18:50:00,236.95,236.95,236.675,236.775,105
2026-02-11T18:55:00,236.775,236.875,236.5,236.6,731
2026-02-11T19:00:00,236.575,236.625,236.45,236.45,172
2026-02-12T14:30:00,236.5,236.825,236.175,236.775,357
2026-02-12T14:35:00,236.725,236.825,236.625,236.725,84
2026-02-12T14:40:00,236.75,236.95,236.575,236.85,104
2026-02-12T14:45:00,236.85,236.925,236.5,236.55,131
2026-02-12T14:50:00,236.55,236.65,236.2,236.25,205
2026-02-12T14:55:00,236.25,236.325,235.625,235.85,383
2026-02-12T15:00:00,235.925,236.05,235.6,235.95,154
2026-02-12T15:05:00,235.95,236.275,235.775,236.225,95
2026-02-12T15:10:00,236.2,236.65,236.2,236.525,166
2026-02-12T15:15:00,236.525,236.625,236.325,236.45,49
2026-02-12T15:20:00,236.5,236.825,236.475,236.825,141
2026-02-12T15:25:00,236.85,236.85,236.65,236.75,92
2026-02-12T15:30:00,236.775,236.875,236.075,236.075,184
2026-02-12T15:35:00,236.1,236.2,235.825,236.05,50
2026-02-12T15:40:00,236.075,236.275,236.05,236.2,28
2026-02-12T15:45:00,236.2,236.25,236.125,236.225,21
2026-02-12T15:50:00,236.25,236.6,236.15,236.325,114
2026-02-12T15:55:00,236.3,236.3,235.9,235.9,15
2026-02-12T16:00:00,235.85,236.05,235.825,235.875,42
2026-02-12T16:05:00,235.925,235.95,235.475,235.6,91
2026-02-12T16:10:00,235.45,235.525,235.225,235.4,50
2026-02-12T16:15:00,235.375,235.525,235.275,235.375,51
2026-02-12T16:20:00,235.325,235.525,235.25,235.4,63
2026-02-12T16:25:00,235.425,235.475,235.175,235.3,42
2026-02-12T16:30:00,235.225,235.3,235.05,235.05,108
2026-02-12T16:35:00,235.0,235.325,235.0,235.3,55
2026-02-12T16:40:00,235.175,235.325,235.15,235.25,58
2026-02-12T16:45:00,235.35,235.375,235.225,235.275,27
2026-02-12T16:50:00,235.225,235.325,235.1,235.25,40
2026-02-12T16:55:00,235.325,235.4,235.25,235.25,18
2026-02-12T17:00:00,235.275,235.3,234.975,235.1,46
2026-02-12T17:05:00,235.0,235.175,235.0,235.1,18
2026-02-12T17:10:00,235.175,235.375,235.175,235.375,22
2026-02-12T17:15:00,235.425,235.5,235.375,235.45,168
2026-02-12T17:20:00,235.5,235.65,235.5,235.55,131
2026-02-12T17:25:00,235.525,235.575,235.45,235.45,65
2026-02-12T17:30:00,235.625,235.875,235.5,235.85,62
2026-02-12T17:35:00,235.875,235.925,235.825,235.825,45
2026-02-12T17:40:00,235.875,236.0,235.775,235.85,67
2026-02-12T17:45:00,235.875,235.925,235.625,235.725,34
2026-02-12T17:50:00,235.75,235.825,235.65,235.725,30
2026-02-12T17:55:00,235.725,235.775,235.7,235.725,20
2026-02-12T18:00:00,235.7,235.7,235.525,235.7,57
2026-02-12T18:05:00,235.7,235.85,235.675,235.725,17
2026-02-12T18:10:00,235.7,235.95,235.7,235.95,39
2026-02-12T18:15:00,236.0,236.025,235.85,235.85,64
2026-02-12T18:20:00,235.875,235.9,235.775,235.8,10
2026-02-12T18:25:00,235.825,235.9,235.775,235.85,41
2026-02-12T18:30:00,235.85,235.85,235.75,235.825,34
2026-02-12T18:35:00,235.725,235.925,235.725,235.925,43
2026-02-12T18:40:00,235.9,235.925,235.825,235.875,64
2026-02-12T18:45:00,235.925,236.3,235.925,236.225,142
2026-02-12T18:50:00,236.225,236.375,236.125,236.175,90
2026-02-12T18:55:00,236.175,236.35,236.15,236.35,738
2026-02-12T19:00:00,236.35,236.375,236.175,236.325,134
2026-02-13T14:30:00,236.1,236.8,236.05,236.575,344
2026-02-13T14:35:00,236.675,236.8,236.675,236.7,49
2026-02-13T14:40:00,236.675,236.675,236.175,236.525,80
2026-02-13T14:45:00,236.575,236.7,236.45,236.5,157
2026-02-13T14:50:00,236.5,236.5,236.225,236.375,143
2026-02-13T14:55:00,236.4,236.6,236.0,236.05,72
2026-02-13T15:00:00,236.075,236.35,235.975,236.075,97
2026-02-13T15:05:00,236.05,236.775,236.05,236.775,173
2026-02-13T15:10:00,236.675,236.85,236.675,236.75,86
2026-02-13T15:15:00,236.8,236.825,236.5,236.65,49
2026-02-13T15:20:00,236.75,237.0,236.675,236.925,107
2026-02-13T15:25:00,237.0,237.15,236.9,237.025,202
2026-02-13T15:30:00,237.05,237.1,237.0,237.05,33
2026-02-13T15:35:00,237.05,237.2,236.9,236.95,87
2026-02-13T15:40:00,236.9,237.0,236.3,236.325,74
2026-02-13T15:45:00,236.3,236.5,236.275,236.375,55
2026-02-13T15:50:00,236.275,236.6,236.275,236.4,157
2026-02-13T15:55:00,236.425,236.55,236.175,236.55,90
2026-02-13T16:00:00,236.6,236.675,236.575,236.65,41
2026-02-13T16:05:00,236.65,237.075,236.65,237.075,115
2026-02-13T16:10:00,237.075,237.15,236.975,236.975,44
2026-02-13T16:15:00,236.925,236.975,236.725,236.75,40
2026-02-13T16:20:00,236.775,236.8,235.1,235.3,256
2026-02-13T16:25:00,235.3,235.85,235.175,235.575,160
2026-02-13T16:30:00,235.625,236.375,235.625,235.875,174
2026-02-13T16:35:00,236.05,236.05,235.75,236.0,43
2026-02-13T16:40:00,236.075,236.075,235.825,235.875,39
2026-02-13T16:45:00,235.675,235.85,235.65,235.825,76
2026-02-13T16:50:00,235.725,235.775,235.275,235.4,47
2026-02-13T16:55:00,235.45,236.05,235.45,235.575,72
2026-02-13T17:00:00,235.525,235.85,235.45,235.85,48
2026-02-13T17:05:00,235.825,236.05,235.6,236.0,88
2026-02-13T17:10:00,235.95,236.05,235.95,236.0,19
2026-02-13T17:15:00,236.05,236.125,235.9,235.9,44
2026-02-13T17:20:00,235.925,236.0,235.775,235.95,51
2026-02-13T17:25:00,235.9,236.0,235.8,235.8,24
2026-02-13T17:30:00,235.65,235.775,235.6,235.725,43
2026-02-13T17:35:00,235.775,235.9,235.775,235.8,29
2026-02-13T17:40:00,235.775,236.075,235.775,236.05,30
2026-02-13T17:45:00,236.05,236.375,236.05,236.3,47
2026-02-13T17:50:00,236.325,236.45,236.25,236.25,29
2026-02-13T17:55:00,236.225,236.25,236.15,236.225,18
2026-02-13T18:00:00,236.225,236.325,236.2,236.25,35
2026-02-13T18:05:00,236.3,236.5,236.225,236.35,100
2026-02-13T18:10:00,236.425,236.525,236.3,236.525,105
2026-02-13T18:15:00,236.525,236.7,236.35,236.4,123
2026-02-13T18:20:00,236.475,236.55,236.45,236.45,51
2026-02-13T18:25:00,236.475,236.7,236.375,236.375,120
2026-02-13T18:30:00,236.425,236.5,235.975,236.1,139
2026-02-13T18:35:00,236.1,236.275,236.075,236.225,32
2026-02-13T18:40:00,236.25,236.4,236.2,236.375,49
2026-02-13T18:45:00,236.3,236.425,236.2,236.25,71
2026-02-13T18:50:00,236.225,236.35,236.15,236.2,76
2026-02-13T18:55:00,236.25,236.375,236.075,236.15,284
2026-02-13T19:00:00,236.175,236.175,235.9,235.925,105
2026-02-17T14:30:00,237.75,239.15,237.65,238.55,1465
2026-02-17T14:35:00,238.525,238.95,238.525,238.7,362
2026-02-17T14:40:00,238.725,238.9,238.65,238.725,360
2026-02-17T14:45:00,238.725,238.85,238.325,238.6,174
2026-02-17T14:50:00,238.575,239.05,238.45,238.95,246
2026-02-17T14:55:00,238.925,239.025,238.875,238.95,147
2026-02-17T15:00:00,238.975,239.05,238.8,238.9,163
2026-02-17T15:05:00,238.9,239.2,238.825,239.15,328
2026-02-17T15:10:00,239.15,239.225,239.0,239.05,154
2026-02-17T15:15:00,239.1,239.175,238.75,239.15,99
2026-02-17T15:20:00,239.15,239.175,238.925,238.925,49
2026-02-17T15:25:00,238.95,239.125,238.95,239.125,49
2026-02-17T15:30:00,239.15,239.15,238.925,238.925,57
2026-02-17T15:35:00,238.975,239.0,238.7,238.9,104
2026-02-17T15:40:00,238.9,238.975,238.8,238.85,115
2026-02-17T15:45:00,238.9,239.0,238.8,238.95,271
2026-02-17T15:50:00,238.95,238.975,238.6,238.65,92
2026-02-17T15:55:00,238.625,238.75,238.325,238.35,142
2026-02-17T16:00:00,238.4,238.7,238.35,238.5,86
2026-02-17T16:05:00,238.5,238.5,238.1,238.175,87
2026-02-17T16:10:00,238.225,238.225,237.725,237.725,302
2026-02-17T16:15:00,237.725,238.05,237.7,237.7,140
2026-02-17T16:20:00,237.725,238.3,237.725,238.3,154
2026-02-17T16:25:00,238.35,238.5,238.15,238.2,255
2026-02-17T16:30:00,238.075,238.075,237.8,238.025,119
2026-02-17T16:35:00,238.025,238.275,238.025,238.175,34
2026-02-17T16:40:00,238.2,238.3,238.025,238.05,38
2026-02-17T16:45:00,238.1,238.175,238.1,238.15,14
2026-02-17T16:50:00,238.1,238.225,238.05,238.125,32
2026-02-17T16:55:00,238.1,238.225,238.075,238.225,37
2026-02-17T17:00:00,238.125,238.125,237.9,238.025,70
2026-02-17T17:05:00,238.075,238.1,238.05,238.075,13
2026-02-17T17:10:00,238.1,238.1,238.0,238.1,25
2026-02-17T17:15:00,238.075,238.125,238.025,238.025,40
2026-02-17T17:20:00,238.05,238.05,237.925,237.95,98
2026-02-17T17:25:00,237.975,238.325,237.95,238.25,162
2026-02-17T17:30:00,238.275,238.325,238.25,238.325,16
2026-02-17T17:35:00,238.3,238.375,238.2,238.3,29
2026-02-17T17:40:00,238.325,238.45,238.3,238.325,37
2026-02-17T17:45:00,238.325,238.375,238.225,238.325,45
2026-02-17T17:50:00,238.3,238.325,238.3,238.325,6
2026-02-17T17:55:00,238.3,238.425,238.3,238.35,37
2026-02-17T18:00:00,238.375,238.425,238.325,238.375,99
2026-02-17T18:05:00,238.375,238.55,238.375,238.425,86
2026-02-17T18:10:00,238.425,238.475,238.4,238.475,19
2026-02-17T18:15:00,238.45,238.45,238.325,238.325,16
2026-02-17T18:20:00,238.35,238.55,238.35,238.525,42
2026-02-17T18:25:00,238.5,238.575,238.5,238.55,32
2026-02-17T18:30:00,238.525,238.575,238.35,238.375,42
2026-02-17T18:35:00,238.325,238.375,238.275,238.325,50
2026-02-17T18:40:00,238.325,238.5,238.3,238.45,227
2026-02-17T18:45:00,238.475,238.475,238.375,238.475,43
2026-02-17T18:50:00,238.425,238.5,238.35,238.425,66
2026-02-17T18:55:00,238.45,238.5,238.4,238.45,448
2026-02-17T19:00:00,238.4,238.4,238.125,238.25,140
2026-02-18T14:30:00,238.25,238.275,237.675,237.775,439
2026-02-18T14:35:00,237.725,238.05,237.725,238.05,171
2026-02-18T14:40:00,238.1,238.45,238.075,238.35,282
2026-02-18T14:45:00,238.375,238.55,238.1,238.275,167
2026-02-18T14:50:00,238.25,238.45,238.2,238.275,70
2026-02-18T14:55:00,238.375,238.575,238.35,238.475,149
2026-02-18T15:00:00,238.475,238.575,238.375,238.525,88
2026-02-18T15:05:00,238.575,238.575,238.35,238.45,63
2026-02-18T15:10:00,238.475,238.6,238.45,238.5,60
2026-02-18T15:15:00,238.525,238.7,238.475,238.625,49
2026-02-18T15:20:00,238.6,238.625,238.05,238.075,73
2026-02-18T15:25:00,238.025,238.175,237.95,238.1,185
2026-02-18T15:30:00,238.125,238.15,238.0,238.125,54
2026-02-18T15:35:00,238.2,238.5,238.2,238.375,100
2026-02-18T15:40:00,238.425,238.45,238.025,238.15,58
2026-02-18T15:45:00,238.2,238.2,238.025,238.2,125
2026-02-18T15:50:00,238.2,238.225,238.1,238.175,29
2026-02-18T15:55:00,238.15,238.225,238.075,238.075,22
2026-02-18T16:00:00,238.05,238.1,237.875,237.95,268
2026-02-18T16:05:00,237.975,238.35,237.95,238.275,73
2026-02-18T16:10:00,238.25,238.55,238.2,238.425,226
2026-02-18T16:15:00,238.425,238.45,238.2,238.2,58
2026-02-18T16:20:00,238.2,238.45,238.175,238.4,77
2026-02-18T16:25:00,238.4,238.55,238.375,238.475,67
2026-02-18T16:30:00,238.575,238.725,238.575,238.725,104
2026-02-18T16:35:00,238.725,238.775,238.6,238.7,125
2026-02-18T16:40:00,238.7,238.775,238.625,238.7,35
2026-02-18T16:45:00,238.65,238.775,238.6,238.625,138
2026-02-18T16:50:00,238.675,238.7,238.5,238.55,33
2026-02-18T16:55:00,238.575,238.625,238.45,238.45,32
2026-02-18T17:00:00,238.4,238.4,238.0,238.1,168
2026-02-18T17:05:00,238.075,238.35,238.025,238.275,33
2026-02-18T17:10:00,238.25,238.375,238.175,238.35,57
2026-02-18T17:15:00,238.325,238.325,238.2,238.2,45
2026-02-18T17:20:00,238.3,238.5,238.3,238.425,33
2026-02-18T17:25:00,238.45,238.45,238.375,238.4,13
2026-02-18T17:30:00,238.4,238.525,238.325,238.475,38
2026-02-18T17:35:00,238.5,238.575,238.5,238.575,24
2026-02-18T17:40:00,238.525,238.625,238.525,238.575,41
2026-02-18T17:45:00,238.6,238.8,238.6,238.8,65
2026-02-18T17:50:00,238.825,238.825,238.5,238.525,58
2026-02-18T17:55:00,238.6,238.6,238.475,238.525,60
2026-02-18T18:00:00,238.525,238.575,238.425,238.475,80
2026-02-18T18:05:00,238.475,238.5,238.425,238.425,25
2026-02-18T18:10:00,238.425,238.475,238.425,238.475,13
2026-02-18T18:15:00,238.475,238.55,238.425,238.475,52
2026-02-18T18:20:00,238.5,238.5,238.375,238.425,36
2026-02-18T18:25:00,238.425,238.475,238.375,238.4,15
2026-02-18T18:30:00,238.425,238.525,238.425,238.475,40
2026-02-18T18:35:00,238.45,238.6,238.45,238.575,57
2026-02-18T18:40:00,238.6,238.6,238.475,238.5,30
2026-02-18T18:45:00,238.5,238.6,238.5,238.6,57
2026-02-18T18:50:00,238.55,238.675,238.55,238.625,126
2026-02-18T18:55:00,238.65,238.7,238.35,238.375,220
2026-02-18T19:00:00,238.4,238.5,238.275,238.5,229
2026-02-19T14:30:00,238.45,238.625,238.025,238.25,304
2026-02-19T14:35:00,238.3,238.3,237.85,237.875,161
2026-02-19T14:40:00,237.925,238.2,237.875,238.1,60
2026-02-19T14:45:00,238.1,238.375,238.025,238.25,47
2026-02-19T14:50:00,238.275,238.35,238.175,238.25,125
2026-02-19T14:55:00,238.225,238.4,238.225,238.3,129
2026-02-19T15:00:00,238.2,238.325,238.1,238.225,42
2026-02-19T15:05:00,238.25,238.45,238.075,238.3,226
2026-02-19T15:10:00,238.3,238.65,238.3,238.625,202
2026-02-19T15:15:00,238.625,238.825,238.625,238.7,70
2026-02-19T15:20:00,238.675,238.675,238.375,238.55,24
2026-02-19T15:25:00,238.5,238.5,238.15,238.25,31
2026-02-19T15:30:00,238.225,238.425,238.1,238.425,63
2026-02-19T15:35:00,238.45,238.775,238.4,238.625,97
2026-02-19T15:40:00,238.625,238.725,238.575,238.725,38
2026-02-19T15:45:00,238.7,238.925,238.675,238.925,84
2026-02-19T15:50:00,238.95,239.325,238.85,239.3,406
2026-02-19T15:55:00,239.3,239.575,239.3,239.45,282
2026-02-19T16:00:00,239.475,239.55,239.325,239.45,118
2026-02-19T16:05:00,239.475,239.5,239.05,239.2,123
2026-02-19T16:10:00,239.1,239.125,238.85,238.925,74
2026-02-19T16:15:00,239.0,239.05,238.775,238.8,65
2026-02-19T16:20:00,238.8,239.125,238.525,238.525,175
2026-02-19T16:25:00,238.475,238.5,237.975,238.075,192
2026-02-19T16:30:00,238.125,238.25,237.8,238.05,185
2026-02-19T16:35:00,238.05,238.7,238.0,238.7,239
2026-02-19T16:40:00,238.775,238.85,238.575,238.825,75
2026-02-19T16:45:00,238.775,238.775,238.575,238.6,54
2026-02-19T16:50:00,238.575,238.625,238.475,238.625,36
2026-02-19T16:55:00,238.675,238.725,238.55,238.7,54
2026-02-19T17:00:00,238.7,238.7,238.55,238.55,34
2026-02-19T17:05:00,238.575,238.65,238.525,238.575,19
2026-02-19T17:10:00,238.625,238.8,238.625,238.775,38
2026-02-19T17:15:00,238.75,238.9,238.65,238.9,42
2026-02-19T17:20:00,238.9,239.0,238.875,239.0,60
2026-02-19T17:25:00,238.975,239.0,238.85,238.85,46
2026-02-19T17:30:00,238.8,238.875,238.75,238.775,35
2026-02-19T17:35:00,238.75,238.75,238.375,238.45,68
2026-02-19T17:40:00,238.475,238.525,238.325,238.35,41
2026-02-19T17:45:00,238.35,238.375,238.05,238.15,70
2026-02-19T17:50:00,238.25,238.375,238.25,238.35,17
2026-02-19T17:55:00,238.375,238.5,238.3,238.3,51
2026-02-19T18:00:00,238.25,238.35,238.025,238.275,127
2026-02-19T18:05:00,238.3,238.5,238.3,238.375,45
2026-02-19T18:10:00,238.4,238.5,238.375,238.5,27
2026-02-19T18:15:00,238.475,238.7,238.45,238.675,33
2026-02-19T18:20:00,238.65,238.7,238.575,238.675,22
2026-02-19T18:25:00,238.675,238.8,238.675,238.775,23
2026-02-19T18:30:00,238.775,238.925,238.775,238.825,59
2026-02-19T18:35:00,238.825,238.9,238.8,238.85,38
2026-02-19T18:40:00,238.825,238.825,238.75,238.8,45
2026-02-19T18:45:00,238.775,238.825,238.675,238.7,36
2026-02-19T18:50:00,238.725,238.8,238.7,238.8,53
2026-02-19T18:55:00,238.825,238.925,238.675,238.85,164
2026-02-19T19:00:00,238.85,239.1,238.8,238.975,138
2026-02-20T14:30:00,238.875,239.0,238.275,238.425,302
2026-02-20T14:35:00,238.575,238.85,238.575,238.775,129
2026-02-20T14:40:00,238.95,239.025,238.825,238.875,96
2026-02-20T14:45:00,238.875,238.875,238.575,238.75,96
2026-02-20T14:50:00,238.825,239.025,238.775,238.875,109
2026-02-20T14:55:00,238.8,238.9,238.725,238.85,41
2026-02-20T15:00:00,238.85,239.15,238.85,239.0,195
2026-02-20T15:05:00,239.025,239.025,237.75,238.3,319
2026-02-20T15:10:00,238.35,238.525,238.05,238.05,108
2026-02-20T15:15:00,238.025,238.025,237.0,237.075,603
2026-02-20T15:20:00,236.95,237.35,236.65,237.125,303
2026-02-20T15:25:00,237.0,237.725,236.975,237.725,143
2026-02-20T15:30:00,237.75,237.825,237.5,237.725,170
2026-02-20T15:35:00,237.675,237.75,237.425,237.475,113
2026-02-20T15:40:00,237.55,238.4,237.5,238.325,177
2026-02-20T15:45:00,238.325,238.475,238.25,238.4,145
2026-02-20T15:50:00,238.375,238.425,238.15,238.175,113
2026-02-20T15:55:00,238.175,238.25,238.025,238.05,34
2026-02-20T16:00:00,238.1,238.175,238.05,238.05,37
2026-02-20T16:05:00,237.95,238.45,237.9,238.4,57
2026-02-20T16:10:00,238.35,238.35,238.2,238.325,23
2026-02-20T16:15:00,238.25,238.3,237.875,237.975,41
2026-02-20T16:20:00,237.95,237.95,237.675,237.9,85
2026-02-20T16:25:00,237.85,237.875,237.6,237.75,78
2026-02-20T16:30:00,237.75,238.15,237.75,238.125,36
2026-02-20T16:35:00,238.1,238.175,237.975,238.075,29
2026-02-20T16:40:00,238.25,238.5,238.25,238.275,69
2026-02-20T16:45:00,238.25,238.25,237.975,237.975,29
2026-02-20T16:50:00,238.0,238.2,238.0,238.175,34
2026-02-20T16:55:00,238.125,238.275,237.925,238.275,71
2026-02-20T17:00:00,238.275,238.425,238.125,238.375,55
2026-02-20T17:05:00,238.4,238.45,238.275,238.3,70
2026-02-20T17:10:00,238.3,238.35,238.15,238.15,38
2026-02-20T17:15:00,238.1,238.225,237.85,237.875,96
2026-02-20T17:20:00,237.9,237.9,237.125,237.125,202
2026-02-20T17:25:00,237.125,237.35,237.025,237.2,153
2026-02-20T17:30:00,237.2,237.425,237.075,237.4,96
2026-02-20T17:35:00,237.275,237.55,237.15,237.45,19
2026-02-20T17:40:00,237.45,237.475,237.2,237.475,44
2026-02-20T17:45:00,237.5,237.5,237.35,237.5,26
2026-02-20T17:50:00,237.475,237.65,237.45,237.65,22
2026-02-20T17:55:00,237.6,237.85,237.575,237.85,16
2026-02-20T18:00:00,237.875,237.975,237.8,237.9,92
2026-02-20T18:05:00,237.85,238.35,237.85,238.275,150
2026-02-20T18:10:00,238.25,238.325,238.15,238.3,67
2026-02-20T18:15:00,238.25,238.25,237.975,238.0,28
2026-02-20T18:20:00,237.975,237.975,236.9,237.3,179
2026-02-20T18:25:00,237.325,237.475,237.275,237.375,38
2026-02-20T18:30:00,237.375,237.6,237.325,237.325,49
2026-02-20T18:35:00,237.35,237.725,237.225,237.7,54
2026-02-20T18:40:00,237.75,237.775,237.125,237.25,119
2026-02-20T18:45:00,237.25,237.3,237.15,237.25,104
2026-02-20T18:50:00,237.25,237.4,237.175,237.2,59
2026-02-20T18:55:00,237.2,237.6,237.15,237.55,425
2026-02-20T19:00:00,237.55,237.6,237.2,237.3,100
2026-02-23T14:30:00,237.425,237.9,237.1,237.45,369
2026-02-23T14:35:00,237.375,237.525,237.125,237.375,128
2026-02-23T14:40:00,237.35,237.5,237.275,237.425,73
2026-02-23T14:45:00,237.4,237.625,237.275,237.6,65
2026-02-23T14:50:00,237.65,238.025,237.525,237.9,159
2026-02-23T14:55:00,237.925,238.05,237.85,237.975,165
2026-02-23T15:00:00,238.0,238.25,237.6,237.725,234
2026-02-23T15:05:00,237.725,237.925,237.7,237.825,153
2026-02-23T15:10:00,237.8,237.85,237.525,237.7,95
2026-02-23T15:15:00,237.7,237.85,237.625,237.825,22
2026-02-23T15:20:00,237.95,238.0,237.625,237.75,33
2026-02-23T15:25:00,237.725,237.725,236.425,236.5,204
2026-02-23T15:30:00,236.275,237.0,236.05,236.75,216
2026-02-23T15:35:00,236.725,237.0,236.65,236.925,55
2026-02-23T15:40:00,236.95,237.05,236.825,236.875,31
2026-02-23T15:45:00,236.875,236.975,236.6,236.725,140
2026-02-23T15:50:00,236.7,236.7,235.375,235.525,438
2026-02-23T15:55:00,235.4,235.5,234.15,234.45,661
2026-02-23T16:00:00,234.375,234.95,234.2,234.8,211
2026-02-23T16:05:00,234.9,235.075,234.675,234.8,213
2026-02-23T16:10:00,234.8,235.15,234.5,234.575,217
2026-02-23T16:15:00,234.55,235.1,234.45,235.025,130
2026-02-23T16:20:00,235.0,235.0,234.625,234.825,61
2026-02-23T16:25:00,234.725,235.425,234.725,235.425,109
2026-02-23T16:30:00,235.375,235.375,234.8,234.95,104
2026-02-23T16:35:00,234.95,234.95,234.625,234.85,61
2026-02-23T16:40:00,234.875,235.075,234.725,234.75,72
2026-02-23T16:45:00,234.675,234.975,234.65,234.9,51
2026-02-23T16:50:00,234.875,235.025,234.875,235.025,36
2026-02-23T16:55:00,234.95,235.3,234.95,235.3,54
2026-02-23T17:00:00,235.325,235.35,235.225,235.3,41
2026-02-23T17:05:00,235.35,235.6,235.3,235.45,65
2026-02-23T17:10:00,235.5,235.625,235.4,235.4,21
2026-02-23T17:15:00,235.425,235.425,235.3,235.425,13
2026-02-23T17:20:00,235.475,235.5,235.4,235.45,19
2026-02-23T17:25:00,235.325,235.325,235.15,235.15,23
2026-02-23T17:30:00,235.125,235.275,235.075,235.275,8
2026-02-23T17:35:00,235.15,235.15,234.8,234.875,50
2026-02-23T17:40:00,234.95,235.425,234.9,235.425,55
2026-02-23T17:45:00,235.3,235.3,234.875,234.875,17
2026-02-23T17:50:00,234.925,235.05,234.85,235.025,8
2026-02-23T17:55:00,235.0,235.025,234.85,234.925,47
2026-02-23T18:00:00,234.925,235.125,234.925,235.0,31
2026-02-23T18:05:00,235.025,235.2,234.9,235.125,40
2026-02-23T18:10:00,235.175,235.3,235.0,235.0,17
2026-02-23T18:15:00,234.975,235.1,234.975,235.0,32
2026-02-23T18:20:00,234.975,235.15,234.975,235.1,33
2026-02-23T18:25:00,235.1,235.3,235.0,235.3,31
2026-02-23T18:30:00,235.275,235.625,235.2,235.625,50
2026-02-23T18:35:00,235.575,235.7,235.575,235.625,59
2026-02-23T18:40:00,235.625,235.85,235.625,235.725,164
2026-02-23T18:45:00,235.725,235.825,235.65,235.75,48
2026-02-23T18:50:00,235.75,235.75,235.55,235.625,88
2026-02-23T18:55:00,235.65,235.775,235.3,235.375,515
2026-02-23T19:00:00,235.375,235.475,235.275,235.45,123
2026-02-24T14:30:00,235.325,235.7,235.075,235.45,420
2026-02-24T14:35:00,235.4,235.4,234.8,234.975,235
2026-02-24T14:40:00,235.05,235.375,234.7,234.8,350
2026-02-24T14:45:00,235.05,235.2,234.2,234.4,658
2026-02-24T14:50:00,234.425,234.925,234.3,234.85,225
2026-02-24T14:55:00,234.775,235.35,234.725,235.35,75
2026-02-24T15:00:00,235.275,235.275,234.95,235.275,55
2026-02-24T15:05:00,235.3,235.85,235.3,235.8,84
2026-02-24T15:10:00,235.775,236.025,235.725,235.975,148
2026-02-24T15:15:00,236.0,236.1,235.9,235.975,152
2026-02-24T15:20:00,235.975,236.075,235.425,235.525,91
2026-02-24T15:25:00,235.6,235.825,235.45,235.45,36
2026-02-24T15:30:00,235.5,235.6,235.125,235.275,81
2026-02-24T15:35:00,235.35,235.4,235.2,235.4,14
2026-02-24T15:40:00,235.4,235.4,235.3,235.35,53
2026-02-24T15:45:00,235.3,235.575,235.3,235.475,19
2026-02-24T15:50:00,235.6,235.6,235.525,235.55,16
2026-02-24T15:55:00,235.55,235.55,235.375,235.375,66
2026-02-24T16:00:00,235.45,235.6,235.375,235.5,62
2026-02-24T16:05:00,235.525,236.0,235.525,235.8,84
2026-02-24T16:10:00,235.85,235.95,235.65,235.875,74
2026-02-24T16:15:00,235.85,235.95,235.65,235.65,21
2026-02-24T16:20:00,235.525,235.7,235.475,235.7,78
2026-02-24T16:25:00,235.675,235.675,235.475,235.6,94
2026-02-24T16:30:00,235.675,236.025,235.625,236.0,64
2026-02-24T16:35:00,236.0,236.0,235.725,235.725,41
2026-02-24T16:40:00,235.75,235.8,235.25,235.275,266
2026-02-24T16:45:00,235.3,235.35,234.8,235.225,178
2026-02-24T16:50:00,235.275,235.275,234.975,235.175,47
2026-02-24T16:55:00,235.25,235.475,235.2,235.375,105
2026-02-24T17:00:00,235.425,235.95,235.425,235.675,192
2026-02-24T17:05:00,235.675,235.675,235.125,235.125,76
2026-02-24T17:10:00,235.225,235.275,234.925,235.2,144
2026-02-24T17:15:00,235.25,235.35,235.175,235.175,53
2026-02-24T17:20:00,235.175,235.4,235.175,235.4,43
2026-02-24T17:25:00,235.425,235.55,235.375,235.475,33
2026-02-24T17:30:00,235.45,235.5,235.35,235.425,62
2026-02-24T17:35:00,235.4,235.4,235.275,235.375,28
2026-02-24T17:40:00,235.325,235.425,235.325,235.35,27
2026-02-24T17:45:00,235.35,235.425,235.3,235.425,23
2026-02-24T17:50:00,235.4,235.425,235.275,235.375,37
2026-02-24T17:55:00,235.45,235.475,235.35,235.375,34
2026-02-24T18:00:00,235.275,235.325,235.275,235.325,20
2026-02-24T18:05:00,235.3,235.4,235.275,235.35,38
2026-02-24T18:10:00,235.3,235.35,235.15,235.3,100
2026-02-24T18:15:00,235.25,235.275,235.15,235.225,36
2026-02-24T18:20:00,235.2,235.25,235.15,235.175,21
2026-02-24T18:25:00,235.2,235.275,235.175,235.275,34
2026-02-24T18:30:00,235.25,235.35,235.225,235.325,33
2026-02-24T18:35:00,235.35,235.425,235.325,235.375,38
2026-02-24T18:40:00,235.45,235.5,235.225,235.3,96
2026-02-24T18:45:00,235.325,235.5,235.325,235.5,55
2026-02-24T18:50:00,235.5,235.525,235.35,235.4,59
2026-02-24T18:55:00,235.375,235.65,235.275,235.575,420
2026-02-24T19:00:00,235.6,235.625,235.525,235.625,95
2026-02-25T14:30:00,235.85,236.475,235.575,236.35,613
2026-02-25T14:35:00,236.325,236.45,236.075,236.1,176
2026-02-25T14:40:00,236.175,236.175,235.625,236.0,132
2026-02-25T14:45:00,236.2,236.4,236.0,236.375,52
2026-02-25T14:50:00,236.325,236.425,236.15,236.35,105
2026-02-25T14:55:00,236.325,236.675,236.3,236.575,173
2026-02-25T15:00:00,236.55,236.7,236.375,236.7,72
2026-02-25T15:05:00,236.725,236.725,236.25,236.425,121
2026-02-25T15:10:00,236.3,236.3,236.075,236.3,68
2026-02-25T15:15:00,236.425,236.775,236.425,236.65,112
2026-02-25T15:20:00,236.75,236.775,236.65,236.775,67
2026-02-25T15:25:00,236.775,236.8,236.6,236.6,37
2026-02-25T15:30:00,236.65,236.825,236.65,236.75,57
2026-02-25T15:35:00,236.75,236.925,236.65,236.875,94
2026-02-25T15:40:00,236.9,237.125,236.8,237.025,173
2026-02-25T15:45:00,237.025,237.175,237.025,237.15,58
2026-02-25T15:50:00,237.125,237.25,237.075,237.25,114
2026-02-25T15:55:00,237.25,237.25,237.15,237.2,33
2026-02-25T16:00:00,237.325,237.4,237.175,237.25,106
2026-02-25T16:05:00,237.25,237.25,236.95,237.0,241
2026-02-25T16:10:00,237.0,237.175,236.975,237.15,58
2026-02-25T16:15:00,237.125,237.25,237.05,237.05,45
2026-02-25T16:20:00,237.025,237.1,236.925,236.925,63
2026-02-25T16:25:00,236.975,237.1,236.95,237.0,58
2026-02-25T16:30:00,236.975,237.05,236.925,236.975,69
2026-02-25T16:35:00,237.0,237.325,237.0,237.275,74
2026-02-25T16:40:00,237.275,237.3,237.1,237.2,64
2026-02-25T16:45:00,237.2,237.225,237.025,237.1,63
2026-02-25T16:50:00,237.15,237.15,237.075,237.15,20
2026-02-25T16:55:00,237.125,237.3,237.125,237.225,41
2026-02-25T17:00:00,237.2,237.65,237.15,237.525,168
2026-02-25T17:05:00,237.55,237.7,237.425,237.7,105
2026-02-25T17:10:00,237.7,237.925,237.65,237.85,133
2026-02-25T17:15:00,237.8,237.875,237.65,237.7,108
2026-02-25T17:20:00,237.725,237.725,237.55,237.625,116
2026-02-25T17:25:00,237.675,237.8,237.625,237.65,83
2026-02-25T17:30:00,237.65,237.75,237.65,237.75,63
2026-02-25T17:35:00,237.775,237.85,237.725,237.85,51
2026-02-25T17:40:00,237.875,238.075,237.85,237.95,166
2026-02-25T17:45:00,237.95,238.025,237.925,237.95,88
2026-02-25T17:50:00,237.9,237.925,237.725,237.75,47
2026-02-25T17:55:00,237.725,237.825,237.675,237.775,40
2026-02-25T18:00:00,237.75,237.75,237.425,237.45,121
2026-02-25T18:05:00,237.4,237.475,236.875,236.925,290
2026-02-25T18:10:00,236.9,237.275,236.875,237.225,65
2026-02-25T18:15:00,237.175,237.175,236.825,236.9,52
2026-02-25T18:20:00,236.925,236.925,236.625,236.7,54
2026-02-25T18:25:00,236.625,236.725,236.55,236.7,116
2026-02-25T18:30:00,236.725,236.75,236.575,236.6,40
2026-02-25T18:35:00,236.65,236.7,236.6,236.6,8
2026-02-25T18:40:00,236.625,236.8,236.625,236.775,37
2026-02-25T18:45:00,236.75,236.8,236.675,236.7,31
2026-02-25T18:50:00,236.725,236.825,236.625,236.775,169
2026-02-25T18:55:00,236.775,236.9,236.625,236.725,477
2026-02-25T19:00:00,236.7,236.75,236.55,236.75,231
2026-02-26T14:30:00,236.5,236.525,235.55,236.05,857
2026-02-26T14:35:00,236.025,236.025,234.925,235.25,301
2026-02-26T14:40:00,235.2,235.5,235.05,235.475,346
2026-02-26T14:45:00,235.4,235.525,235.25,235.375,207
2026-02-26T14:50:00,235.3,235.4,235.05,235.25,148
2026-02-26T14:55:00,235.25,235.5,235.125,235.45,184
2026-02-26T15:00:00,235.4,235.55,235.25,235.35,147
2026-02-26T15:05:00,235.45,235.75,235.4,235.625,228
2026-02-26T15:10:00,235.625,235.775,235.425,235.525,83
2026-02-26T15:15:00,235.475,235.5,235.3,235.4,206
2026-02-26T15:20:00,235.425,235.425,235.225,235.425,52
2026-02-26T15:25:00,235.325,235.425,235.25,235.35,57
2026-02-26T15:30:00,235.225,235.35,235.125,235.225,91
2026-02-26T15:35:00,235.225,235.275,234.45,235.075,269
2026-02-26T15:40:00,235.1,235.125,234.85,234.875,152
2026-02-26T15:45:00,234.9,235.0,234.7,234.825,118
2026-02-26T15:50:00,234.8,235.0,234.675,234.75,79
2026-02-26T15:55:00,234.725,234.85,234.6,234.625,47
2026-02-26T16:00:00,234.625,234.775,234.5,234.725,101
2026-02-26T16:05:00,234.75,234.9,234.75,234.85,25
2026-02-26T16:10:00,234.725,234.725,234.0,234.15,310
2026-02-26T16:15:00,234.075,234.175,233.4,233.425,622
2026-02-26T16:20:00,233.4,233.525,232.2,232.875,1130
2026-02-26T16:25:00,232.9,233.25,232.9,232.9,86
2026-02-26T16:30:00,232.85,232.9,232.375,232.675,408
2026-02-26T16:35:00,232.625,232.9,232.125,232.8,231
2026-02-26T16:40:00,232.8,233.05,232.475,232.475,93
2026-02-26T16:45:00,232.525,232.55,232.025,232.15,218
2026-02-26T16:50:00,232.125,232.625,232.05,232.55,211
2026-02-26T16:55:00,232.525,232.9,232.475,232.65,183
2026-02-26T17:00:00,232.725,233.1,232.675,232.975,274
2026-02-26T17:05:00,232.975,233.425,232.925,233.4,343
2026-02-26T17:10:00,233.375,233.65,233.275,233.4,239
2026-02-26T17:15:00,233.425,233.6,233.0,233.2,208
2026-02-26T17:20:00,233.275,233.275,233.025,233.175,78
2026-02-26T17:25:00,233.225,233.325,233.125,233.225,91
2026-02-26T17:30:00,233.1,233.2,232.925,233.2,80
2026-02-26T17:35:00,233.175,233.25,233.0,233.025,69
2026-02-26T17:40:00,233.05,233.15,233.0,233.125,38
2026-02-26T17:45:00,233.125,233.2,233.025,233.05,26
2026-02-26T17:50:00,233.1,233.175,233.1,233.175,18
2026-02-26T17:55:00,233.125,233.5,233.125,233.325,84
2026-02-26T18:00:00,233.325,233.675,233.25,233.65,89
2026-02-26T18:05:00,233.625,233.7,233.35,233.35,76
2026-02-26T18:10:00,233.4,233.4,233.125,233.125,52
2026-02-26T18:15:00,233.15,233.375,233.15,233.175,59
2026-02-26T18:20:00,233.15,233.15,232.725,232.975,295
2026-02-26T18:25:00,233.0,233.275,232.875,233.025,237
2026-02-26T18:30:00,233.025,233.025,232.875,233.025,86
2026-02-26T18:35:00,233.05,233.35,233.05,233.275,68
2026-02-26T18:40:00,233.275,233.55,233.275,233.475,86
2026-02-26T18:45:00,233.525,233.525,233.15,233.275,97
2026-02-26T18:50:00,233.3,233.425,233.1,233.35,31
2026-02-26T18:55:00,233.35,233.5,233.275,233.475,466
2026-02-26T19:00:00,233.45,233.55,233.4,233.425,266
2026-02-27T14:30:00,233.425,233.575,232.675,233.525,740
2026-02-27T14:35:00,233.45,233.525,232.85,233.025,173
2026-02-27T14:40:00,233.025,233.35,232.975,233.3,150
2026-02-27T14:45:00,233.275,233.5,233.0,233.275,291
2026-02-27T14:50:00,233.375,233.5,233.2,233.45,79
2026-02-27T14:55:00,233.35,233.625,233.2,233.2,161
2026-02-27T15:00:00,233.175,233.175,232.55,232.725,208
2026-02-27T15:05:00,232.7,232.75,231.65,231.75,283
2026-02-27T15:10:00,231.75,231.775,230.75,230.975,510
2026-02-27T15:15:00,231.0,231.55,230.975,231.425,281
2026-02-27T15:20:00,231.45,231.675,231.375,231.625,235
2026-02-27T15:25:00,231.575,231.675,230.175,230.375,408
2026-02-27T15:30:00,230.4,230.45,230.0,230.2,458
2026-02-27T15:35:00,230.15,230.6,230.025,230.425,296
2026-02-27T15:40:00,230.45,230.5,230.2,230.35,236
2026-02-27T15:45:00,230.375,230.65,230.1,230.125,221
2026-02-27T15:50:00,230.125,230.325,230.0,230.325,489
2026-02-27T15:55:00,230.325,230.6,230.15,230.5,161
2026-02-27T16:00:00,230.5,230.525,230.1,230.2,219
2026-02-27T16:05:00,230.25,230.475,230.0,230.3,209
2026-02-27T16:10:00,230.225,230.3,230.1,230.15,51
2026-02-27T16:15:00,230.1,230.1,229.275,229.525,671
2026-02-27T16:20:00,229.425,230.175,229.425,230.175,279
2026-02-27T16:25:00,230.175,230.525,230.125,230.225,96
2026-02-27T16:30:00,230.225,230.3,230.05,230.225,103
2026-02-27T16:35:00,230.2,230.325,230.075,230.15,96
2026-02-27T16:40:00,230.1,230.125,229.75,230.075,132
2026-02-27T16:45:00,230.1,230.2,229.675,229.675,98
2026-02-27T16:50:00,229.775,229.85,229.65,229.85,60
2026-02-27T16:55:00,229.8,229.9,229.075,229.375,174
2026-02-27T17:00:00,229.425,229.625,229.05,229.15,159
2026-02-27T17:05:00,229.2,229.6,229.15,229.45,147
2026-02-27T17:10:00,229.475,229.475,229.2,229.25,50
2026-02-27T17:15:00,229.3,229.35,228.95,229.15,280
2026-02-27T17:20:00,229.15,229.625,229.15,229.55,100
2026-02-27T17:25:00,229.5,229.775,229.5,229.725,72
2026-02-27T17:30:00,229.775,230.325,229.625,230.225,222
2026-02-27T17:35:00,230.225,230.475,230.125,230.125,158
2026-02-27T17:40:00,230.075,230.1,229.775,229.9,84
2026-02-27T17:45:00,229.875,229.9,229.6,229.75,79
2026-02-27T17:50:00,229.725,230.025,229.625,230.0,60
2026-02-27T17:55:00,230.0,230.075,229.875,230.025,44
2026-02-27T18:00:00,229.925,229.925,229.7,229.7,73
2026-02-27T18:05:00,229.65,229.75,229.55,229.65,72
2026-02-27T18:10:00,229.65,229.75,229.45,229.55,97
2026-02-27T18:15:00,229.6,229.7,229.525,229.575,103
2026-02-27T18:20:00,229.625,229.775,229.5,229.7,59
2026-02-27T18:25:00,229.75,229.75,229.6,229.65,62
2026-02-27T18:30:00,229.65,229.675,229.35,229.35,98
2026-02-27T18:35:00,229.325,229.4,229.0,229.05,75
2026-02-27T18:40:00,229.1,229.15,228.975,229.1,117
2026-02-27T18:45:00,229.075,229.125,229.0,229.05,102
2026-02-27T18:50:00,229.05,229.275,228.975,229.2,175
2026-02-27T18:55:00,229.15,229.35,229.025,229.15,607
2026-02-27T19:00:00,229.15,229.2,228.95,229.05,317
2026-03-02T14:30:00,226.475,227.4,225.25,227.0,2004
2026-03-02T14:35:00,226.95,227.925,226.9,227.825,1001
2026-03-02T14:40:00,227.825,228.1,227.425,228.1,673
2026-03-02T14:45:00,228.075,228.575,227.45,227.775,557
2026-03-02T14:50:00,227.85,228.5,227.825,228.2,263
2026-03-02T14:55:00,228.175,228.425,228.1,228.35,172
2026-03-02T15:00:00,228.3,228.65,227.9,228.1,304
2026-03-02T15:05:00,228.2,228.575,227.65,228.575,293
2026-03-02T15:10:00,228.725,229.2,228.675,228.8,366
2026-03-02T15:15:00,228.775,229.225,228.6,229.075,324
2026-03-02T15:20:00,229.025,229.3,228.825,229.0,214
2026-03-02T15:25:00,229.075,229.1,228.575,228.95,282
2026-03-02T15:30:00,228.925,229.175,228.1,228.675,497
2026-03-02T15:35:00,228.625,229.0,228.5,228.6,183
2026-03-02T15:40:00,228.625,228.625,227.825,227.975,195
2026-03-02T15:45:00,227.95,228.1,227.7,227.9,113
2026-03-02T15:50:00,227.9,228.225,227.8,227.9,127
2026-03-02T15:55:00,227.875,227.875,227.05,227.45,200
2026-03-02T16:00:00,227.475,227.475,226.675,226.975,195
2026-03-02T16:05:00,227.0,228.025,226.9,227.825,204
2026-03-02T16:10:00,227.8,228.2,227.7,227.925,119
2026-03-02T16:15:00,227.925,228.1,227.2,227.275,81
2026-03-02T16:20:00,227.35,227.675,227.3,227.675,75
2026-03-02T16:25:00,227.65,227.775,227.125,227.4,82
2026-03-02T16:30:00,227.4,227.95,227.4,227.95,70
2026-03-02T16:35:00,228.0,228.8,227.875,228.8,88
2026-03-02T16:40:00,228.825,228.95,228.625,228.725,141
2026-03-02T16:45:00,228.675,228.7,228.3,228.4,138
2026-03-02T16:50:00,228.475,228.65,228.225,228.375,53
2026-03-02T16:55:00,228.4,228.425,228.15,228.25,105
2026-03-02T17:00:00,228.225,228.375,227.975,228.35,113
2026-03-02T17:05:00,228.35,228.4,227.525,227.65,158
2026-03-02T17:10:00,227.625,227.9,227.575,227.85,39
2026-03-02T17:15:00,227.85,228.125,227.475,228.05,131
2026-03-02T17:20:00,228.075,228.85,228.075,228.575,94
2026-03-02T17:25:00,228.575,228.875,228.475,228.575,69
2026-03-02T17:30:00,228.55,228.625,228.225,228.375,71
2026-03-02T17:35:00,228.425,228.625,228.375,228.5,22
2026-03-02T17:40:00,228.45,228.75,228.45,228.75,70
2026-03-02T17:45:00,228.7,228.7,228.275,228.325,40
2026-03-02T17:50:00,228.3,228.625,228.225,228.575,43
2026-03-02T17:55:00,228.6,228.875,228.525,228.825,67
2026-03-02T18:00:00,228.825,229.0,228.65,228.725,71
2026-03-02T18:05:00,228.7,228.75,228.475,228.675,41
2026-03-02T18:10:00,228.65,228.875,228.575,228.875,42
2026-03-02T18:15:00,228.9,229.025,228.675,228.775,28
2026-03-02T18:20:00,228.775,228.775,228.45,228.525,60
2026-03-02T18:25:00,228.65,228.75,228.55,228.65,45
2026-03-02T18:30:00,228.625,228.975,228.575,228.925,40
2026-03-02T18:35:00,228.85,229.0,228.85,229.0,130
2026-03-02T18:40:00,229.0,229.8,229.0,229.8,278
2026-03-02T18:45:00,229.825,229.85,229.075,229.175,223
2026-03-02T18:50:00,229.15,229.375,229.0,229.3,162
2026-03-02T18:55:00,229.275,229.75,229.175,229.65,631
2026-03-02T19:00:00,229.625,230.275,229.525,230.175,536
2026-03-03T14:30:00,227.5,228.925,227.425,228.0,1030
2026-03-03T14:35:00,228.025,229.2,227.825,229.1,355
2026-03-03T14:40:00,229.075,229.075,228.6,228.725,335
2026-03-03T14:45:00,228.75,228.775,228.025,228.1,242
2026-03-03T14:50:00,228.075,228.275,227.85,228.2,147
2026-03-03T14:55:00,228.075,228.525,227.925,228.275,186
2026-03-03T15:00:00,228.3,228.5,227.95,228.1,345
2026-03-03T15:05:00,228.175,228.65,228.1,228.55,517
2026-03-03T15:10:00,228.55,228.55,227.65,227.65,257
2026-03-03T15:15:00,227.725,227.85,227.45,227.5,132
2026-03-03T15:20:00,227.525,227.6,227.175,227.375,125
2026-03-03T15:25:00,227.425,227.725,227.425,227.55,86
2026-03-03T15:30:00,227.55,227.9,227.55,227.65,139
2026-03-03T15:35:00,227.675,228.0,227.25,227.825,214
2026-03-03T15:40:00,227.775,228.375,227.75,228.1,259
2026-03-03T15:45:00,228.15,228.275,228.1,228.225,46
2026-03-03T15:50:00,228.175,228.325,227.875,227.95,38
2026-03-03T15:55:00,228.025,228.45,228.0,228.4,63
2026-03-03T16:00:00,228.425,228.7,228.175,228.55,127
2026-03-03T16:05:00,228.575,228.85,228.525,228.85,151
2026-03-03T16:10:00,228.775,229.225,228.575,229.175,115
2026-03-03T16:15:00,229.25,229.55,228.95,229.125,154
2026-03-03T16:20:00,229.075,229.4,229.075,229.3,79
2026-03-03T16:25:00,229.275,229.45,229.2,229.375,89
2026-03-03T16:30:00,229.4,229.475,229.175,229.35,93
2026-03-03T16:35:00,229.375,229.7,229.35,229.475,87
2026-03-03T16:40:00,229.45,229.675,229.35,229.525,127
2026-03-03T16:45:00,229.575,229.725,229.525,229.575,68
2026-03-03T16:50:00,229.575,229.95,229.525,229.75,92
2026-03-03T16:55:00,229.775,229.825,229.375,229.425,44
2026-03-03T17:00:00,229.45,230.2,229.325,230.2,132
2026-03-03T17:05:00,230.2,230.875,230.2,230.55,298
2026-03-03T17:10:00,230.6,230.675,230.25,230.45,157
2026-03-03T17:15:00,230.375,230.475,230.25,230.25,64
2026-03-03T17:20:00,230.25,230.475,230.1,230.4,94
2026-03-03T17:25:00,230.45,230.45,230.25,230.325,27
2026-03-03T17:30:00,230.275,230.275,230.05,230.175,43
2026-03-03T17:35:00,230.15,230.175,230.0,230.05,41
2026-03-03T17:40:00,230.125,230.15,229.95,229.975,39
2026-03-03T17:45:00,230.0,230.025,229.75,229.825,58
2026-03-03T17:50:00,229.825,229.85,229.725,229.775,21
2026-03-03T17:55:00,229.75,230.025,229.75,230.025,40
2026-03-03T18:00:00,229.975,230.25,229.925,230.225,62
2026-03-03T18:05:00,230.225,230.4,229.975,230.375,110
2026-03-03T18:10:00,230.35,230.35,230.075,230.15,71
2026-03-03T18:15:00,230.225,230.45,230.2,230.2,29
2026-03-03T18:20:00,230.2,230.425,230.1,230.4,74
2026-03-03T18:25:00,230.4,230.925,230.375,230.675,158
2026-03-03T18:30:00,230.65,230.65,230.2,230.4,196
2026-03-03T18:35:00,230.425,230.75,230.425,230.6,50
2026-03-03T18:40:00,230.625,230.725,230.475,230.55,65
2026-03-03T18:45:00,230.55,230.75,230.475,230.675,112
2026-03-03T18:50:00,230.675,230.775,230.625,230.675,109
2026-03-03T18:55:00,230.675,230.75,230.525,230.75,394
2026-03-03T19:00:00,230.75,230.925,230.675,230.725,188
2026-03-04T14:30:00,231.475,233.575,231.175,233.3,1545
2026-03-04T14:35:00,233.375,233.775,232.9,233.35,575
2026-03-04T14:40:00,233.35,233.675,233.175,233.45,423
2026-03-04T14:45:00,233.375,233.6,233.175,233.475,368
2026-03-04T14:50:00,233.475,234.075,233.125,234.05,361
2026-03-04T14:55:00,234.1,234.275,233.875,234.05,339
2026-03-04T15:00:00,234.1,234.175,233.675,234.125,360
2026-03-04T15:05:00,234.125,234.75,233.825,234.525,614
2026-03-04T15:10:00,234.6,235.375,234.6,235.3,810
2026-03-04T15:15:00,235.35,235.425,234.825,234.825,189
2026-03-04T15:20:00,234.9,235.075,234.5,234.5,219
2026-03-04T15:25:00,234.4,235.475,234.3,235.45,729
2026-03-04T15:30:00,235.425,235.725,235.2,235.2,633
2026-03-04T15:35:00,235.2,235.375,234.825,234.9,336
2026-03-04T15:40:00,234.875,235.225,234.85,235.2,255
2026-03-04T15:45:00,235.175,235.25,234.875,235.025,93
2026-03-04T15:50:00,235.05,235.15,234.875,234.975,56
2026-03-04T15:55:00,234.925,235.675,234.9,235.6,191
2026-03-04T16:00:00,235.575,235.825,235.575,235.575,236
2026-03-04T16:05:00,235.55,235.55,235.375,235.475,94
2026-03-04T16:10:00,235.475,235.575,235.275,235.35,122
2026-03-04T16:15:00,235.25,235.525,235.225,235.475,107
2026-03-04T16:20:00,235.525,235.825,235.525,235.75,407
2026-03-04T16:25:00,235.775,235.85,235.725,235.775,126
2026-03-04T16:30:00,235.8,235.9,235.425,235.5,430
2026-03-04T16:35:00,235.475,235.575,235.25,235.3,79
2026-03-04T16:40:00,235.275,235.3,234.725,234.95,342
2026-03-04T16:45:00,234.9,235.125,234.55,234.75,322
2026-03-04T16:50:00,234.75,234.8,233.9,233.975,437
2026-03-04T16:55:00,234.0,234.175,233.75,233.95,205
2026-03-04T17:00:00,233.9,234.15,233.825,234.15,112
2026-03-04T17:05:00,234.1,234.2,234.025,234.15,63
2026-03-04T17:10:00,234.15,234.425,234.025,234.4,76
2026-03-04T17:15:00,234.3,234.55,234.225,234.375,92
2026-03-04T17:20:00,234.425,234.55,234.275,234.275,82
2026-03-04T17:25:00,234.325,234.375,234.1,234.225,39
2026-03-04T17:30:00,234.2,234.3,234.15,234.275,36
2026-03-04T17:35:00,234.25,234.275,234.1,234.225,79
2026-03-04T17:40:00,234.3,234.425,234.125,234.225,45
2026-03-04T17:45:00,234.1,234.4,234.075,234.4,48
2026-03-04T17:50:00,234.4,234.725,234.4,234.6,51
2026-03-04T17:55:00,234.65,234.7,234.575,234.675,32
2026-03-04T18:00:00,234.675,234.75,234.675,234.75,47
2026-03-04T18:05:00,234.775,234.775,234.675,234.75,42
2026-03-04T18:10:00,234.7,234.725,234.55,234.6,44
2026-03-04T18:15:00,234.6,234.9,234.575,234.85,77
2026-03-04T18:20:00,234.875,235.075,234.775,235.075,58
2026-03-04T18:25:00,235.0,235.1,235.0,235.025,137
2026-03-04T18:30:00,235.05,235.225,235.05,235.1,70
2026-03-04T18:35:00,235.1,235.175,235.05,235.1,37
2026-03-04T18:40:00,235.1,235.225,235.1,235.2,53
2026-03-04T18:45:00,235.225,235.325,235.125,235.15,100
2026-03-04T18:50:00,235.15,235.225,235.05,235.2,196
2026-03-04T18:55:00,235.175,235.25,235.025,235.2,926
2026-03-04T19:00:00,235.175,235.275,235.1,235.15,166
2026-03-05T14:30:00,234.7,235.575,234.325,234.85,615
2026-03-05T14:35:00,234.9,235.225,234.8,235.2,188
2026-03-05T14:40:00,235.225,235.5,235.025,235.3,288
2026-03-05T14:45:00,235.3,235.55,235.3,235.525,230
2026-03-05T14:50:00,235.525,236.375,235.5,236.275,526
2026-03-05T14:55:00,236.375,236.475,235.975,236.1,491
2026-03-05T15:00:00,236.125,236.2,235.875,235.975,98
2026-03-05T15:05:00,236.0,236.0,235.675,235.9,191
2026-03-05T15:10:00,235.85,236.225,235.825,236.225,127
2026-03-05T15:15:00,236.25,236.425,236.15,236.15,148
2026-03-05T15:20:00,236.125,236.225,235.775,235.85,165
2026-03-05T15:25:00,235.825,235.875,235.45,235.55,155
2026-03-05T15:30:00,235.55,235.55,235.15,235.25,203
2026-03-05T15:35:00,235.3,235.6,235.175,235.6,93
2026-03-05T15:40:00,235.575,235.75,235.425,235.625,139
2026-03-05T15:45:00,235.6,235.85,235.55,235.55,87
2026-03-05T15:50:00,235.525,235.675,235.475,235.55,60
2026-03-05T15:55:00,235.525,235.675,235.325,235.675,68
2026-03-05T16:00:00,235.55,235.6,235.425,235.525,93
2026-03-05T16:05:00,235.5,235.65,235.25,235.275,151
2026-03-05T16:10:00,235.275,235.275,234.75,234.9,244
2026-03-05T16:15:00,234.95,235.0,234.8,234.825,84
2026-03-05T16:20:00,234.825,234.825,234.45,234.45,126
2026-03-05T16:25:00,234.425,234.525,234.25,234.45,173
2026-03-05T16:30:00,234.475,234.925,234.475,234.65,109
2026-03-05T16:35:00,234.6,234.925,234.6,234.875,77
2026-03-05T16:40:00,234.875,235.2,234.875,235.2,86
2026-03-05T16:45:00,235.225,235.7,235.225,235.35,185
2026-03-05T16:50:00,235.35,235.5,235.225,235.4,73
2026-03-05T16:55:00,235.475,235.6,235.425,235.575,77
2026-03-05T17:00:00,235.6,235.8,235.55,235.575,169
2026-03-05T17:05:00,235.65,235.725,235.575,235.575,42
2026-03-05T17:10:00,235.575,235.65,235.45,235.525,43
2026-03-05T17:15:00,235.575,235.575,235.4,235.475,89
2026-03-05T17:20:00,235.475,235.55,235.35,235.35,88
2026-03-05T17:25:00,235.275,235.425,235.225,235.4,119
2026-03-05T17:30:00,235.4,235.575,235.375,235.475,52
2026-03-05T17:35:00,235.5,235.525,234.875,234.95,112
2026-03-05T17:40:00,234.975,235.275,234.975,235.25,42
2026-03-05T17:45:00,235.175,235.225,235.05,235.075,37
2026-03-05T17:50:00,235.05,235.4,235.025,235.4,113
2026-03-05T17:55:00,235.4,235.425,235.35,235.375,21
2026-03-05T18:00:00,235.375,235.425,235.2,235.25,46
2026-03-05T18:05:00,235.225,235.65,235.225,235.275,70
2026-03-05T18:10:00,235.325,235.425,235.25,235.25,51
2026-03-05T18:15:00,235.275,235.275,235.075,235.175,32
2026-03-05T18:20:00,235.175,235.175,235.05,235.175,27
2026-03-05T18:25:00,235.125,235.125,234.925,235.075,170
2026-03-05T18:30:00,235.15,235.25,235.0,235.1,81
2026-03-05T18:35:00,235.175,235.325,235.175,235.275,32
2026-03-05T18:40:00,235.3,235.5,235.3,235.375,95
2026-03-05T18:45:00,235.325,235.325,235.1,235.15,64
2026-03-05T18:50:00,235.125,235.125,234.95,234.975,100
2026-03-05T18:55:00,235.0,235.4,235.0,235.325,608
2026-03-05T19:00:00,235.325,235.375,235.225,235.35,151
2026-03-06T14:30:00,234.675,234.675,233.275,234.2,1033
2026-03-06T14:35:00,234.175,234.175,233.3,233.4,312
2026-03-06T14:40:00,233.4,233.6,232.775,233.0,361
2026-03-06T14:45:00,233.025,233.375,232.9,233.175,193
2026-03-06T14:50:00,233.225,233.65,233.2,233.3,167
2026-03-06T14:55:00,233.35,233.475,232.7,232.925,224
2026-03-06T15:00:00,232.95,233.575,232.95,233.175,172
2026-03-06T15:05:00,233.075,233.55,233.0,233.45,99
2026-03-06T15:10:00,233.475,233.875,233.175,233.7,177
2026-03-06T15:15:00,233.675,234.575,233.625,234.125,398
2026-03-06T15:20:00,234.175,235.05,234.175,235.0,431
2026-03-06T15:25:00,234.95,235.25,234.725,234.85,302
2026-03-06T15:30:00,234.9,235.35,234.825,235.3,116
2026-03-06T15:35:00,235.275,235.5,235.05,235.275,219
2026-03-06T15:40:00,235.375,235.375,234.85,234.925,110
2026-03-06T15:45:00,234.925,234.95,234.65,234.65,116
2026-03-06T15:50:00,234.675,234.7,234.4,234.7,99
2026-03-06T15:55:00,234.725,234.825,234.6,234.6,91
2026-03-06T16:00:00,234.5,234.675,234.5,234.575,79
2026-03-06T16:05:00,234.55,234.55,233.925,233.925,96
2026-03-06T16:10:00,233.975,234.275,233.875,234.175,94
2026-03-06T16:15:00,234.2,234.375,234.15,234.25,82
2026-03-06T16:20:00,234.2,234.35,234.0,234.075,133
2026-03-06T16:25:00,234.025,234.125,233.65,233.8,127
2026-03-06T16:30:00,233.9,234.075,233.725,234.075,93
2026-03-06T16:35:00,234.05,234.15,233.975,234.1,47
2026-03-06T16:40:00,234.175,234.275,233.975,234.0,89
2026-03-06T16:45:00,234.025,234.075,233.8,233.85,89
2026-03-06T16:50:00,233.9,233.95,233.725,233.85,51
2026-03-06T16:55:00,233.875,233.9,233.6,233.625,74
2026-03-06T17:00:00,233.55,233.625,233.2,233.55,188
2026-03-06T17:05:00,233.525,233.525,232.9,233.0,207
2026-03-06T17:10:00,233.0,233.15,232.85,232.9,106
2026-03-06T17:15:00,232.875,232.95,232.3,232.425,248
2026-03-06T17:20:00,232.425,233.15,232.425,232.925,212
2026-03-06T17:25:00,232.925,232.975,232.775,232.775,122
2026-03-06T17:30:00,232.725,233.0,232.575,232.875,84
2026-03-06T17:35:00,232.875,232.9,232.375,232.425,135
2026-03-06T17:40:00,232.425,232.425,231.4,231.75,725
2026-03-06T17:45:00,231.75,231.775,231.125,231.225,899
2026-03-06T17:50:00,231.2,231.325,230.825,231.3,756
2026-03-06T17:55:00,231.3,231.475,230.575,230.625,439
2026-03-06T18:00:00,230.65,230.675,230.1,230.525,237
2026-03-06T18:05:00,230.55,230.65,230.375,230.6,195
2026-03-06T18:10:00,230.575,231.25,230.425,231.2,171
2026-03-06T18:15:00,231.225,231.925,231.225,231.9,288
2026-03-06T18:20:00,231.925,232.025,231.75,231.925,138
2026-03-06T18:25:00,231.9,231.975,231.475,231.575,67
2026-03-06T18:30:00,231.6,231.7,231.25,231.325,83
2026-03-06T18:35:00,231.275,231.675,231.225,231.475,218
2026-03-06T18:40:00,231.45,231.45,231.05,231.35,79
2026-03-06T18:45:00,231.3,231.3,230.95,231.1,224
2026-03-06T18:50:00,231.1,231.375,231.025,231.2,108
2026-03-06T18:55:00,231.175,231.625,230.975,231.55,2630
2026-03-06T19:00:00,231.55,231.55,230.725,231.15,809
2026-03-09T13:30:00,224.85,227.2,224.225,226.825,2739
2026-03-09T13:35:00,226.75,227.475,226.475,226.675,549
2026-03-09T13:40:00,226.7,227.625,226.65,226.775,560
2026-03-09T13:45:00,226.675,227.3,226.675,227.05,238
2026-03-09T13:50:00,227.025,227.3,226.7,226.7,212
2026-03-09T13:55:00,226.6,226.8,226.0,226.0,235
2026-03-09T14:00:00,225.975,225.975,225.225,225.625,461
2026-03-09T14:05:00,225.65,225.675,225.075,225.675,332
2026-03-09T14:10:00,225.575,225.6,225.1,225.3,222
2026-03-09T14:15:00,225.35,225.425,224.85,225.4,212
2026-03-09T14:20:00,225.4,225.85,225.2,225.575,205
2026-03-09T14:25:00,225.65,226.325,225.65,226.15,296
2026-03-09T14:30:00,226.05,226.45,226.0,226.125,345
2026-03-09T14:35:00,226.125,226.15,225.3,225.375,138
2026-03-09T14:40:00,225.25,226.2,225.25,226.15,193
2026-03-09T14:45:00,226.1,226.45,226.1,226.15,166
2026-03-09T14:50:00,226.075,226.525,226.0,226.375,134
2026-03-09T14:55:00,226.4,226.9,226.325,226.65,134
2026-03-09T15:00:00,226.525,226.725,226.2,226.275,138
2026-03-09T15:05:00,226.225,226.375,225.9,225.9,278
2026-03-09T15:10:00,225.875,225.95,225.6,225.8,121
2026-03-09T15:15:00,225.825,226.0,225.7,225.9,114
2026-03-09T15:20:00,225.9,226.225,225.9,226.15,78
2026-03-09T15:25:00,226.175,226.5,226.0,226.35,95
2026-03-09T15:30:00,226.35,226.5,226.025,226.25,106
2026-03-09T15:35:00,226.325,226.425,226.225,226.225,106
2026-03-09T15:40:00,226.175,226.725,225.925,226.625,119
2026-03-09T15:45:00,226.7,226.875,226.525,226.55,184
2026-03-09T15:50:00,226.6,227.2,226.575,227.2,167
2026-03-09T15:55:00,227.175,227.2,226.875,226.975,149
2026-03-09T16:00:00,227.0,227.275,226.875,226.9,155
2026-03-09T16:05:00,226.925,227.0,226.75,226.95,77
2026-03-09T16:10:00,226.975,227.05,226.9,226.95,40
2026-03-09T16:15:00,226.9,227.025,226.675,226.725,166
2026-03-09T16:20:00,226.725,227.175,226.625,227.175,80
2026-03-09T16:25:00,227.1,227.925,227.05,227.5,257
2026-03-09T16:30:00,227.45,227.6,227.175,227.275,70
2026-03-09T16:35:00,227.25,227.45,227.15,227.3,114
2026-03-09T16:40:00,227.325,227.65,227.325,227.575,85
2026-03-09T16:45:00,227.5,227.5,227.05,227.075,99
2026-03-09T16:50:00,227.075,227.5,227.0,227.5,77
2026-03-09T16:55:00,227.55,227.675,227.5,227.625,36
2026-03-09T17:00:00,227.575,227.875,227.575,227.775,104
2026-03-09T17:05:00,227.675,227.85,227.6,227.625,68
2026-03-09T17:10:00,227.675,227.675,227.425,227.45,82
2026-03-09T17:15:00,227.575,227.725,227.475,227.725,51
2026-03-09T17:20:00,227.7,227.7,227.325,227.475,89
2026-03-09T17:25:00,227.475,227.525,227.3,227.35,56
2026-03-09T17:30:00,227.375,227.575,227.225,227.225,108
2026-03-09T17:35:00,227.225,227.525,227.225,227.5,105
2026-03-09T17:40:00,227.475,227.525,227.275,227.4,132
2026-03-09T17:45:00,227.4,227.675,227.325,227.475,94
2026-03-09T17:50:00,227.5,227.75,227.475,227.7,136
2026-03-09T17:55:00,227.75,227.9,227.275,227.35,1364
2026-03-09T18:00:00,227.325,227.6,227.3,227.325,242
2026-03-10T13:30:00,228.525,229.35,228.1,228.85,1137
2026-03-10T13:35:00,228.8,229.4,228.625,228.925,412
2026-03-10T13:40:00,228.95,228.975,228.525,228.525,471
2026-03-10T13:45:00,228.525,228.975,228.5,228.85,303
2026-03-10T13:50:00,228.9,229.125,228.775,228.825,156
2026-03-10T13:55:00,228.8,229.15,228.55,228.925,237
2026-03-10T14:00:00,228.95,229.15,228.7,229.1,100
2026-03-10T14:05:00,229.05,229.25,228.55,228.625,129
2026-03-10T14:10:00,228.6,229.2,228.6,229.025,140
2026-03-10T14:15:00,229.1,229.125,228.825,228.875,82
2026-03-10T14:20:00,228.9,229.275,228.55,229.225,195
2026-03-10T14:25:00,229.2,229.675,229.075,229.575,199
2026-03-10T14:30:00,229.65,229.975,229.575,229.825,231
2026-03-10T14:35:00,229.825,229.85,229.625,229.65,176
2026-03-10T14:40:00,229.7,229.8,229.4,229.75,113
2026-03-10T14:45:00,229.75,230.05,229.7,229.95,317
2026-03-10T14:50:00,229.925,230.075,229.7,230.075,305
2026-03-10T14:55:00,230.05,230.075,229.5,229.775,226
2026-03-10T15:00:00,229.8,229.85,229.575,229.625,86
2026-03-10T15:05:00,229.575,229.575,229.05,229.15,132
2026-03-10T15:10:00,229.175,229.475,229.15,229.475,86
2026-03-10T15:15:00,229.45,229.475,229.25,229.325,120
2026-03-10T15:20:00,229.35,229.45,228.925,229.05,117
2026-03-10T15:25:00,229.025,229.475,229.0,229.425,85
2026-03-10T15:30:00,229.325,229.65,229.3,229.4,106
2026-03-10T15:35:00,229.425,229.625,229.325,229.35,59
2026-03-10T15:40:00,229.375,229.475,229.25,229.35,47
2026-03-10T15:45:00,229.375,229.425,229.025,229.3,92
2026-03-10T15:50:00,229.325,229.5,229.325,229.475,36
2026-03-10T15:55:00,229.5,229.975,229.45,229.975,200
2026-03-10T16:00:00,229.975,229.975,229.65,229.725,68
2026-03-10T16:05:00,229.725,230.075,229.7,230.025,249
2026-03-10T16:10:00,230.025,230.1,229.75,230.05,155
2026-03-10T16:15:00,230.075,230.125,229.95,230.05,82
2026-03-10T16:20:00,230.025,230.075,229.9,229.975,171
2026-03-10T16:25:00,229.95,230.675,229.95,230.5,506
2026-03-10T16:30:00,230.5,230.625,230.125,230.35,276
2026-03-10T16:35:00,230.375,230.55,230.2,230.25,153
2026-03-10T16:40:00,230.275,230.3,230.05,230.05,50
2026-03-10T16:45:00,230.0,230.0,228.9,229.5,431
2026-03-10T16:50:00,229.375,229.725,229.375,229.7,69
2026-03-10T16:55:00,229.725,230.05,229.65,229.775,178
2026-03-10T17:00:00,229.8,229.875,229.675,229.75,75
2026-03-10T17:05:00,229.75,229.9,229.475,229.575,134
2026-03-10T17:10:00,229.6,229.95,229.575,229.9,54
2026-03-10T17:15:00,229.9,230.1,229.875,230.0,156
2026-03-10T17:20:00,230.075,230.15,229.975,230.05,68
2026-03-10T17:25:00,230.1,230.2,230.05,230.15,84
2026-03-10T17:30:00,230.175,230.25,229.9,229.925,78
2026-03-10T17:35:00,229.875,230.0,229.525,229.775,154
2026-03-10T17:40:00,229.8,230.15,229.725,229.925,132
2026-03-10T17:45:00,230.0,230.125,229.925,230.075,186
2026-03-10T17:50:00,230.1,230.2,230.05,230.15,62
2026-03-10T17:55:00,230.15,230.325,229.925,230.075,1121
2026-03-10T18:00:00,230.1,230.2,230.025,230.2,137
2026-03-11T13:30:00,229.25,229.25,227.575,228.275,955
2026-03-11T13:35:00,228.275,228.9,228.1,228.675,356
2026-03-11T13:40:00,228.675,229.4,228.45,229.275,323
2026-03-11T13:45:00,229.225,229.325,228.85,228.925,304
2026-03-11T13:50:00,229.0,229.15,228.125,228.625,692
2026-03-11T13:55:00,228.625,229.0,228.55,228.825,185
2026-03-11T14:00:00,228.8,229.0,228.45,228.575,316
2026-03-11T14:05:00,228.575,228.975,228.575,228.75,253
2026-03-11T14:10:00,228.675,228.925,228.525,228.675,157
2026-03-11T14:15:00,228.7,229.325,228.7,228.8,348
2026-03-11T14:20:00,228.75,228.875,228.625,228.8,182
2026-03-11T14:25:00,228.8,229.125,228.6,229.1,191
2026-03-11T14:30:00,229.175,229.275,228.75,228.775,158
2026-03-11T14:35:00,228.8,229.025,228.725,228.95,100
2026-03-11T14:40:00,228.9,228.95,228.65,228.925,58
2026-03-11T14:45:00,228.9,229.025,228.775,228.975,25
2026-03-11T14:50:00,228.95,229.2,228.875,229.15,125
2026-03-11T14:55:00,229.25,229.4,229.125,229.125,83
2026-03-11T15:00:00,229.1,229.2,228.45,228.65,355
2026-03-11T15:05:00,228.675,229.125,228.675,229.0,144
2026-03-11T15:10:00,228.975,229.2,228.525,228.575,267
2026-03-11T15:15:00,228.55,228.75,228.45,228.525,236
2026-03-11T15:20:00,228.525,228.825,228.45,228.75,235
2026-03-11T15:25:00,228.75,228.75,228.45,228.45,143
2026-03-11T15:30:00,228.425,228.575,228.375,228.55,116
2026-03-11T15:35:00,228.55,228.625,228.475,228.525,75
2026-03-11T15:40:00,228.55,228.7,228.5,228.525,111
2026-03-11T15:45:00,228.575,228.575,227.825,228.0,536
2026-03-11T15:50:00,227.975,228.525,227.975,228.425,188
2026-03-11T15:55:00,228.375,228.65,228.35,228.4,70
2026-03-11T16:00:00,228.35,228.425,228.1,228.2,107
2026-03-11T16:05:00,228.15,228.325,227.875,227.9,104
2026-03-11T16:10:00,227.9,228.05,227.8,228.025,223
2026-03-11T16:15:00,227.975,228.0,227.375,227.75,183
2026-03-11T16:20:00,227.775,227.975,227.625,227.8,90
2026-03-11T16:25:00,227.8,228.0,227.75,227.95,82
2026-03-11T16:30:00,227.925,227.925,227.675,227.725,48
2026-03-11T16:35:00,227.725,227.875,227.6,227.625,80
2026-03-11T16:40:00,227.65,228.1,227.625,227.95,322
2026-03-11T16:45:00,227.925,228.275,227.85,228.2,380
2026-03-11T16:50:00,228.125,228.35,228.025,228.275,199
2026-03-11T16:55:00,228.3,228.35,228.225,228.225,58
2026-03-11T17:00:00,228.25,228.275,228.125,228.225,121
2026-03-11T17:05:00,228.2,228.225,228.025,228.05,71
2026-03-11T17:10:00,228.0,228.125,227.9,227.9,104
2026-03-11T17:15:00,227.9,228.125,227.875,228.125,38
2026-03-11T17:20:00,228.125,228.225,228.1,228.1,43
2026-03-11T17:25:00,228.075,228.175,227.95,228.125,56
2026-03-11T17:30:00,228.15,228.425,228.15,228.3,49
2026-03-11T17:35:00,228.3,228.425,227.875,227.95,99
2026-03-11T17:40:00,227.95,228.15,227.95,228.0,38
2026-03-11T17:45:00,228.0,228.425,228.0,228.375,194
2026-03-11T17:50:00,228.4,228.575,228.275,228.425,198
2026-03-11T17:55:00,228.45,228.45,227.925,228.025,1421
2026-03-11T18:00:00,228.05,228.175,227.875,228.025,149
2026-03-12T13:30:00,227.675,227.9,226.75,227.5,1139
2026-03-12T13:35:00,227.5,227.625,227.025,227.15,444
2026-03-12T13:40:00,227.125,227.55,227.125,227.525,170
2026-03-12T13:45:00,227.45,227.85,227.1,227.375,319
2026-03-12T13:50:00,227.375,228.2,227.175,228.05,256
2026-03-12T13:55:00,228.075,228.25,227.9,228.125,198
2026-03-12T14:00:00,228.25,228.4,228.025,228.225,160
2026-03-12T14:05:00,228.275,228.9,228.175,228.75,255
2026-03-12T14:10:00,228.825,228.875,228.275,228.55,292
2026-03-12T14:15:00,228.575,228.625,228.0,228.075,152
2026-03-12T14:20:00,228.025,228.025,227.375,227.5,259
2026-03-12T14:25:00,227.525,227.8,227.525,227.55,164
2026-03-12T14:30:00,227.525,227.8,227.425,227.575,170
2026-03-12T14:35:00,227.65,227.8,227.475,227.6,100
2026-03-12T14:40:00,227.675,227.8,227.425,227.725,113
2026-03-12T14:45:00,227.75,228.6,227.75,228.1,199
2026-03-12T14:50:00,228.125,228.825,228.125,228.675,262
2026-03-12T14:55:00,228.65,228.7,228.35,228.575,134
2026-03-12T15:00:00,228.575,228.725,228.425,228.7,114
2026-03-12T15:05:00,228.725,228.8,228.3,228.3,109
2026-03-12T15:10:00,228.3,228.4,228.1,228.2,146
2026-03-12T15:15:00,228.225,228.825,228.175,228.8,135
2026-03-12T15:20:00,228.825,229.025,228.325,228.7,202
2026-03-12T15:25:00,228.7,229.25,228.55,229.05,238
2026-03-12T15:30:00,229.075,229.225,228.9,228.9,183
2026-03-12T15:35:00,228.9,229.025,228.55,228.8,172
2026-03-12T15:40:00,228.8,229.175,228.8,229.15,125
2026-03-12T15:45:00,229.175,229.55,228.95,229.5,237
2026-03-12T15:50:00,229.525,229.925,229.5,229.65,315
2026-03-12T15:55:00,229.6,230.05,229.525,229.85,131
2026-03-12T16:00:00,229.8,230.175,229.575,229.675,226
2026-03-12T16:05:00,229.725,229.825,229.2,229.25,136
2026-03-12T16:10:00,229.15,229.575,229.15,229.425,97
2026-03-12T16:15:00,229.425,229.675,229.425,229.5,101
2026-03-12T16:20:00,229.45,229.775,229.45,229.7,87
2026-03-12T16:25:00,229.725,229.75,229.15,229.4,147
2026-03-12T16:30:00,229.4,229.425,229.225,229.275,81
2026-03-12T16:35:00,229.3,229.35,229.075,229.325,108
2026-03-12T16:40:00,229.4,230.0,229.4,230.0,119
2026-03-12T16:45:00,229.95,229.95,229.3,229.4,154
2026-03-12T16:50:00,229.375,229.575,229.325,229.35,69
2026-03-12T16:55:00,229.35,229.45,229.275,229.375,58
2026-03-12T17:00:00,229.375,229.75,229.375,229.75,82
2026-03-12T17:05:00,229.775,229.975,229.7,229.95,245
2026-03-12T17:10:00,229.925,230.1,229.875,229.95,68
2026-03-12T17:15:00,229.925,230.0,229.725,229.85,112
2026-03-12T17:20:00,229.8,229.8,229.575,229.675,63
2026-03-12T17:25:00,229.725,229.75,229.525,229.55,62
2026-03-12T17:30:00,229.575,229.675,229.5,229.5,102
2026-03-12T17:35:00,229.5,229.85,229.475,229.75,77
2026-03-12T17:40:00,229.775,229.85,229.65,229.675,52
2026-03-12T17:45:00,229.675,229.775,229.6,229.725,70
2026-03-12T17:50:00,229.75,229.875,229.45,229.575,85
2026-03-12T17:55:00,229.55,229.55,229.225,229.275,699
2026-03-12T18:00:00,229.3,229.825,229.275,229.8,254
2026-03-13T13:30:00,230.475,231.15,230.175,230.45,1140
2026-03-13T13:35:00,230.5,230.85,230.325,230.4,536
2026-03-13T13:40:00,230.4,230.6,230.35,230.45,250
2026-03-13T13:45:00,230.425,230.6,229.75,229.925,545
2026-03-13T13:50:00,229.9,229.9,229.325,229.775,366
2026-03-13T13:55:00,229.8,229.975,229.5,229.675,178
2026-03-13T14:00:00,229.7,229.725,229.475,229.6,136
2026-03-13T14:05:00,229.625,229.625,229.125,229.125,275
2026-03-13T14:10:00,229.15,229.55,228.925,229.4,342
2026-03-13T14:15:00,229.425,229.75,229.425,229.575,108
2026-03-13T14:20:00,229.725,230.15,229.575,229.875,232
2026-03-13T14:25:00,229.9,229.925,229.675,229.675,117
2026-03-13T14:30:00,229.7,229.875,229.525,229.725,136
2026-03-13T14:35:00,229.675,229.675,229.4,229.55,119
2026-03-13T14:40:00,229.575,229.575,229.25,229.4,132
2026-03-13T14:45:00,229.375,229.5,228.875,228.9,144
2026-03-13T14:50:00,228.85,229.175,228.85,229.1,143
2026-03-13T14:55:00,229.125,229.225,229.0,229.05,81
2026-03-13T15:00:00,229.075,229.525,229.05,229.35,128
2026-03-13T15:05:00,229.35,229.575,229.35,229.45,127
2026-03-13T15:10:00,229.425,229.45,229.225,229.35,122
2026-03-13T15:15:00,229.3,229.3,229.05,229.225,94
2026-03-13T15:20:00,229.25,229.425,229.075,229.15,115
2026-03-13T15:25:00,229.15,229.175,228.825,228.875,109
2026-03-13T15:30:00,228.85,228.875,228.7,228.85,195
2026-03-13T15:35:00,228.85,228.9,228.625,228.75,117
2026-03-13T15:40:00,228.75,228.775,228.2,228.25,359
2026-03-13T15:45:00,228.25,229.0,228.225,228.775,163
2026-03-13T15:50:00,228.85,229.15,228.775,229.0,87
2026-03-13T15:55:00,228.9,229.25,228.9,229.025,59
2026-03-13T16:00:00,228.95,228.975,228.725,228.95,89
2026-03-13T16:05:00,228.9,229.2,228.825,229.075,50
2026-03-13T16:10:00,229.1,229.175,229.025,229.15,73
2026-03-13T16:15:00,229.15,229.15,228.875,228.925,52
2026-03-13T16:20:00,228.925,229.2,228.925,229.175,73
2026-03-13T16:25:00,229.175,229.45,229.15,229.35,175
2026-03-13T16:30:00,229.3,229.4,229.2,229.2,71
2026-03-13T16:35:00,229.2,229.325,229.025,229.15,76
2026-03-13T16:40:00,229.15,229.35,229.15,229.175,49
2026-03-13T16:45:00,229.15,229.5,229.125,229.25,81
2026-03-13T16:50:00,229.3,229.925,229.25,229.9,315
2026-03-13T16:55:00,229.85,229.85,229.35,229.375,200
2026-03-13T17:00:00,229.4,229.55,229.225,229.525,149
2026-03-13T17:05:00,229.475,229.525,229.075,229.25,124
2026-03-13T17:10:00,229.25,229.35,229.175,229.3,47
2026-03-13T17:15:00,229.3,229.325,229.175,229.2,66
2026-03-13T17:20:00,229.275,229.3,229.075,229.3,57
2026-03-13T17:25:00,229.275,229.325,229.175,229.275,38
2026-03-13T17:30:00,229.25,229.275,228.975,229.025,94
2026-03-13T17:35:00,229.025,229.025,228.375,228.375,174
2026-03-13T17:40:00,228.35,228.35,228.05,228.2,168
2026-03-13T17:45:00,228.275,228.575,228.275,228.5,132
2026-03-13T17:50:00,228.45,229.0,228.275,228.85,222
2026-03-13T17:55:00,228.9,229.15,228.8,228.975,1019
2026-03-13T18:00:00,228.975,228.975,228.675,228.85,213
2026-03-16T13:30:00,228.925,231.65,228.85,231.55,1003
2026-03-16T13:35:00,231.625,231.625,231.125,231.6,341
2026-03-16T13:40:00,231.65,231.925,231.35,231.7,402
2026-03-16T13:45:00,231.675,231.675,231.225,231.3,291
2026-03-16T13:50:00,231.275,231.375,230.825,231.025,202
2026-03-16T13:55:00,231.05,231.325,231.0,231.25,140
2026-03-16T14:05:00,231.25,231.275,231.0,231.075,91
2026-03-16T14:10:00,231.075,231.15,230.7,230.925,228
2026-03-16T14:15:00,230.875,231.075,230.85,230.9,102
2026-03-16T14:20:00,230.85,231.0,230.55,230.6,181
2026-03-16T14:25:00,230.625,230.775,230.6,230.6,56
2026-03-16T14:30:00,230.625,230.825,230.575,230.6,150
2026-03-16T14:35:00,230.6,230.65,230.325,230.45,135
2026-03-16T14:40:00,230.425,230.725,230.4,230.525,101
2026-03-16T14:45:00,230.575,230.825,230.525,230.775,113
2026-03-16T14:50:00,230.8,230.9,230.675,230.85,167
2026-03-16T14:55:00,230.875,231.025,230.85,230.95,138
2026-03-16T15:00:00,230.975,231.1,230.875,230.875,159
2026-03-16T15:05:00,230.85,231.0,230.65,230.975,223
2026-03-16T15:10:00,230.975,231.125,230.65,231.075,218
2026-03-16T15:15:00,231.075,231.125,230.9,230.925,94
2026-03-16T15:20:00,230.9,231.05,230.875,230.975,65
2026-03-16T15:25:00,231.0,231.075,230.95,231.025,65
2026-03-16T15:30:00,231.05,231.275,231.025,231.2,195
2026-03-16T15:35:00,231.225,231.275,231.175,231.25,67
2026-03-16T15:40:00,231.275,231.45,231.275,231.4,104
2026-03-16T15:45:00,231.35,231.425,231.2,231.4,87
2026-03-16T15:50:00,231.4,231.65,231.3,231.6,322
2026-03-16T15:55:00,231.575,231.575,231.375,231.55,120
2026-03-16T16:00:00,231.525,231.575,231.35,231.525,91
2026-03-16T16:05:00,231.55,231.775,231.55,231.725,120
2026-03-16T16:10:00,231.725,231.925,231.725,231.875,180
2026-03-16T16:15:00,231.875,231.925,231.825,231.825,81
2026-03-16T16:20:00,231.85,231.9,231.65,231.675,128
2026-03-16T16:25:00,231.725,232.075,231.7,231.9,207
2026-03-16T16:30:00,231.875,231.9,231.675,231.725,94
2026-03-16T16:35:00,231.775,231.825,231.65,231.825,88
2026-03-16T16:40:00,231.875,232.075,231.875,232.05,108
2026-03-16T16:45:00,232.025,232.3,231.95,232.125,153
2026-03-16T16:50:00,232.125,232.325,232.125,232.25,202
2026-03-16T16:55:00,232.275,232.275,232.025,232.025,59
2026-03-16T17:00:00,232.0,232.275,231.975,232.2,99
2026-03-16T17:05:00,232.2,232.225,231.95,231.975,50
2026-03-16T17:10:00,232.025,232.15,232.0,232.05,78
2026-03-16T17:15:00,232.0,232.05,231.875,232.025,172
2026-03-16T17:20:00,232.025,232.05,231.9,232.0,46
2026-03-16T17:25:00,231.975,232.0,231.875,231.875,43
2026-03-16T17:30:00,231.85,231.95,231.675,231.75,56
2026-03-16T17:35:00,231.8,231.925,231.725,231.9,88
2026-03-16T17:40:00,231.9,232.15,231.875,232.15,67
2026-03-16T17:45:00,232.075,232.175,232.025,232.1,88
2026-03-16T17:50:00,232.125,232.15,231.95,231.975,152
2026-03-16T17:55:00,231.95,231.95,231.725,231.85,617
2026-03-16T18:00:00,231.875,231.925,231.725,231.85,219
2026-03-17T13:30:00,232.25,232.575,232.1,232.25,845
2026-03-17T13:35:00,232.275,232.95,232.225,232.85,412
2026-03-17T13:40:00,232.875,232.975,232.7,232.775,286
2026-03-17T13:45:00,232.8,233.35,232.775,233.275,479
2026-03-17T13:50:00,233.275,233.3,233.025,233.075,220
2026-03-17T13:55:00,233.05,233.1,232.675,232.75,337
2026-03-17T14:00:00,232.8,232.875,232.325,232.5,317
2026-03-17T14:05:00,232.525,232.6,232.375,232.6,178
2026-03-17T14:10:00,232.575,232.75,232.425,232.425,124
2026-03-17T14:15:00,232.425,232.675,232.375,232.425,100
2026-03-17T14:20:00,232.5,232.525,231.85,232.05,320
2026-03-17T14:25:00,232.075,232.65,232.025,232.625,227
2026-03-17T14:30:00,232.625,232.7,232.475,232.675,82
2026-03-17T14:35:00,232.675,232.875,232.575,232.725,147
2026-03-17T14:40:00,232.775,233.025,232.75,232.95,196
2026-03-17T14:45:00,232.925,233.25,232.925,233.2,221
2026-03-17T14:50:00,233.225,233.225,233.025,233.05,150
2026-03-17T14:55:00,233.025,233.2,233.0,233.075,118
2026-03-17T15:00:00,233.1,233.225,233.05,233.125,152
2026-03-17T15:05:00,233.15,233.5,233.15,233.275,316
2026-03-17T15:10:00,233.25,233.65,233.15,233.4,231
2026-03-17T15:15:00,233.425,233.65,233.375,233.6,232
2026-03-17T15:20:00,233.6,233.725,233.55,233.65,170
2026-03-17T15:25:00,233.65,233.975,233.575,233.6,363
2026-03-17T15:30:00,233.625,233.65,233.375,233.575,189
2026-03-17T15:35:00,233.575,233.575,233.1,233.175,135
2026-03-17T15:40:00,233.2,233.375,233.1,233.325,128
2026-03-17T15:45:00,233.325,233.775,233.325,233.675,121
2026-03-17T15:50:00,233.625,233.675,233.5,233.625,131
2026-03-17T15:55:00,233.6,233.65,233.225,233.45,227
2026-03-17T16:00:00,233.5,233.75,233.45,233.725,150
2026-03-17T16:05:00,233.725,233.825,233.575,233.65,101
2026-03-17T16:10:00,233.675,233.8,233.475,233.65,157
2026-03-17T16:15:00,233.7,233.75,233.625,233.65,85
2026-03-17T16:20:00,233.675,233.95,233.625,233.925,122
2026-03-17T16:25:00,233.925,234.0,233.575,233.675,136
2026-03-17T16:30:00,233.675,233.725,233.4,233.4,95
2026-03-17T16:35:00,233.425,233.525,233.375,233.45,67
2026-03-17T16:40:00,233.475,233.475,233.25,233.4,98
2026-03-17T16:45:00,233.425,233.525,233.25,233.375,103
2026-03-17T16:50:00,233.325,233.375,233.2,233.325,65
2026-03-17T16:55:00,233.3,233.475,233.3,233.4,79
2026-03-17T17:00:00,233.425,233.725,233.4,233.7,119
2026-03-17T17:05:00,233.65,233.725,233.425,233.5,78
2026-03-17T17:10:00,233.425,233.55,233.325,233.525,126
2026-03-17T17:15:00,233.5,233.5,233.35,233.375,78
2026-03-17T17:20:00,233.375,233.5,233.25,233.3,106
2026-03-17T17:25:00,233.275,233.425,233.25,233.375,73
2026-03-17T17:30:00,233.375,233.675,233.325,233.65,134
2026-03-17T17:35:00,233.675,233.85,233.675,233.85,140
2026-03-17T17:40:00,233.85,234.1,233.85,233.95,176
2026-03-17T17:45:00,233.95,234.125,233.85,233.875,123
2026-03-17T17:50:00,233.875,233.875,233.425,233.475,162
2026-03-17T17:55:00,233.425,233.875,233.275,233.625,541
2026-03-17T18:00:00,233.6,233.7,233.425,233.525,200
2026-03-18T13:30:00,232.0,233.45,232.0,233.3,1177
2026-03-18T13:35:00,233.325,233.975,233.2,233.925,514
2026-03-18T13:40:00,233.925,234.0,233.525,233.65,292
2026-03-18T13:45:00,233.7,233.95,233.6,233.7,194
2026-03-18T13:50:00,233.7,233.9,233.2,233.325,247
2026-03-18T13:55:00,233.35,233.4,232.875,233.3,309
2026-03-18T14:00:00,233.225,233.275,232.9,233.2,226
2026-03-18T14:05:00,233.225,233.725,233.175,233.6,314
2026-03-18T14:10:00,233.625,233.7,233.45,233.575,167
2026-03-18T14:15:00,233.575,233.675,233.05,233.425,198
2026-03-18T14:20:00,233.375,233.4,233.175,233.225,109
2026-03-18T14:25:00,233.25,233.35,233.2,233.25,139
2026-03-18T14:30:00,233.225,233.5,233.225,233.425,164
2026-03-18T14:35:00,233.4,233.45,233.275,233.375,84
2026-03-18T14:40:00,233.375,233.425,233.225,233.3,90
2026-03-18T14:45:00,233.3,233.35,233.025,233.05,120
2026-03-18T14:50:00,233.075,233.2,233.05,233.125,115
2026-03-18T14:55:00,233.15,233.175,232.8,232.85,100
2026-03-18T15:00:00,232.85,233.3,232.75,233.225,155
2026-03-18T15:05:00,233.25,233.4,232.975,233.25,77
2026-03-18T15:10:00,233.25,233.25,233.025,233.25,129
2026-03-18T15:15:00,233.25,233.325,233.175,233.275,49
2026-03-18T15:20:00,233.275,233.3,233.0,233.075,175
2026-03-18T15:25:00,233.1,233.225,233.05,233.2,58
2026-03-18T15:30:00,233.225,233.25,233.125,233.125,48
2026-03-18T15:35:00,233.125,233.125,232.525,232.65,421
2026-03-18T15:40:00,232.625,232.85,232.55,232.825,213
2026-03-18T15:45:00,232.875,232.975,232.825,232.9,65
2026-03-18T15:50:00,232.925,232.95,232.675,232.925,96
2026-03-18T15:55:00,232.925,233.05,232.9,233.0,87
2026-03-18T16:00:00,233.0,233.0,232.775,232.85,63
2026-03-18T16:05:00,232.85,232.95,232.825,232.9,61
2026-03-18T16:10:00,232.875,233.1,232.875,232.975,70
2026-03-18T16:15:00,232.975,233.175,232.925,233.125,83
2026-03-18T16:20:00,233.1,233.325,233.0,233.3,96
2026-03-18T16:25:00,233.3,233.35,233.25,233.3,46
2026-03-18T16:30:00,233.3,233.6,233.3,233.6,117
2026-03-18T16:35:00,233.625,233.65,233.45,233.6,69
2026-03-18T16:40:00,233.55,233.575,233.325,233.425,82
2026-03-18T16:45:00,233.4,233.475,233.35,233.45,112
2026-03-18T16:50:00,233.475,233.55,233.275,233.35,177
2026-03-18T16:55:00,233.4,233.45,233.225,233.275,53
2026-03-18T17:00:00,233.275,233.325,233.2,233.3,57
2026-03-18T17:05:00,233.375,233.475,233.3,233.375,50
2026-03-18T17:10:00,233.35,233.45,233.325,233.35,68
2026-03-18T17:15:00,233.35,233.375,233.275,233.275,44
2026-03-18T17:20:00,233.25,233.4,233.225,233.375,51
2026-03-18T17:25:00,233.375,233.525,233.35,233.5,40
2026-03-18T17:30:00,233.525,233.6,233.375,233.6,74
2026-03-18T17:35:00,233.575,233.575,233.45,233.525,41
2026-03-18T17:40:00,233.5,233.5,233.425,233.5,29
2026-03-18T17:45:00,233.475,233.675,233.475,233.675,86
2026-03-18T17:50:00,233.7,233.8,233.625,233.8,85
2026-03-18T17:55:00,233.8,234.075,233.725,234.075,506
2026-03-18T18:00:00,234.075,234.325,234.05,234.225,328
2026-03-19T13:30:00,233.45,233.475,231.5,231.825,2550
2026-03-19T13:35:00,231.85,232.35,231.5,232.15,462
2026-03-19T13:40:00,232.125,232.35,231.95,232.05,298
2026-03-19T13:45:00,232.05,232.475,231.9,232.4,350
2026-03-19T13:50:00,232.375,232.425,231.575,231.875,257
2026-03-19T13:55:00,231.975,232.45,231.85,232.1,193
2026-03-19T14:00:00,232.125,232.35,232.075,232.35,167
2026-03-19T14:05:00,232.35,232.5,232.175,232.225,317
2026-03-19T14:10:00,232.25,232.375,231.975,232.2,206
2026-03-19T14:15:00,232.275,232.425,232.1,232.225,165
2026-03-19T14:20:00,232.225,232.35,232.075,232.3,103
2026-03-19T14:25:00,232.325,232.4,232.0,232.05,167
2026-03-19T14:30:00,232.025,232.175,231.925,232.175,106
2026-03-19T14:35:00,232.2,232.3,232.0,232.075,95
2026-03-19T14:40:00,232.025,232.6,232.0,232.6,277
2026-03-19T14:45:00,232.55,232.55,231.85,231.95,253
2026-03-19T14:50:00,231.925,232.0,231.85,231.95,74
2026-03-19T14:55:00,231.975,232.0,231.65,231.675,292
2026-03-19T15:00:00,231.65,232.2,231.5,232.05,420
2026-03-19T15:05:00,232.075,232.325,232.025,232.325,144
2026-03-19T15:10:00,232.3,232.45,232.125,232.15,111
2026-03-19T15:15:00,232.175,232.325,231.675,231.875,198
2026-03-19T15:20:00,231.9,232.025,231.75,231.95,143
2026-03-19T15:25:00,231.9,232.15,231.9,232.1,77
2026-03-19T15:30:00,232.1,232.25,232.075,232.175,121
2026-03-19T15:35:00,232.25,232.325,232.15,232.325,79
2026-03-19T15:40:00,232.3,232.35,232.2,232.225,97
2026-03-19T15:45:00,232.225,232.3,232.0,232.175,131
2026-03-19T15:50:00,232.175,232.45,232.1,232.275,101
2026-03-19T15:55:00,232.3,232.4,232.15,232.225,76
2026-03-19T16:00:00,232.2,232.325,232.15,232.25,61
2026-03-19T16:05:00,232.225,232.35,232.175,232.225,64
2026-03-19T16:10:00,232.2,232.25,232.125,232.125,49
2026-03-19T16:15:00,232.15,232.2,232.0,232.125,110
2026-03-19T16:20:00,232.125,232.125,232.0,232.05,294
2026-03-19T16:25:00,232.05,232.15,232.025,232.075,146
2026-03-19T16:30:00,232.05,232.225,232.0,232.05,249
2026-03-19T16:35:00,232.075,232.275,232.075,232.225,62
2026-03-19T16:40:00,232.225,232.375,232.225,232.275,108
2026-03-19T16:45:00,232.225,232.3,232.175,232.275,55
2026-03-19T16:50:00,232.25,232.275,232.075,232.15,65
2026-03-19T16:55:00,232.175,232.2,232.0,232.025,110
2026-03-19T17:00:00,232.0,232.0,231.6,231.65,288
2026-03-19T17:05:00,231.6,231.675,231.175,231.275,293
2026-03-19T17:10:00,231.3,231.375,231.075,231.1,335
2026-03-19T17:15:00,231.1,231.225,231.0,231.2,255
2026-03-19T17:20:00,231.2,231.525,231.2,231.45,146
2026-03-19T17:25:00,231.5,231.525,231.125,231.15,116
2026-03-19T17:30:00,231.1,231.25,231.025,231.15,113
2026-03-19T17:35:00,231.1,231.675,231.1,231.575,137
2026-03-19T17:40:00,231.575,232.0,231.575,231.825,133
2026-03-19T17:45:00,231.85,231.85,231.65,231.775,82
2026-03-19T17:50:00,231.775,232.075,231.775,231.975,119
2026-03-19T17:55:00,231.95,231.95,231.6,231.675,772
2026-03-19T18:00:00,231.725,231.825,231.6,231.75,132
2026-03-20T13:30:00,231.7,232.925,231.675,232.1,880
2026-03-20T13:35:00,232.15,232.475,232.1,232.3,334
2026-03-20T13:40:00,232.3,232.5,232.225,232.425,250
2026-03-20T13:45:00,232.45,232.5,232.25,232.35,325
2026-03-20T13:50:00,232.35,232.475,232.125,232.4,200
2026-03-20T13:55:00,232.425,232.425,231.9,231.95,173
2026-03-20T14:00:00,231.975,232.1,231.75,231.875,241
2026-03-20T14:05:00,231.9,232.025,231.55,231.6,175
2026-03-20T14:10:00,231.625,231.775,231.45,231.45,211
2026-03-20T14:15:00,231.45,231.65,231.35,231.6,163
2026-03-20T14:20:00,231.575,231.775,231.55,231.775,160
2026-03-20T14:25:00,231.725,231.9,231.55,231.575,138
2026-03-20T14:30:00,231.6,232.2,231.6,232.15,331
2026-03-20T14:35:00,232.125,233.3,232.125,233.275,458
2026-03-20T14:40:00,233.3,233.6,233.075,233.175,388
2026-03-20T14:45:00,233.325,233.325,232.95,233.2,162
2026-03-20T14:50:00,233.25,233.4,233.125,233.4,156
2026-03-20T14:55:00,233.4,234.25,233.375,234.15,539
2026-03-20T15:00:00,234.175,234.4,233.9,234.175,586
2026-03-20T15:05:00,234.1,234.275,233.8,233.975,216
2026-03-20T15:10:00,233.975,234.125,233.95,233.95,247
2026-03-20T15:15:00,233.95,234.025,233.5,233.75,178
2026-03-20T15:20:00,233.725,234.1,233.725,234.025,235
2026-03-20T15:25:00,234.05,234.1,233.875,233.925,197
2026-03-20T15:30:00,233.9,234.25,233.9,234.125,202
2026-03-20T15:35:00,234.1,234.225,233.975,234.15,141
2026-03-20T15:40:00,234.175,234.225,234.125,234.15,108
2026-03-20T15:45:00,234.175,234.225,233.875,234.075,122
2026-03-20T15:50:00,234.075,234.15,233.9,233.925,115
2026-03-20T15:55:00,233.9,233.95,233.6,233.65,141
2026-03-20T16:00:00,233.625,234.0,233.6,233.9,192
2026-03-20T16:05:00,233.925,233.925,233.55,233.55,101
2026-03-20T16:10:00,233.525,233.65,233.3,233.325,136
2026-03-20T16:15:00,233.325,233.625,233.325,233.5,60
2026-03-20T16:20:00,233.45,233.525,233.25,233.325,66
2026-03-20T16:25:00,233.35,233.475,233.3,233.375,46
2026-03-20T16:30:00,233.3,233.5,233.3,233.5,64
2026-03-20T16:35:00,233.525,233.525,233.2,233.35,66
2026-03-20T16:40:00,233.375,233.425,233.225,233.325,62
2026-03-20T16:45:00,233.3,233.5,233.15,233.25,89
2026-03-20T16:50:00,233.25,233.4,233.2,233.325,90
2026-03-20T16:55:00,233.35,233.5,233.35,233.425,82
2026-03-20T17:00:00,233.375,233.675,233.3,233.675,139
2026-03-20T17:05:00,233.65,233.65,233.325,233.5,113
2026-03-20T17:10:00,233.475,233.475,233.25,233.3,95
2026-03-20T17:15:00,233.325,233.375,233.05,233.05,119
2026-03-20T17:20:00,233.075,233.275,232.975,233.175,153
2026-03-20T17:25:00,233.125,233.325,233.075,233.225,66
2026-03-20T17:30:00,233.15,233.275,232.825,232.9,145
2026-03-20T17:35:00,232.875,233.025,232.8,232.925,82
2026-03-20T17:40:00,232.95,233.175,232.8,233.1,51
2026-03-20T17:45:00,233.15,233.25,233.1,233.2,62
2026-03-20T17:50:00,233.175,233.3,232.95,233.05,212
2026-03-20T17:55:00,233.025,233.5,232.95,233.475,1104
2026-03-20T18:00:00,233.475,233.5,233.175,233.3,500
2026-03-23T13:30:00,233.7,233.925,233.275,233.375,1069
2026-03-23T13:35:00,233.45,233.55,232.625,232.95,797
2026-03-23T13:40:00,232.975,233.275,232.825,232.825,256
2026-03-23T13:45:00,232.825,233.85,232.6,233.7,632
2026-03-23T13:50:00,233.7,234.375,233.65,234.125,708
2026-03-23T13:55:00,234.1,234.3,234.05,234.15,261
2026-03-23T14:00:00,234.1,234.125,233.85,233.875,150
2026-03-23T14:05:00,233.825,234.175,233.625,233.925,146
2026-03-23T14:10:00,233.975,233.975,233.6,233.7,125
2026-03-23T14:15:00,233.725,234.275,233.7,234.0,198
2026-03-23T14:20:00,233.975,234.075,233.575,233.85,182
2026-03-23T14:25:00,233.825,233.875,233.7,233.85,105
2026-03-23T14:30:00,233.875,234.2,233.625,233.725,158
2026-03-23T14:35:00,233.675,233.875,233.375,233.85,125
2026-03-23T14:40:00,233.825,234.15,233.8,234.05,117
2026-03-23T14:45:00,234.1,234.55,234.1,234.375,508
2026-03-23T14:50:00,234.35,234.7,234.25,234.45,180
2026-03-23T14:55:00,234.45,234.7,234.45,234.675,249
2026-03-23T15:00:00,234.65,234.775,234.55,234.7,281
2026-03-23T15:05:00,234.725,234.925,234.45,234.875,427
2026-03-23T15:10:00,234.9,235.05,234.4,234.425,332
2026-03-23T15:15:00,234.425,234.575,233.85,234.0,359
2026-03-23T15:20:00,233.975,234.2,233.9,234.175,113
2026-03-23T15:25:00,234.15,234.25,233.975,234.025,111
2026-03-23T15:30:00,234.05,234.225,234.025,234.1,80
2026-03-23T15:35:00,234.125,234.225,233.7,233.75,173
2026-03-23T15:40:00,233.7,234.05,233.7,233.975,84
2026-03-23T15:45:00,233.95,234.075,233.875,234.075,55
2026-03-23T15:50:00,234.075,234.25,233.625,233.775,152
2026-03-23T15:55:00,233.725,233.875,233.6,233.8,160
2026-03-23T16:00:00,233.775,234.35,233.725,233.975,167
2026-03-23T16:05:00,233.95,233.95,233.575,233.65,164
2026-03-23T16:10:00,233.625,233.875,233.625,233.775,156
2026-03-23T16:15:00,233.85,233.875,233.6,233.6,81
2026-03-23T16:20:00,233.625,233.75,233.6,233.675,102
2026-03-23T16:25:00,233.65,233.65,233.5,233.55,256
2026-03-23T16:30:00,233.575,233.875,233.55,233.875,121
2026-03-23T16:35:00,233.9,234.075,233.8,233.9,103
2026-03-23T16:40:00,233.9,234.225,233.9,234.225,72
2026-03-23T16:45:00,234.2,234.8,234.2,234.725,287
2026-03-23T16:50:00,234.775,234.875,234.6,234.625,56
2026-03-23T16:55:00,234.675,234.675,234.425,234.525,110
2026-03-23T17:00:00,234.55,234.55,234.0,234.0,114
2026-03-23T17:05:00,234.025,234.15,234.025,234.15,71
2026-03-23T17:10:00,234.125,234.275,234.125,234.2,65
2026-03-23T17:15:00,234.2,234.225,234.025,234.2,61
2026-03-23T17:20:00,234.15,234.15,233.925,234.025,76
2026-03-23T17:25:00,234.025,234.15,233.95,233.975,41
2026-03-23T17:30:00,234.0,234.175,233.95,234.175,70
2026-03-23T17:35:00,234.2,234.475,234.175,234.35,172
2026-03-23T17:40:00,234.275,234.4,234.2,234.35,79
2026-03-23T17:45:00,234.325,234.375,234.125,234.35,93
2026-03-23T17:50:00,234.3,234.4,234.2,234.375,70
2026-03-23T17:55:00,234.375,234.725,234.2,234.725,636
2026-03-23T18:00:00,234.7,234.75,234.575,234.7,226
2026-03-24T13:30:00,234.625,234.625,233.9,233.925,1019
2026-03-24T13:35:00,233.975,234.0,233.525,233.875,769
2026-03-24T13:40:00,233.825,233.85,233.225,233.675,435
2026-03-24T13:45:00,233.725,233.925,233.625,233.65,343
2026-03-24T13:50:00,233.6,234.1,233.6,234.075,264
2026-03-24T13:55:00,234.1,234.15,233.625,233.9,342
2026-03-24T14:00:00,233.925,234.45,233.875,234.45,331
2026-03-24T14:05:00,234.425,234.65,234.2,234.25,290
2026-03-24T14:10:00,234.3,234.35,234.1,234.325,173
2026-03-24T14:15:00,234.3,234.35,233.95,233.95,106
2026-03-24T14:20:00,233.95,234.1,233.55,233.6,229
2026-03-24T14:25:00,233.575,233.925,233.525,233.725,207
2026-03-24T14:30:00,233.75,234.35,233.7,234.075,133
2026-03-24T14:35:00,234.0,234.075,233.775,234.075,57
2026-03-24T14:40:00,234.05,234.225,233.975,234.225,86
2026-03-24T14:45:00,234.2,234.8,234.025,234.75,305
2026-03-24T14:50:00,234.725,235.25,234.525,235.175,783
2026-03-24T14:55:00,235.175,235.25,234.85,234.95,220
2026-03-24T15:00:00,234.95,235.425,234.95,235.275,320
2026-03-24T15:05:00,235.25,235.35,234.875,235.0,217
2026-03-24T15:10:00,234.95,235.275,234.875,235.025,204
2026-03-24T15:15:00,235.05,235.125,234.875,234.9,123
2026-03-24T15:20:00,234.925,235.2,234.725,235.15,382
2026-03-24T15:25:00,235.175,235.275,234.775,234.85,155
2026-03-24T15:30:00,234.875,235.225,234.825,235.125,176
2026-03-24T15:35:00,235.15,235.15,235.05,235.075,95
2026-03-24T15:40:00,235.05,235.275,235.025,235.275,120
2026-03-24T15:45:00,235.25,235.275,234.875,234.975,164
2026-03-24T15:50:00,234.95,235.2,234.725,235.125,326
2026-03-24T15:55:00,235.1,235.1,234.775,234.775,81
2026-03-24T16:00:00,234.75,234.925,234.725,234.9,137
2026-03-24T16:05:00,234.95,235.125,234.85,234.9,171
2026-03-24T16:10:00,234.975,235.225,234.975,235.125,102
2026-03-24T16:15:00,235.125,235.45,235.125,235.325,165
2026-03-24T16:20:00,235.325,235.325,235.025,235.1,128
2026-03-24T16:25:00,235.15,235.375,235.125,235.375,98
2026-03-24T16:30:00,235.4,235.575,235.4,235.5,166
2026-03-24T16:35:00,235.5,235.5,235.25,235.25,166
2026-03-24T16:40:00,235.225,235.525,235.175,235.525,243
2026-03-24T16:45:00,235.55,235.675,235.4,235.525,145
2026-03-24T16:50:00,235.525,235.725,235.475,235.475,102
2026-03-24T16:55:00,235.475,235.625,235.4,235.625,73
2026-03-24T17:00:00,235.625,235.75,235.35,235.4,231
2026-03-24T17:05:00,235.375,235.375,234.975,235.05,276
2026-03-24T17:10:00,235.025,235.225,235.0,235.125,98
2026-03-24T17:15:00,235.15,235.25,235.025,235.075,79
2026-03-24T17:20:00,235.1,235.125,234.925,234.975,179
2026-03-24T17:25:00,234.975,234.975,234.75,234.875,180
2026-03-24T17:30:00,234.85,235.0,234.775,234.8,114
2026-03-24T17:35:00,234.8,234.975,234.75,234.775,95
2026-03-24T17:40:00,234.825,234.85,234.7,234.75,122
2026-03-24T17:45:00,234.775,234.85,234.65,234.75,126
2026-03-24T17:50:00,234.725,234.9,234.475,234.625,213
2026-03-24T17:55:00,234.65,234.775,234.525,234.6,620
2026-03-24T18:00:00,234.625,234.65,234.4,234.45,209
2026-03-25T13:30:00,234.775,234.9,233.325,234.25,1337
2026-03-25T13:35:00,234.3,234.9,234.15,234.65,598
2026-03-25T13:40:00,234.65,234.95,234.35,234.45,418
2026-03-25T13:45:00,234.45,234.75,234.175,234.525,288
2026-03-25T13:50:00,234.475,234.8,234.325,234.6,212
2026-03-25T13:55:00,234.575,235.0,234.575,235.0,244
2026-03-25T14:00:00,235.0,235.05,234.65,234.8,240
2026-03-25T14:05:00,234.775,234.9,234.5,234.9,149
2026-03-25T14:10:00,234.8,234.975,234.75,234.75,137
2026-03-25T14:15:00,234.775,234.925,234.75,234.8,74
2026-03-25T14:20:00,234.85,235.05,234.8,234.8,137
2026-03-25T14:25:00,234.825,235.25,234.825,235.175,180
2026-03-25T14:30:00,235.175,235.225,234.95,235.125,159
2026-03-25T14:35:00,235.15,235.15,234.775,234.875,153
2026-03-25T14:40:00,234.85,235.125,234.85,234.95,182
2026-03-25T14:45:00,235.0,235.3,234.9,235.15,229
2026-03-25T14:50:00,235.15,235.575,235.125,235.475,202
2026-03-25T14:55:00,235.475,235.75,235.475,235.65,242
2026-03-25T15:00:00,235.675,235.875,235.475,235.7,203
2026-03-25T15:05:00,235.7,235.7,235.225,235.275,265
2026-03-25T15:10:00,235.3,235.725,235.3,235.6,193
2026-03-25T15:15:00,235.6,235.725,235.05,235.15,421
2026-03-25T15:20:00,235.125,235.475,235.1,235.475,208
2026-03-25T15:25:00,235.525,235.85,235.525,235.85,235
2026-03-25T15:30:00,235.825,235.875,235.7,235.775,79
2026-03-25T15:35:00,235.75,235.75,235.675,235.725,59
2026-03-25T15:40:00,235.725,235.775,235.45,235.55,189
2026-03-25T15:45:00,235.55,235.575,235.225,235.25,121
2026-03-25T15:50:00,235.25,235.3,234.85,235.025,259
2026-03-25T15:55:00,235.025,235.05,234.6,234.675,319
2026-03-25T16:00:00,234.675,234.875,234.575,234.725,358
2026-03-25T16:05:00,234.7,234.725,234.525,234.675,266
2026-03-25T16:10:00,234.675,234.825,234.575,234.575,135
2026-03-25T16:15:00,234.625,234.7,234.025,234.15,294
2026-03-25T16:20:00,234.175,234.275,234.0,234.15,400
2026-03-25T16:25:00,234.175,234.225,233.95,234.1,170
2026-03-25T16:30:00,234.0,234.025,233.75,233.825,430
2026-03-25T16:35:00,233.775,233.775,233.425,233.725,638
2026-03-25T16:40:00,233.725,233.85,233.5,233.675,295
2026-03-25T16:45:00,233.7,233.725,233.125,233.225,394
2026-03-25T16:50:00,233.2,233.35,232.725,233.275,895
2026-03-25T16:55:00,233.275,233.425,233.2,233.2,172
2026-03-25T17:00:00,233.225,233.325,232.85,232.925,171
2026-03-25T17:05:00,232.9,232.95,232.8,232.875,145
2026-03-25T17:10:00,232.875,232.95,232.375,232.9,374
2026-03-25T17:15:00,232.85,233.2,232.75,233.175,225
2026-03-25T17:20:00,233.2,233.35,233.05,233.15,105
2026-03-25T17:25:00,233.15,233.225,233.0,233.075,126
2026-03-25T17:30:00,233.025,233.275,233.0,233.275,102
2026-03-25T17:35:00,233.275,233.7,233.275,233.625,172
2026-03-25T17:40:00,233.625,233.875,233.575,233.875,184
2026-03-25T17:45:00,233.875,233.9,233.55,233.65,366
2026-03-25T17:50:00,233.625,233.875,233.575,233.875,154
2026-03-25T17:55:00,233.875,233.9,233.75,233.875,530
2026-03-25T18:00:00,233.875,233.9,233.775,233.775,349
2026-03-26T13:30:00,232.525,233.4,232.5,232.825,1010
2026-03-26T13:35:00,232.8,233.15,232.725,232.825,336
2026-03-26T13:40:00,232.825,233.025,232.725,232.95,227
2026-03-26T13:45:00,232.9,233.5,232.85,233.3,330
2026-03-26T13:50:00,233.275,233.7,233.25,233.275,191
2026-03-26T13:55:00,233.275,233.425,233.075,233.275,130
2026-03-26T14:00:00,233.275,233.275,232.925,233.025,144
2026-03-26T14:05:00,233.05,233.575,232.975,233.35,139
2026-03-26T14:10:00,233.35,233.55,233.05,233.5,169
2026-03-26T14:15:00,233.5,233.8,233.5,233.625,200
2026-03-26T14:20:00,233.625,233.8,233.55,233.75,74
2026-03-26T14:25:00,233.725,233.875,233.725,233.775,67
2026-03-26T14:30:00,233.75,233.95,233.7,233.725,101
2026-03-26T14:35:00,233.625,233.8,233.5,233.775,85
2026-03-26T14:40:00,233.8,233.9,233.525,233.65,91
2026-03-26T14:45:00,233.725,234.075,233.55,234.025,168
2026-03-26T14:50:00,234.025,234.1,233.6,233.625,89
2026-03-26T14:55:00,233.625,233.7,233.4,233.4,105
2026-03-26T15:00:00,233.4,233.425,233.1,233.225,158
2026-03-26T15:05:00,233.175,233.475,233.125,233.475,95
2026-03-26T15:10:00,233.425,233.725,233.3,233.3,93
2026-03-26T15:15:00,233.325,233.475,233.3,233.45,75
2026-03-26T15:20:00,233.55,233.575,233.35,233.475,100
2026-03-26T15:25:00,233.5,233.65,233.425,233.475,50
2026-03-26T15:30:00,233.45,233.45,233.25,233.375,68
2026-03-26T15:35:00,233.4,233.6,233.35,233.375,86
2026-03-26T15:40:00,233.425,233.6,233.4,233.5,184
2026-03-26T15:45:00,233.5,233.675,233.4,233.475,96
2026-03-26T15:50:00,233.55,233.6,233.425,233.55,50
2026-03-26T15:55:00,233.575,233.6,233.5,233.575,31
2026-03-26T16:00:00,233.55,233.6,233.325,233.375,166
2026-03-26T16:05:00,233.35,233.6,233.125,233.5,127
2026-03-26T16:10:00,233.525,234.0,233.5,233.75,170
2026-03-26T16:15:00,233.7,233.7,233.25,233.525,92
2026-03-26T16:20:00,233.6,233.6,233.475,233.6,53
2026-03-26T16:25:00,233.625,233.65,233.125,233.25,97
2026-03-26T16:30:00,233.25,233.4,233.125,233.225,129
2026-03-26T16:35:00,233.225,233.3,233.15,233.225,47
2026-03-26T16:40:00,233.25,233.65,233.2,233.55,101
2026-03-26T16:45:00,233.45,233.525,233.35,233.425,100
2026-03-26T16:50:00,233.4,233.4,233.225,233.3,52
2026-03-26T16:55:00,233.25,233.325,233.15,233.25,84
2026-03-26T17:00:00,233.25,233.65,233.225,233.475,211
2026-03-26T17:05:00,233.475,233.55,233.425,233.55,100
2026-03-26T17:10:00,233.5,233.7,233.45,233.6,96
2026-03-26T17:15:00,233.575,233.625,233.475,233.6,82
2026-03-26T17:20:00,233.575,233.625,233.525,233.575,42
2026-03-26T17:25:00,233.575,233.8,233.575,233.8,85
2026-03-26T17:30:00,233.775,233.925,233.65,233.9,75
2026-03-26T17:35:00,233.9,234.275,233.9,234.05,265
2026-03-26T17:40:00,234.0,234.3,234.0,234.175,146
2026-03-26T17:45:00,234.175,234.225,234.05,234.05,63
2026-03-26T17:50:00,234.075,234.1,234.0,234.1,60
2026-03-26T17:55:00,234.075,235.075,234.0,234.925,1719
2026-03-26T18:00:00,234.925,235.2,234.525,234.825,608
2026-03-27T13:30:00,235.025,235.3,234.8,234.9,1031
2026-03-27T13:35:00,234.975,235.1,234.6,234.875,382
2026-03-27T13:40:00,234.875,235.05,234.825,235.0,126
2026-03-27T13:45:00,235.05,235.35,234.95,235.125,234
2026-03-27T13:50:00,235.075,235.325,235.0,235.275,189
2026-03-27T13:55:00,235.25,235.375,234.975,235.275,204
2026-03-27T14:00:00,235.25,235.825,235.225,235.75,424
2026-03-27T14:05:00,235.725,237.175,235.675,237.15,1730
2026-03-27T14:10:00,237.125,238.25,236.95,238.05,1341
2026-03-27T14:15:00,238.075,238.6,238.0,238.525,751
2026-03-27T14:20:00,238.475,239.025,238.4,238.925,920
2026-03-27T14:25:00,238.9,238.95,238.45,238.55,358
2026-03-27T14:30:00,238.575,239.3,238.525,238.975,911
2026-03-27T14:35:00,238.95,239.05,238.625,238.925,570
2026-03-27T14:40:00,238.875,238.9,238.525,238.8,572
2026-03-27T14:45:00,238.8,238.85,237.925,238.025,622
2026-03-27T14:50:00,237.975,238.075,237.5,237.775,640
2026-03-27T14:55:00,237.75,237.95,237.525,237.85,398
2026-03-27T15:00:00,237.85,237.9,237.6,237.775,242
2026-03-27T15:05:00,237.75,237.925,237.675,237.7,259
2026-03-27T15:10:00,237.65,237.8,237.45,237.7,456
2026-03-27T15:15:00,237.725,237.825,237.625,237.625,247
2026-03-27T15:20:00,237.6,237.85,237.475,237.6,281
2026-03-27T15:25:00,237.6,237.775,237.6,237.675,69
2026-03-27T15:30:00,237.725,237.875,237.7,237.8,161
2026-03-27T15:35:00,237.85,238.0,237.525,237.625,193
2026-03-27T15:40:00,237.6,237.6,237.45,237.525,120
2026-03-27T15:45:00,237.55,238.0,237.55,237.9,349
2026-03-27T15:50:00,237.825,238.125,237.675,237.725,216
2026-03-27T15:55:00,237.7,237.875,237.675,237.7,183
2026-03-27T16:00:00,237.725,238.125,237.625,238.1,272
2026-03-27T16:05:00,238.1,238.125,237.85,237.875,131
2026-03-27T16:10:00,237.875,238.0,237.775,237.975,128
2026-03-27T16:15:00,237.975,238.275,237.975,238.225,444
2026-03-27T16:20:00,238.25,238.65,238.2,238.575,315
2026-03-27T16:25:00,238.6,238.65,238.45,238.575,219
2026-03-27T16:30:00,238.6,238.85,238.55,238.75,488
2026-03-27T16:35:00,238.75,238.8,238.325,238.325,192
2026-03-27T16:40:00,238.325,238.65,238.275,238.6,165
2026-03-27T16:45:00,238.575,238.825,238.55,238.8,97
2026-03-27T16:50:00,238.85,238.95,238.8,238.8,318
2026-03-27T16:55:00,238.8,238.9,238.725,238.775,130
2026-03-27T17:00:00,238.75,238.95,238.675,238.95,220
2026-03-27T17:05:00,238.95,238.95,238.525,238.65,257
2026-03-27T17:10:00,238.625,238.625,238.4,238.5,234
2026-03-27T17:15:00,238.475,238.575,238.225,238.275,227
2026-03-27T17:20:00,238.3,238.45,238.3,238.325,111
2026-03-27T17:25:00,238.35,238.4,238.275,238.35,74
2026-03-27T17:30:00,238.375,238.475,238.275,238.375,145
2026-03-27T17:35:00,238.4,238.4,238.325,238.35,178
2026-03-27T17:40:00,238.35,238.475,238.3,238.4,162
2026-03-27T17:45:00,238.425,238.7,238.4,238.7,189
2026-03-27T17:50:00,238.675,238.75,238.55,238.625,407
2026-03-27T17:55:00,238.6,238.85,238.55,238.775,1081
2026-03-27T18:00:00,238.75,238.95,238.725,238.825,367
2026-03-30T13:30:00,238.775,239.45,238.725,239.275,1778
2026-03-30T13:35:00,239.25,239.375,239.125,239.325,660
2026-03-30T13:40:00,239.325,239.425,239.2,239.3,482
2026-03-30T13:45:00,239.325,239.5,239.25,239.3,579
2026-03-30T13:50:00,239.25,239.375,239.125,239.125,258
2026-03-30T13:55:00,239.125,239.25,239.05,239.05,327
2026-03-30T14:00:00,239.1,239.4,239.075,239.4,287
2026-03-30T14:05:00,239.4,239.65,239.35,239.65,662
2026-03-30T14:10:00,239.65,240.175,239.6,240.15,1544
2026-03-30T14:15:00,240.175,241.5,240.1,241.425,1694
2026-03-30T14:20:00,241.45,241.625,241.25,241.5,806
2026-03-30T14:25:00,241.475,241.6,241.2,241.525,886
2026-03-30T14:30:00,241.525,241.525,240.75,240.9,724
2026-03-30T14:35:00,240.85,240.95,240.025,240.075,873
2026-03-30T14:40:00,240.125,240.625,240.05,240.6,499
2026-03-30T14:45:00,240.6,240.625,240.0,240.1,452
2026-03-30T14:50:00,240.1,240.15,239.575,239.875,420
2026-03-30T14:55:00,239.875,240.5,239.8,240.35,580
2026-03-30T15:00:00,240.375,240.5,240.275,240.275,191
2026-03-30T15:05:00,240.3,240.35,239.7,240.075,362
2026-03-30T15:10:00,240.1,240.3,240.025,240.05,147
2026-03-30T15:15:00,240.1,240.15,240.025,240.125,152
2026-03-30T15:20:00,240.125,240.2,239.8,240.0,151
2026-03-30T15:25:00,240.025,240.35,240.0,240.225,105
2026-03-30T15:30:00,240.175,240.225,240.05,240.175,86
2026-03-30T15:35:00,240.175,240.2,239.9,240.15,141
2026-03-30T15:40:00,240.175,240.35,240.125,240.2,121
2026-03-30T15:45:00,240.225,240.325,240.075,240.3,191
2026-03-30T15:50:00,240.3,240.55,240.25,240.4,122
2026-03-30T15:55:00,240.425,240.525,240.325,240.475,83
2026-03-30T16:00:00,240.5,240.55,240.4,240.4,101
2026-03-30T16:05:00,240.425,240.5,240.35,240.425,153
2026-03-30T16:10:00,240.425,240.575,240.375,240.55,274
2026-03-30T16:15:00,240.55,240.6,240.2,240.3,308
2026-03-30T16:20:00,240.275,240.275,240.0,240.175,129
2026-03-30T16:25:00,240.225,240.225,240.0,240.075,140
2026-03-30T16:30:00,240.075,240.175,240.025,240.175,99
2026-03-30T16:35:00,240.175,240.225,240.025,240.025,122
2026-03-30T16:40:00,240.075,240.075,239.55,239.6,542
2026-03-30T16:45:00,239.55,239.75,239.55,239.7,642
2026-03-30T16:50:00,239.675,239.725,239.275,239.425,861
2026-03-30T16:55:00,239.425,239.55,239.35,239.425,462
2026-03-30T17:00:00,239.425,239.6,239.4,239.425,135
2026-03-30T17:05:00,239.4,239.625,239.325,239.625,106
2026-03-30T17:10:00,239.625,239.65,239.4,239.4,119
2026-03-30T17:15:00,239.425,239.575,239.35,239.5,111
2026-03-30T17:20:00,239.525,239.65,239.475,239.65,81
2026-03-30T17:25:00,239.65,239.775,239.65,239.675,70
2026-03-30T17:30:00,239.675,239.7,239.55,239.675,69
2026-03-30T17:35:00,239.675,239.725,239.6,239.7,76
2026-03-30T17:40:00,239.725,239.725,239.6,239.725,68
2026-03-30T17:45:00,239.675,239.75,239.4,239.4,115
2026-03-30T17:50:00,239.45,239.6,239.35,239.575,262
2026-03-30T17:55:00,239.6,240.375,239.525,240.275,1924
2026-03-30T18:00:00,240.275,240.5,240.225,240.4,439
