datetime,open,high,low,close,volume
2026-02-22T23:00:00,119.78125,119.8125,119.71875,119.71875,68
2026-02-22T23:05:00,119.75,119.75,119.71875,119.71875,15
2026-02-22T23:10:00,119.6875,119.6875,119.625,119.625,12
2026-02-22T23:15:00,119.625,119.65625,119.625,119.65625,23
2026-02-22T23:20:00,119.6875,119.6875,119.6875,119.6875,36
2026-02-22T23:25:00,119.65625,119.65625,119.65625,119.65625,98
2026-02-22T23:30:00,119.65625,119.65625,119.65625,119.65625,8
2026-02-22T23:45:00,119.65625,119.6875,119.65625,119.6875,35
2026-02-22T23:50:00,119.625,119.625,119.625,119.625,52
2026-02-22T23:55:00,119.625,119.625,119.59375,119.59375,24
2026-02-23T00:00:00,119.59375,119.625,119.59375,119.625,63
2026-02-23T00:05:00,119.59375,119.625,119.5625,119.625,52
2026-02-23T00:10:00,119.625,119.6875,119.625,119.6875,13
2026-02-23T00:15:00,119.71875,119.75,119.71875,119.75,50
2026-02-23T00:20:00,119.78125,119.8125,119.78125,119.8125,80
2026-02-23T00:25:00,119.8125,119.8125,119.8125,119.8125,9
2026-02-23T00:30:00,119.8125,119.8125,119.8125,119.8125,139
2026-02-23T00:35:00,119.8125,119.84375,119.8125,119.84375,12
2026-02-23T00:40:00,119.84375,119.84375,119.84375,119.84375,29
2026-02-23T00:45:00,119.875,119.875,119.875,119.875,9
2026-02-23T00:50:00,119.875,119.875,119.875,119.875,20
2026-02-23T00:55:00,119.90625,119.90625,119.90625,119.90625,7
2026-02-23T01:00:00,119.90625,119.90625,119.90625,119.90625,48
2026-02-23T01:05:00,119.90625,119.90625,119.875,119.875,47
2026-02-23T01:10:00,119.875,119.9375,119.875,119.9375,173
2026-02-23T01:15:00,119.90625,119.9375,119.90625,119.9375,57
2026-02-23T01:25:00,119.90625,119.90625,119.875,119.875,47
2026-02-23T01:30:00,119.90625,119.90625,119.90625,119.90625,59
2026-02-23T01:40:00,119.90625,119.90625,119.90625,119.90625,25
2026-02-23T01:45:00,119.90625,119.90625,119.90625,119.90625,113
2026-02-23T01:50:00,119.875,119.875,119.875,119.875,20
2026-02-23T01:55:00,119.875,119.875,119.84375,119.875,19
2026-02-23T02:00:00,119.90625,119.90625,119.90625,119.90625,9
2026-02-23T02:10:00,119.9375,119.9375,119.9375,119.9375,135
2026-02-23T02:15:00,119.9375,119.9375,119.9375,119.9375,11
2026-02-23T02:20:00,119.90625,119.90625,119.90625,119.90625,44
2026-02-23T02:25:00,119.90625,119.90625,119.90625,119.90625,70
2026-02-23T02:30:00,119.90625,119.90625,119.90625,119.90625,5
2026-02-23T02:35:00,119.90625,119.90625,119.90625,119.90625,22
2026-02-23T02:40:00,119.875,119.90625,119.875,119.90625,66
2026-02-23T02:45:00,119.875,119.875,119.875,119.875,93
2026-02-23T03:00:00,119.90625,119.9375,119.90625,119.90625,122
2026-02-23T03:05:00,119.90625,119.9375,119.90625,119.9375,46
2026-02-23T03:10:00,119.9375,119.9375,119.9375,119.9375,2
2026-02-23T03:15:00,119.9375,119.9375,119.9375,119.9375,42
2026-02-23T03:20:00,119.9375,119.9375,119.9375,119.9375,9
2026-02-23T03:25:00,119.96875,119.96875,119.96875,119.96875,18
2026-02-23T03:35:00,119.9375,119.9375,119.9375,119.9375,7
2026-02-23T03:45:00,119.9375,119.9375,119.9375,119.9375,3
2026-02-23T03:50:00,119.9375,119.9375,119.9375,119.9375,114
2026-02-23T04:05:00,119.9375,119.9375,119.9375,119.9375,1
2026-02-23T04:10:00,119.9375,119.9375,119.9375,119.9375,17
2026-02-23T04:35:00,119.96875,119.96875,119.96875,119.96875,40
2026-02-23T04:55:00,119.96875,119.96875,119.96875,119.96875,128
2026-02-23T05:00:00,119.96875,119.96875,119.96875,119.96875,25
2026-02-23T05:05:00,119.96875,119.96875,119.96875,119.96875,3
2026-02-23T05:10:00,119.96875,119.96875,119.96875,119.96875,12
2026-02-23T05:15:00,120.0,120.0,120.0,120.0,3
2026-02-23T05:20:00,119.96875,119.96875,119.96875,119.96875,4
2026-02-23T05:25:00,119.96875,119.96875,119.96875,119.96875,49
2026-02-23T05:30:00,119.96875,119.96875,119.96875,119.96875,18
2026-02-23T05:40:00,119.9375,119.9375,119.9375,119.9375,75
2026-02-23T05:50:00,119.96875,119.96875,119.96875,119.96875,2
2026-02-23T06:00:00,119.96875,119.96875,119.96875,119.96875,25
2026-02-23T06:05:00,119.96875,119.96875,119.96875,119.96875,5
2026-02-23T06:10:00,119.96875,119.96875,119.96875,119.96875,12
2026-02-23T06:20:00,120.0,120.0,119.96875,119.96875,48
2026-02-23T06:25:00,119.96875,119.96875,119.96875,119.96875,8
2026-02-23T06:30:00,119.96875,119.96875,119.96875,119.96875,28
2026-02-23T06:35:00,119.96875,119.96875,119.96875,119.96875,111
2026-02-23T06:45:00,119.9375,119.9375,119.9375,119.9375,83
2026-02-23T06:50:00,119.9375,119.9375,119.9375,119.9375,19
2026-02-23T06:55:00,119.9375,119.9375,119.90625,119.90625,52
2026-02-23T07:00:00,119.9375,119.9375,119.875,119.875,120
2026-02-23T07:05:00,119.90625,119.96875,119.90625,119.9375,97
2026-02-23T07:10:00,119.96875,119.96875,119.9375,119.9375,23
2026-02-23T07:15:00,119.90625,119.90625,119.875,119.875,153
2026-02-23T07:20:00,119.90625,119.96875,119.90625,119.9375,64
2026-02-23T07:25:00,119.96875,120.0,119.96875,119.96875,33
2026-02-23T07:30:00,119.96875,120.0,119.9375,119.9375,171
2026-02-23T07:35:00,119.9375,119.96875,119.90625,119.96875,130
2026-02-23T07:40:00,119.96875,120.03125,119.96875,120.03125,122
2026-02-23T07:45:00,120.03125,120.03125,120.0,120.03125,39
2026-02-23T07:50:00,120.03125,120.0625,120.03125,120.03125,75
2026-02-23T07:55:00,120.03125,120.03125,120.0,120.0,37
2026-02-23T08:00:00,120.03125,120.03125,119.96875,120.03125,212
2026-02-23T08:05:00,120.03125,120.0625,120.03125,120.03125,128
2026-02-23T08:10:00,120.0,120.0,119.96875,119.96875,153
2026-02-23T08:15:00,119.96875,119.96875,119.9375,119.9375,18
2026-02-23T08:20:00,119.9375,119.9375,119.90625,119.90625,108
2026-02-23T08:25:00,119.875,119.9375,119.84375,119.84375,152
2026-02-23T08:30:00,119.84375,119.875,119.84375,119.84375,189
2026-02-23T08:35:00,119.84375,119.875,119.84375,119.84375,65
2026-02-23T08:40:00,119.875,119.90625,119.875,119.90625,55
2026-02-23T08:45:00,119.90625,119.90625,119.90625,119.90625,39
2026-02-23T08:50:00,119.9375,119.9375,119.9375,119.9375,56
2026-02-23T08:55:00,119.9375,119.9375,119.9375,119.9375,84
2026-02-23T09:00:00,119.9375,119.96875,119.90625,119.90625,127
2026-02-23T09:05:00,119.90625,119.90625,119.90625,119.90625,45
2026-02-23T09:10:00,119.90625,119.9375,119.90625,119.90625,66
2026-02-23T09:15:00,119.90625,119.90625,119.90625,119.90625,344
2026-02-23T09:20:00,119.90625,119.9375,119.90625,119.90625,98
2026-02-23T09:25:00,119.90625,119.96875,119.875,119.90625,856
2026-02-23T09:30:00,119.90625,119.90625,119.90625,119.90625,30
2026-02-23T09:35:00,119.90625,119.9375,119.90625,119.9375,99
2026-02-23T09:40:00,119.9375,119.96875,119.9375,119.9375,80
2026-02-23T09:45:00,119.9375,119.96875,119.9375,119.9375,99
2026-02-23T09:50:00,119.9375,119.9375,119.9375,119.9375,18
2026-02-23T09:55:00,119.9375,119.9375,119.875,119.875,29
2026-02-23T10:00:00,119.90625,119.9375,119.875,119.90625,288
2026-02-23T10:05:00,119.90625,119.90625,119.875,119.875,59
2026-02-23T10:10:00,119.875,119.875,119.875,119.875,22
2026-02-23T10:15:00,119.90625,119.90625,119.875,119.875,52
2026-02-23T10:20:00,119.875,119.90625,119.875,119.875,72
2026-02-23T10:25:00,119.90625,119.96875,119.875,119.875,474
2026-02-23T10:30:00,119.84375,119.84375,119.84375,119.84375,19
2026-02-23T10:35:00,119.8125,119.8125,119.75,119.78125,235
2026-02-23T10:40:00,119.78125,119.84375,119.78125,119.84375,38
2026-02-23T10:45:00,119.84375,119.84375,119.84375,119.84375,15
2026-02-23T10:50:00,119.84375,119.90625,119.84375,119.875,58
2026-02-23T10:55:00,119.875,119.90625,119.875,119.90625,38
2026-02-23T11:00:00,119.90625,119.90625,119.875,119.875,34
2026-02-23T11:10:00,119.875,119.875,119.84375,119.84375,326
2026-02-23T11:15:00,119.84375,119.875,119.84375,119.875,58
2026-02-23T11:20:00,119.875,119.875,119.875,119.875,46
2026-02-23T11:30:00,119.84375,119.875,119.84375,119.875,87
2026-02-23T11:35:00,119.90625,119.90625,119.90625,119.90625,165
2026-02-23T11:40:00,119.90625,119.90625,119.875,119.875,154
2026-02-23T11:45:00,119.875,119.875,119.875,119.875,42
2026-02-23T11:50:00,119.84375,119.84375,119.8125,119.8125,230
2026-02-23T11:55:00,119.84375,119.84375,119.8125,119.84375,125
2026-02-23T12:00:00,119.8125,119.875,119.8125,119.875,82
2026-02-23T12:05:00,119.875,119.90625,119.875,119.90625,84
2026-02-23T12:10:00,119.90625,120.0,119.90625,120.0,383
2026-02-23T12:15:00,120.0,120.03125,120.0,120.0,257
2026-02-23T12:20:00,119.96875,120.0,119.96875,120.0,529
2026-02-23T12:25:00,120.0,120.0,119.875,119.9375,416
2026-02-23T12:30:00,119.9375,119.9375,119.9375,119.9375,78
2026-02-23T12:35:00,119.96875,119.96875,119.96875,119.96875,48
2026-02-23T12:40:00,119.9375,119.9375,119.90625,119.90625,37
2026-02-23T12:45:00,119.90625,119.9375,119.90625,119.90625,99
2026-02-23T12:50:00,119.90625,119.9375,119.90625,119.9375,79
2026-02-23T12:55:00,119.90625,119.9375,119.90625,119.9375,251
2026-02-23T13:00:00,119.9375,119.9375,119.84375,119.875,588
2026-02-23T13:05:00,119.875,119.90625,119.84375,119.875,343
2026-02-23T13:10:00,119.875,119.90625,119.84375,119.84375,137
2026-02-23T13:15:00,119.8125,119.84375,119.8125,119.84375,245
2026-02-23T13:20:00,119.84375,119.96875,119.84375,119.96875,548
2026-02-23T13:25:00,119.9375,120.0,119.9375,120.0,266
2026-02-23T13:30:00,120.0,120.125,120.0,120.09375,595
2026-02-23T13:35:00,120.125,120.21875,120.125,120.21875,769
2026-02-23T13:40:00,120.21875,120.3125,120.1875,120.21875,861
2026-02-23T13:45:00,120.21875,120.28125,120.21875,120.21875,367
2026-02-23T13:50:00,120.21875,120.21875,120.15625,120.15625,697
2026-02-23T13:55:00,120.15625,120.1875,120.0625,120.0625,776
2026-02-23T14:00:00,120.0625,120.125,120.0625,120.09375,255
2026-02-23T14:05:00,120.0625,120.09375,120.0625,120.09375,198
2026-02-23T14:10:00,120.09375,120.09375,120.0625,120.09375,268
2026-02-23T14:15:00,120.09375,120.125,120.09375,120.09375,172
2026-02-23T14:20:00,120.0625,120.09375,120.03125,120.03125,286
2026-02-23T14:25:00,120.03125,120.09375,120.03125,120.0625,642
2026-02-23T14:30:00,120.0625,120.09375,120.03125,120.09375,315
2026-02-23T14:35:00,120.125,120.15625,120.125,120.125,168
2026-02-23T14:40:00,120.15625,120.15625,120.09375,120.125,749
2026-02-23T14:45:00,120.15625,120.1875,120.125,120.15625,323
2026-02-23T14:50:00,120.15625,120.15625,120.0625,120.125,333
2026-02-23T14:55:00,120.125,120.15625,120.09375,120.125,186
2026-02-23T15:00:00,120.125,120.21875,120.125,120.1875,184
2026-02-23T15:05:00,120.1875,120.21875,120.125,120.1875,270
2026-02-23T15:10:00,120.1875,120.1875,120.15625,120.15625,809
2026-02-23T15:15:00,120.15625,120.1875,120.125,120.125,519
2026-02-23T15:20:00,120.125,120.15625,120.09375,120.15625,478
2026-02-23T15:25:00,120.15625,120.21875,120.15625,120.1875,334
2026-02-23T15:30:00,120.1875,120.25,120.15625,120.1875,1095
2026-02-23T15:35:00,120.1875,120.25,120.1875,120.1875,1025
2026-02-23T15:40:00,120.21875,120.3125,120.1875,120.3125,1139
2026-02-23T15:45:00,120.34375,120.34375,120.25,120.28125,314
2026-02-23T15:50:00,120.25,120.3125,120.25,120.3125,359
2026-02-23T15:55:00,120.3125,120.40625,120.3125,120.375,829
2026-02-23T16:00:00,120.375,120.53125,120.375,120.53125,612
2026-02-23T16:05:00,120.53125,120.59375,120.5,120.5625,1183
2026-02-23T16:10:00,120.5625,120.5625,120.5,120.53125,563
2026-02-23T16:15:00,120.5625,120.59375,120.53125,120.53125,1675
2026-02-23T16:20:00,120.53125,120.53125,120.46875,120.5,625
2026-02-23T16:25:00,120.5,120.5,120.4375,120.46875,501
2026-02-23T16:30:00,120.5,120.53125,120.46875,120.5,948
2026-02-23T16:35:00,120.5,120.53125,120.46875,120.53125,813
2026-02-23T16:40:00,120.5625,120.5625,120.5,120.53125,990
2026-02-23T16:45:00,120.53125,120.5625,120.5,120.53125,540
2026-02-23T16:50:00,120.53125,120.5625,120.5,120.5625,318
2026-02-23T16:55:00,120.5625,120.5625,120.53125,120.5625,123
2026-02-23T17:00:00,120.5625,120.625,120.5625,120.59375,218
2026-02-23T17:05:00,120.625,120.625,120.53125,120.5625,878
2026-02-23T17:10:00,120.5625,120.5625,120.53125,120.53125,738
2026-02-23T17:15:00,120.53125,120.5625,120.5,120.53125,1144
2026-02-23T17:20:00,120.53125,120.5625,120.53125,120.53125,1068
2026-02-23T17:25:00,120.5625,120.59375,120.53125,120.59375,253
2026-02-23T17:30:00,120.59375,120.59375,120.53125,120.5625,497
2026-02-23T17:35:00,120.5625,120.65625,120.53125,120.625,497
2026-02-23T17:40:00,120.625,120.71875,120.59375,120.6875,1323
2026-02-23T17:45:00,120.65625,120.6875,120.625,120.65625,417
2026-02-23T17:50:00,120.65625,120.6875,120.59375,120.59375,463
2026-02-23T17:55:00,120.59375,120.59375,120.53125,120.59375,1484
2026-02-23T18:00:00,120.59375,120.59375,120.53125,120.53125,516
2026-02-23T18:05:00,120.5625,120.5625,120.53125,120.53125,63
2026-02-23T18:10:00,120.53125,120.53125,120.5,120.53125,255
2026-02-23T18:15:00,120.53125,120.5625,120.53125,120.53125,51
2026-02-23T18:20:00,120.53125,120.53125,120.5,120.5,43
2026-02-23T18:25:00,120.5,120.53125,120.5,120.53125,124
2026-02-23T18:30:00,120.5625,120.5625,120.5,120.5625,141
2026-02-23T18:35:00,120.5625,120.59375,120.5625,120.5625,256
2026-02-23T18:40:00,120.59375,120.59375,120.53125,120.53125,301
2026-02-23T18:45:00,120.53125,120.53125,120.5,120.5,227
2026-02-23T18:50:00,120.53125,120.53125,120.5,120.53125,106
2026-02-23T18:55:00,120.53125,120.59375,120.53125,120.59375,443
2026-02-23T19:00:00,120.5625,120.5625,120.53125,120.53125,469
2026-02-23T19:05:00,120.53125,120.5625,120.53125,120.53125,398
2026-02-23T19:10:00,120.53125,120.53125,120.5,120.5,277
2026-02-23T19:15:00,120.5,120.53125,120.46875,120.46875,1090
2026-02-23T19:20:00,120.46875,120.46875,120.4375,120.4375,239
2026-02-23T19:25:00,120.46875,120.46875,120.375,120.375,754
2026-02-23T19:30:00,120.40625,120.40625,120.34375,120.34375,839
2026-02-23T19:35:00,120.34375,120.375,120.34375,120.34375,692
2026-02-23T19:40:00,120.34375,120.40625,120.34375,120.40625,339
2026-02-23T19:45:00,120.40625,120.4375,120.375,120.40625,2009
2026-02-23T19:50:00,120.40625,120.46875,120.40625,120.46875,164
2026-02-23T19:55:00,120.46875,120.5,120.40625,120.4375,2371
2026-02-23T20:00:00,120.4375,120.4375,120.40625,120.4375,501
2026-02-23T20:05:00,120.40625,120.4375,120.375,120.40625,436
2026-02-23T20:10:00,120.40625,120.4375,120.375,120.40625,63
2026-02-23T20:15:00,120.40625,120.4375,120.375,120.375,302
2026-02-23T20:20:00,120.375,120.375,120.3125,120.3125,705
2026-02-23T20:25:00,120.3125,120.34375,120.28125,120.28125,1995
2026-02-23T20:30:00,120.3125,120.3125,120.21875,120.3125,3467
2026-02-23T20:35:00,120.28125,120.3125,120.25,120.3125,382
2026-02-23T20:40:00,120.3125,120.34375,120.3125,120.3125,263
2026-02-23T20:45:00,120.28125,120.34375,120.28125,120.34375,292
2026-02-23T20:50:00,120.3125,120.4375,120.28125,120.3125,3446
2026-02-23T20:55:00,120.28125,120.375,120.25,120.34375,4876
2026-02-23T21:00:00,120.3125,120.34375,120.28125,120.28125,2931
2026-02-23T21:05:00,120.3125,120.3125,120.28125,120.3125,178
2026-02-23T21:10:00,120.3125,120.3125,120.28125,120.28125,368
2026-02-23T21:15:00,120.28125,120.3125,120.28125,120.3125,341
2026-02-23T21:20:00,120.28125,120.3125,120.28125,120.3125,585
2026-02-23T21:25:00,120.28125,120.3125,120.28125,120.28125,286
2026-02-23T21:30:00,120.28125,120.28125,120.21875,120.25,1173
2026-02-23T21:35:00,120.28125,120.28125,120.28125,120.28125,115
2026-02-23T21:40:00,120.3125,120.3125,120.28125,120.28125,158
2026-02-23T21:45:00,120.28125,120.3125,120.28125,120.3125,355
2026-02-23T21:50:00,120.28125,120.3125,120.28125,120.28125,205
2026-02-23T21:55:00,120.28125,120.28125,120.25,120.25,176
2026-02-23T23:00:00,120.25,120.34375,120.25,120.3125,192
2026-02-23T23:05:00,120.28125,120.28125,120.1875,120.21875,475
2026-02-23T23:10:00,120.21875,120.21875,120.1875,120.21875,30
2026-02-23T23:15:00,120.21875,120.21875,120.21875,120.21875,3
2026-02-23T23:20:00,120.21875,120.25,120.21875,120.25,119
2026-02-23T23:25:00,120.21875,120.25,120.21875,120.25,48
2026-02-23T23:30:00,120.25,120.28125,120.25,120.28125,57
2026-02-23T23:35:00,120.28125,120.28125,120.21875,120.21875,41
2026-02-23T23:40:00,120.21875,120.21875,120.21875,120.21875,14
2026-02-23T23:45:00,120.21875,120.21875,120.21875,120.21875,52
2026-02-23T23:55:00,120.1875,120.1875,120.1875,120.1875,30
2026-02-24T00:00:00,120.21875,120.21875,120.1875,120.1875,68
2026-02-24T00:05:00,120.1875,120.1875,120.15625,120.15625,48
2026-02-24T00:10:00,120.15625,120.15625,120.15625,120.15625,75
2026-02-24T00:15:00,120.1875,120.21875,120.1875,120.21875,46
2026-02-24T00:20:00,120.21875,120.21875,120.21875,120.21875,29
2026-02-24T00:25:00,120.21875,120.21875,120.21875,120.21875,22
2026-02-24T00:30:00,120.21875,120.21875,120.1875,120.21875,21
2026-02-24T00:35:00,120.21875,120.21875,120.21875,120.21875,68
2026-02-24T00:40:00,120.1875,120.1875,120.1875,120.1875,28
2026-02-24T00:45:00,120.1875,120.21875,120.1875,120.21875,87
2026-02-24T00:55:00,120.21875,120.21875,120.1875,120.1875,28
2026-02-24T01:00:00,120.21875,120.21875,120.09375,120.09375,90
2026-02-24T01:05:00,120.125,120.15625,120.125,120.15625,130
2026-02-24T01:10:00,120.15625,120.15625,120.15625,120.15625,8
2026-02-24T01:15:00,120.15625,120.15625,120.15625,120.15625,36
2026-02-24T01:20:00,120.15625,120.15625,120.125,120.125,13
2026-02-24T01:25:00,120.125,120.15625,120.125,120.15625,350
2026-02-24T01:30:00,120.15625,120.15625,120.125,120.125,31
2026-02-24T01:35:00,120.15625,120.15625,120.125,120.15625,106
2026-02-24T01:40:00,120.15625,120.15625,120.125,120.15625,73
2026-02-24T01:45:00,120.15625,120.15625,120.15625,120.15625,12
2026-02-24T01:50:00,120.15625,120.15625,120.15625,120.15625,39
2026-02-24T01:55:00,120.15625,120.15625,120.09375,120.125,421
2026-02-24T02:00:00,120.125,120.125,120.125,120.125,88
2026-02-24T02:05:00,120.125,120.125,120.125,120.125,17
2026-02-24T02:10:00,120.125,120.125,120.125,120.125,51
2026-02-24T02:15:00,120.125,120.125,120.125,120.125,13
2026-02-24T02:20:00,120.125,120.15625,120.125,120.15625,74
2026-02-24T02:25:00,120.15625,120.15625,120.15625,120.15625,18
2026-02-24T02:30:00,120.15625,120.15625,120.125,120.15625,31
2026-02-24T02:35:00,120.125,120.125,120.09375,120.09375,23
2026-02-24T02:45:00,120.09375,120.09375,120.09375,120.09375,41
2026-02-24T02:50:00,120.09375,120.09375,120.0625,120.0625,148
2026-02-24T02:55:00,120.09375,120.09375,120.0625,120.0625,3
2026-02-24T03:05:00,120.09375,120.125,120.0625,120.09375,41
2026-02-24T03:10:00,120.09375,120.125,120.09375,120.09375,30
2026-02-24T03:15:00,120.09375,120.09375,120.09375,120.09375,10
2026-02-24T03:20:00,120.125,120.125,120.125,120.125,28
2026-02-24T03:25:00,120.15625,120.15625,120.125,120.15625,178
2026-02-24T03:30:00,120.15625,120.15625,120.125,120.125,50
2026-02-24T03:35:00,120.15625,120.15625,120.125,120.125,57
2026-02-24T03:40:00,120.15625,120.15625,120.125,120.125,2
2026-02-24T03:45:00,120.15625,120.15625,120.15625,120.15625,25
2026-02-24T03:50:00,120.125,120.15625,120.125,120.15625,73
2026-02-24T03:55:00,120.15625,120.1875,120.125,120.125,76
2026-02-24T04:00:00,120.125,120.125,120.125,120.125,4
2026-02-24T04:05:00,120.125,120.125,120.09375,120.09375,2
2026-02-24T04:10:00,120.09375,120.09375,120.09375,120.09375,17
2026-02-24T04:15:00,120.125,120.125,120.09375,120.09375,4
2026-02-24T04:20:00,120.125,120.125,120.125,120.125,42
2026-02-24T04:25:00,120.125,120.125,120.125,120.125,14
2026-02-24T04:35:00,120.15625,120.15625,120.15625,120.15625,3
2026-02-24T04:40:00,120.125,120.125,120.125,120.125,2
2026-02-24T04:45:00,120.15625,120.15625,120.15625,120.15625,72
2026-02-24T04:50:00,120.15625,120.15625,120.15625,120.15625,44
2026-02-24T04:55:00,120.15625,120.15625,120.15625,120.15625,16
2026-02-24T05:00:00,120.125,120.125,120.125,120.125,18
2026-02-24T05:05:00,120.125,120.125,120.125,120.125,36
2026-02-24T05:10:00,120.125,120.125,120.09375,120.125,39
2026-02-24T05:15:00,120.125,120.125,120.125,120.125,12
2026-02-24T05:20:00,120.125,120.125,120.125,120.125,10
2026-02-24T05:25:00,120.125,120.125,120.09375,120.09375,19
2026-02-24T05:30:00,120.09375,120.09375,120.09375,120.09375,65
2026-02-24T05:40:00,120.09375,120.09375,120.09375,120.09375,14
2026-02-24T05:45:00,120.09375,120.09375,120.09375,120.09375,3
2026-02-24T05:50:00,120.125,120.15625,120.125,120.125,45
2026-02-24T06:05:00,120.125,120.125,120.125,120.125,22
2026-02-24T06:10:00,120.125,120.125,120.09375,120.09375,48
2026-02-24T06:15:00,120.125,120.125,120.125,120.125,16
2026-02-24T06:25:00,120.15625,120.15625,120.15625,120.15625,56
2026-02-24T06:30:00,120.15625,120.15625,120.15625,120.15625,4
2026-02-24T06:35:00,120.15625,120.1875,120.15625,120.1875,26
2026-02-24T06:40:00,120.1875,120.1875,120.1875,120.1875,40
2026-02-24T06:45:00,120.15625,120.1875,120.15625,120.1875,49
2026-02-24T06:50:00,120.21875,120.21875,120.1875,120.21875,92
2026-02-24T06:55:00,120.21875,120.25,120.21875,120.21875,87
2026-02-24T07:00:00,120.21875,120.25,120.21875,120.25,227
2026-02-24T07:05:00,120.25,120.3125,120.25,120.28125,120
2026-02-24T07:10:00,120.25,120.25,120.21875,120.21875,30
2026-02-24T07:15:00,120.25,120.25,120.21875,120.21875,44
2026-02-24T07:20:00,120.21875,120.21875,120.21875,120.21875,30
2026-02-24T07:25:00,120.25,120.25,120.21875,120.21875,251
2026-02-24T07:30:00,120.21875,120.21875,120.1875,120.21875,263
2026-02-24T07:35:00,120.21875,120.21875,120.1875,120.1875,46
2026-02-24T07:40:00,120.1875,120.1875,120.1875,120.1875,6
2026-02-24T07:45:00,120.1875,120.21875,120.1875,120.21875,66
2026-02-24T07:50:00,120.21875,120.28125,120.21875,120.25,18
2026-02-24T07:55:00,120.28125,120.28125,120.21875,120.28125,138
2026-02-24T08:00:00,120.28125,120.28125,120.25,120.28125,223
2026-02-24T08:05:00,120.28125,120.28125,120.28125,120.28125,74
2026-02-24T08:10:00,120.3125,120.34375,120.28125,120.3125,83
2026-02-24T08:15:00,120.34375,120.375,120.3125,120.34375,163
2026-02-24T08:20:00,120.3125,120.3125,120.21875,120.25,172
2026-02-24T08:25:00,120.25,120.25,120.1875,120.21875,183
2026-02-24T08:30:00,120.25,120.25,120.21875,120.21875,136
2026-02-24T08:35:00,120.25,120.25,120.21875,120.21875,14
2026-02-24T08:40:00,120.25,120.28125,120.21875,120.21875,387
2026-02-24T08:45:00,120.25,120.28125,120.21875,120.28125,154
2026-02-24T08:50:00,120.28125,120.3125,120.25,120.3125,107
2026-02-24T08:55:00,120.28125,120.3125,120.25,120.28125,141
2026-02-24T09:00:00,120.3125,120.3125,120.25,120.25,160
2026-02-24T09:05:00,120.28125,120.28125,120.28125,120.28125,218
2026-02-24T09:10:00,120.28125,120.28125,120.25,120.28125,211
2026-02-24T09:15:00,120.28125,120.34375,120.28125,120.34375,252
2026-02-24T09:20:00,120.34375,120.375,120.3125,120.375,448
2026-02-24T09:25:00,120.375,120.375,120.34375,120.34375,128
2026-02-24T09:30:00,120.34375,120.375,120.3125,120.34375,293
2026-02-24T09:35:00,120.34375,120.375,120.3125,120.3125,104
2026-02-24T09:40:00,120.3125,120.375,120.3125,120.34375,99
2026-02-24T09:45:00,120.375,120.40625,120.34375,120.40625,173
2026-02-24T09:50:00,120.375,120.375,120.34375,120.375,757
2026-02-24T09:55:00,120.34375,120.375,120.34375,120.375,106
2026-02-24T10:00:00,120.34375,120.34375,120.3125,120.34375,79
2026-02-24T10:05:00,120.3125,120.34375,120.3125,120.34375,180
2026-02-24T10:10:00,120.34375,120.375,120.34375,120.375,113
2026-02-24T10:15:00,120.375,120.40625,120.375,120.40625,65
2026-02-24T10:20:00,120.375,120.40625,120.375,120.40625,115
2026-02-24T10:25:00,120.40625,120.40625,120.375,120.375,702
2026-02-24T10:30:00,120.375,120.4375,120.375,120.375,161
2026-02-24T10:35:00,120.375,120.40625,120.375,120.40625,125
2026-02-24T10:40:00,120.40625,120.40625,120.375,120.375,97
2026-02-24T10:45:00,120.375,120.40625,120.375,120.40625,82
2026-02-24T10:50:00,120.4375,120.46875,120.40625,120.40625,250
2026-02-24T10:55:00,120.40625,120.46875,120.375,120.46875,105
2026-02-24T11:00:00,120.46875,120.5,120.4375,120.46875,191
2026-02-24T11:05:00,120.46875,120.46875,120.4375,120.4375,180
2026-02-24T11:10:00,120.4375,120.46875,120.40625,120.46875,40
2026-02-24T11:15:00,120.46875,120.5,120.46875,120.46875,68
2026-02-24T11:20:00,120.46875,120.46875,120.4375,120.4375,126
2026-02-24T11:25:00,120.4375,120.46875,120.4375,120.4375,309
2026-02-24T11:30:00,120.46875,120.46875,120.4375,120.4375,293
2026-02-24T11:35:00,120.4375,120.46875,120.4375,120.46875,39
2026-02-24T11:40:00,120.4375,120.5,120.4375,120.5,205
2026-02-24T11:45:00,120.5,120.53125,120.46875,120.46875,341
2026-02-24T11:50:00,120.5,120.5,120.46875,120.46875,128
2026-02-24T11:55:00,120.46875,120.5,120.46875,120.46875,117
2026-02-24T12:00:00,120.46875,120.46875,120.40625,120.4375,98
2026-02-24T12:05:00,120.4375,120.4375,120.40625,120.4375,665
2026-02-24T12:10:00,120.40625,120.40625,120.34375,120.375,209
2026-02-24T12:15:00,120.34375,120.4375,120.34375,120.4375,305
2026-02-24T12:20:00,120.4375,120.5,120.4375,120.46875,502
2026-02-24T12:25:00,120.46875,120.46875,120.4375,120.4375,49
2026-02-24T12:30:00,120.4375,120.5,120.4375,120.46875,469
2026-02-24T12:35:00,120.46875,120.5,120.46875,120.5,92
2026-02-24T12:40:00,120.53125,120.59375,120.53125,120.5625,236
2026-02-24T12:45:00,120.5625,120.65625,120.5625,120.65625,703
2026-02-24T12:50:00,120.65625,120.6875,120.625,120.65625,319
2026-02-24T12:55:00,120.65625,120.65625,120.59375,120.59375,400
2026-02-24T13:00:00,120.59375,120.59375,120.4375,120.46875,957
2026-02-24T13:05:00,120.46875,120.5,120.4375,120.46875,648
2026-02-24T13:10:00,120.46875,120.5,120.4375,120.5,710
2026-02-24T13:15:00,120.46875,120.46875,120.40625,120.40625,810
2026-02-24T13:20:00,120.40625,120.4375,120.34375,120.4375,947
2026-02-24T13:25:00,120.4375,120.4375,120.40625,120.40625,779
2026-02-24T13:30:00,120.40625,120.4375,120.375,120.40625,886
2026-02-24T13:35:00,120.4375,120.46875,120.375,120.4375,411
2026-02-24T13:40:00,120.4375,120.46875,120.4375,120.46875,259
2026-02-24T13:45:00,120.46875,120.5,120.46875,120.46875,205
2026-02-24T13:50:00,120.46875,120.5,120.4375,120.46875,291
2026-02-24T13:55:00,120.46875,120.5,120.40625,120.4375,878
2026-02-24T14:00:00,120.40625,120.4375,120.375,120.4375,1005
2026-02-24T14:05:00,120.4375,120.53125,120.4375,120.46875,939
2026-02-24T14:10:00,120.46875,120.5,120.4375,120.46875,316
2026-02-24T14:15:00,120.46875,120.5625,120.46875,120.5625,583
2026-02-24T14:20:00,120.5625,120.59375,120.4375,120.5,619
2026-02-24T14:25:00,120.53125,120.59375,120.53125,120.59375,621
2026-02-24T14:30:00,120.5625,120.5625,120.46875,120.5625,859
2026-02-24T14:35:00,120.5625,120.6875,120.5625,120.65625,2286
2026-02-24T14:40:00,120.59375,120.59375,120.40625,120.40625,1173
2026-02-24T14:45:00,120.40625,120.4375,120.34375,120.40625,1493
2026-02-24T14:50:00,120.40625,120.5,120.40625,120.5,1201
2026-02-24T14:55:00,120.5,120.53125,120.46875,120.46875,1837
2026-02-24T15:00:00,120.46875,120.5,120.4375,120.5,788
2026-02-24T15:05:00,120.46875,120.5,120.4375,120.46875,327
2026-02-24T15:10:00,120.46875,120.53125,120.46875,120.5,499
2026-02-24T15:15:00,120.5,120.53125,120.46875,120.5,304
2026-02-24T15:20:00,120.5,120.53125,120.46875,120.46875,630
2026-02-24T15:25:00,120.4375,120.5,120.40625,120.46875,1355
2026-02-24T15:30:00,120.46875,120.53125,120.46875,120.53125,921
2026-02-24T15:35:00,120.53125,120.53125,120.46875,120.5,806
2026-02-24T15:40:00,120.53125,120.5625,120.46875,120.5,483
2026-02-24T15:45:00,120.5,120.53125,120.5,120.53125,707
2026-02-24T15:50:00,120.53125,120.59375,120.53125,120.5625,576
2026-02-24T15:55:00,120.53125,120.59375,120.53125,120.5625,914
2026-02-24T16:00:00,120.5625,120.6875,120.5625,120.6875,2336
2026-02-24T16:05:00,120.65625,120.71875,120.625,120.65625,1407
2026-02-24T16:10:00,120.6875,120.6875,120.53125,120.53125,906
2026-02-24T16:15:00,120.5625,120.59375,120.5,120.59375,1365
2026-02-24T16:20:00,120.625,120.65625,120.59375,120.625,562
2026-02-24T16:25:00,120.59375,120.59375,120.5625,120.5625,928
2026-02-24T16:30:00,120.59375,120.625,120.59375,120.625,800
2026-02-24T16:35:00,120.625,120.625,120.5625,120.59375,772
2026-02-24T16:40:00,120.5625,120.625,120.5625,120.59375,790
2026-02-24T16:45:00,120.59375,120.625,120.59375,120.625,270
2026-02-24T16:50:00,120.625,120.625,120.5625,120.5625,623
2026-02-24T16:55:00,120.59375,120.625,120.5625,120.59375,1321
2026-02-24T17:00:00,120.625,120.625,120.59375,120.625,311
2026-02-24T17:05:00,120.625,120.625,120.59375,120.625,249
2026-02-24T17:10:00,120.59375,120.59375,120.53125,120.53125,673
2026-02-24T17:15:00,120.53125,120.53125,120.5,120.5,274
2026-02-24T17:20:00,120.5,120.5,120.46875,120.5,531
2026-02-24T17:25:00,120.5,120.5,120.46875,120.5,273
2026-02-24T17:30:00,120.5,120.53125,120.5,120.5,776
2026-02-24T17:35:00,120.5,120.53125,120.5,120.53125,89
2026-02-24T17:40:00,120.5625,120.625,120.53125,120.625,636
2026-02-24T17:45:00,120.625,120.625,120.59375,120.59375,114
2026-02-24T17:50:00,120.625,120.625,120.5625,120.5625,64
2026-02-24T17:55:00,120.5625,120.59375,120.53125,120.5625,258
2026-02-24T18:00:00,120.5625,120.59375,120.53125,120.53125,497
2026-02-24T18:05:00,120.53125,120.5625,120.53125,120.53125,905
2026-02-24T18:10:00,120.53125,120.5625,120.5,120.53125,575
2026-02-24T18:15:00,120.53125,120.53125,120.53125,120.53125,108
2026-02-24T18:20:00,120.53125,120.5625,120.53125,120.5625,190
2026-02-24T18:25:00,120.5625,120.59375,120.53125,120.59375,248
2026-02-24T18:30:00,120.5625,120.625,120.5625,120.59375,416
2026-02-24T18:35:00,120.5625,120.5625,120.53125,120.53125,344
2026-02-24T18:40:00,120.53125,120.59375,120.53125,120.59375,191
2026-02-24T18:45:00,120.59375,120.625,120.5625,120.59375,121
2026-02-24T18:50:00,120.59375,120.625,120.5625,120.5625,538
2026-02-24T18:55:00,120.5625,120.625,120.53125,120.59375,1079
2026-02-24T19:00:00,120.59375,120.625,120.5625,120.5625,445
2026-02-24T19:05:00,120.5625,120.5625,120.53125,120.5625,774
2026-02-24T19:10:00,120.5625,120.5625,120.5,120.53125,404
2026-02-24T19:15:00,120.53125,120.5625,120.53125,120.53125,499
2026-02-24T19:20:00,120.53125,120.53125,120.5,120.5,252
2026-02-24T19:25:00,120.53125,120.53125,120.46875,120.5,1075
2026-02-24T19:30:00,120.53125,120.5625,120.46875,120.46875,2364
2026-02-24T19:35:00,120.5,120.53125,120.46875,120.5,439
2026-02-24T19:40:00,120.5,120.5,120.46875,120.46875,701
2026-02-24T19:45:00,120.46875,120.46875,120.4375,120.4375,559
2026-02-24T19:50:00,120.4375,120.46875,120.4375,120.46875,712
2026-02-24T19:55:00,120.46875,120.53125,120.46875,120.53125,2245
2026-02-24T20:00:00,120.5,120.5625,120.5,120.53125,1253
2026-02-24T20:05:00,120.53125,120.5625,120.5,120.5,363
2026-02-24T20:10:00,120.5,120.5,120.46875,120.46875,917
2026-02-24T20:15:00,120.46875,120.46875,120.40625,120.4375,1303
2026-02-24T20:20:00,120.4375,120.4375,120.375,120.375,1121
2026-02-24T20:25:00,120.375,120.375,120.3125,120.34375,463
2026-02-24T20:30:00,120.34375,120.40625,120.34375,120.40625,415
2026-02-24T20:35:00,120.40625,120.40625,120.375,120.40625,174
2026-02-24T20:40:00,120.40625,120.40625,120.375,120.375,409
2026-02-24T20:45:00,120.34375,120.40625,120.34375,120.40625,789
2026-02-24T20:50:00,120.40625,120.4375,120.375,120.40625,542
2026-02-24T20:55:00,120.4375,120.53125,120.40625,120.5,7218
2026-02-24T21:00:00,120.46875,120.5625,120.46875,120.53125,3442
2026-02-24T21:05:00,120.5625,120.5625,120.53125,120.5625,858
2026-02-24T21:10:00,120.5625,120.59375,120.53125,120.5625,581
2026-02-24T21:15:00,120.5625,120.5625,120.53125,120.5625,761
2026-02-24T21:20:00,120.59375,120.625,120.59375,120.625,682
2026-02-24T21:25:00,120.59375,120.625,120.5625,120.625,287
2026-02-24T21:30:00,120.59375,120.59375,120.53125,120.53125,225
2026-02-24T21:35:00,120.53125,120.5625,120.53125,120.5625,503
2026-02-24T21:40:00,120.5625,120.5625,120.53125,120.5625,340
2026-02-24T21:45:00,120.53125,120.59375,120.53125,120.5625,222
2026-02-24T21:50:00,120.5625,120.625,120.5625,120.59375,333
2026-02-24T21:55:00,120.59375,120.625,120.5625,120.625,498
2026-02-24T23:00:00,120.5625,120.5625,120.5625,120.5625,22
2026-02-24T23:05:00,120.59375,120.59375,120.5625,120.59375,3
2026-02-24T23:10:00,120.5625,120.59375,120.5625,120.59375,6
2026-02-24T23:15:00,120.5625,120.5625,120.53125,120.53125,10
2026-02-24T23:20:00,120.53125,120.53125,120.53125,120.53125,2
2026-02-24T23:25:00,120.53125,120.53125,120.53125,120.53125,15
2026-02-24T23:30:00,120.53125,120.5625,120.53125,120.5625,9
2026-02-24T23:35:00,120.5625,120.5625,120.53125,120.53125,15
2026-02-24T23:40:00,120.53125,120.53125,120.53125,120.53125,3
2026-02-24T23:45:00,120.5,120.5,120.5,120.5,74
2026-02-24T23:50:00,120.46875,120.46875,120.46875,120.46875,283
2026-02-24T23:55:00,120.46875,120.46875,120.46875,120.46875,50
2026-02-25T00:00:00,120.46875,120.5625,120.46875,120.5625,433
2026-02-25T00:05:00,120.5625,120.59375,120.5625,120.5625,43
2026-02-25T00:10:00,120.5625,120.59375,120.53125,120.59375,32
2026-02-25T00:15:00,120.59375,120.59375,120.53125,120.5625,147
2026-02-25T00:20:00,120.59375,120.59375,120.5625,120.5625,41
2026-02-25T00:25:00,120.53125,120.53125,120.5,120.5,149
2026-02-25T00:30:00,120.5,120.5,120.46875,120.46875,186
2026-02-25T00:35:00,120.46875,120.46875,120.46875,120.46875,46
2026-02-25T00:40:00,120.46875,120.46875,120.4375,120.46875,121
2026-02-25T00:45:00,120.46875,120.46875,120.4375,120.46875,38
2026-02-25T00:50:00,120.46875,120.5,120.46875,120.5,46
2026-02-25T00:55:00,120.46875,120.5,120.4375,120.5,179
2026-02-25T01:00:00,120.46875,120.46875,120.4375,120.46875,325
2026-02-25T01:05:00,120.4375,120.5,120.4375,120.5,98
2026-02-25T01:10:00,120.46875,120.5,120.46875,120.46875,52
2026-02-25T01:15:00,120.4375,120.46875,120.40625,120.40625,116
2026-02-25T01:20:00,120.40625,120.4375,120.40625,120.4375,212
2026-02-25T01:25:00,120.40625,120.40625,120.375,120.375,319
2026-02-25T01:30:00,120.40625,120.40625,120.40625,120.40625,86
2026-02-25T01:35:00,120.40625,120.40625,120.40625,120.40625,143
2026-02-25T01:40:00,120.40625,120.40625,120.40625,120.40625,105
2026-02-25T01:45:00,120.40625,120.40625,120.375,120.40625,26
2026-02-25T01:50:00,120.375,120.375,120.375,120.375,153
2026-02-25T01:55:00,120.375,120.40625,120.375,120.375,8
2026-02-25T02:00:00,120.375,120.375,120.375,120.375,16
2026-02-25T02:05:00,120.375,120.375,120.375,120.375,109
2026-02-25T02:10:00,120.375,120.375,120.375,120.375,40
2026-02-25T02:15:00,120.375,120.375,120.34375,120.375,503
2026-02-25T02:20:00,120.375,120.375,120.34375,120.375,259
2026-02-25T02:25:00,120.34375,120.34375,120.34375,120.34375,5
2026-02-25T02:30:00,120.375,120.375,120.34375,120.375,51
2026-02-25T02:35:00,120.375,120.375,120.34375,120.375,225
2026-02-25T02:40:00,120.375,120.375,120.375,120.375,130
2026-02-25T02:45:00,120.34375,120.34375,120.34375,120.34375,49
2026-02-25T02:50:00,120.34375,120.40625,120.3125,120.375,412
2026-02-25T02:55:00,120.34375,120.34375,120.34375,120.34375,10
2026-02-25T03:00:00,120.375,120.375,120.34375,120.375,227
2026-02-25T03:05:00,120.34375,120.375,120.34375,120.375,136
2026-02-25T03:10:00,120.34375,120.34375,120.34375,120.34375,69
2026-02-25T03:15:00,120.34375,120.375,120.34375,120.34375,4
2026-02-25T03:20:00,120.375,120.375,120.34375,120.34375,291
2026-02-25T03:25:00,120.34375,120.375,120.34375,120.375,101
2026-02-25T03:30:00,120.375,120.40625,120.375,120.375,223
2026-02-25T03:35:00,120.375,120.375,120.34375,120.375,40
2026-02-25T03:40:00,120.375,120.375,120.25,120.3125,488
2026-02-25T03:45:00,120.3125,120.34375,120.25,120.25,263
2026-02-25T03:50:00,120.25,120.28125,120.25,120.28125,98
2026-02-25T03:55:00,120.25,120.3125,120.25,120.3125,75
2026-02-25T04:00:00,120.3125,120.3125,120.28125,120.3125,46
2026-02-25T04:05:00,120.28125,120.3125,120.28125,120.3125,166
2026-02-25T04:10:00,120.3125,120.34375,120.3125,120.3125,17
2026-02-25T04:15:00,120.3125,120.34375,120.3125,120.3125,138
2026-02-25T04:20:00,120.3125,120.3125,120.3125,120.3125,36
2026-02-25T04:25:00,120.3125,120.3125,120.28125,120.28125,91
2026-02-25T04:30:00,120.25,120.25,120.25,120.25,2
2026-02-25T04:35:00,120.25,120.28125,120.25,120.28125,212
2026-02-25T04:40:00,120.28125,120.28125,120.28125,120.28125,26
2026-02-25T04:45:00,120.28125,120.28125,120.28125,120.28125,6
2026-02-25T04:50:00,120.28125,120.28125,120.28125,120.28125,7
2026-02-25T04:55:00,120.28125,120.28125,120.28125,120.28125,10
2026-02-25T05:00:00,120.28125,120.3125,120.28125,120.3125,65
2026-02-25T05:05:00,120.3125,120.34375,120.3125,120.34375,372
2026-02-25T05:10:00,120.34375,120.34375,120.3125,120.3125,58
2026-02-25T05:15:00,120.3125,120.3125,120.3125,120.3125,78
2026-02-25T05:20:00,120.28125,120.3125,120.28125,120.3125,92
2026-02-25T05:25:00,120.34375,120.34375,120.34375,120.34375,4
2026-02-25T05:30:00,120.3125,120.34375,120.3125,120.34375,12
2026-02-25T05:35:00,120.3125,120.3125,120.3125,120.3125,56
2026-02-25T05:45:00,120.3125,120.3125,120.3125,120.3125,3
2026-02-25T05:50:00,120.28125,120.28125,120.28125,120.28125,116
2026-02-25T05:55:00,120.25,120.3125,120.25,120.28125,157
2026-02-25T06:00:00,120.28125,120.3125,120.28125,120.28125,163
2026-02-25T06:05:00,120.28125,120.28125,120.25,120.25,37
2026-02-25T06:10:00,120.28125,120.3125,120.28125,120.3125,279
2026-02-25T06:15:00,120.34375,120.34375,120.34375,120.34375,1
2026-02-25T06:20:00,120.3125,120.34375,120.3125,120.34375,30
2026-02-25T06:25:00,120.3125,120.3125,120.3125,120.3125,198
2026-02-25T06:30:00,120.3125,120.3125,120.28125,120.28125,50
2026-02-25T06:35:00,120.3125,120.3125,120.25,120.25,120
2026-02-25T06:40:00,120.28125,120.28125,120.21875,120.21875,52
2026-02-25T06:45:00,120.21875,120.25,120.21875,120.21875,90
2026-02-25T06:50:00,120.21875,120.21875,120.1875,120.1875,219
2026-02-25T06:55:00,120.1875,120.1875,120.1875,120.1875,613
2026-02-25T07:00:00,120.1875,120.1875,120.15625,120.1875,376
2026-02-25T07:05:00,120.1875,120.21875,120.1875,120.1875,267
2026-02-25T07:10:00,120.1875,120.1875,120.1875,120.1875,1
2026-02-25T07:15:00,120.15625,120.15625,120.15625,120.15625,10
2026-02-25T07:20:00,120.15625,120.15625,120.15625,120.15625,949
2026-02-25T07:25:00,120.15625,120.1875,120.15625,120.1875,211
2026-02-25T07:30:00,120.1875,120.21875,120.1875,120.21875,307
2026-02-25T07:35:00,120.1875,120.1875,120.1875,120.1875,109
2026-02-25T07:40:00,120.1875,120.1875,120.15625,120.1875,100
2026-02-25T07:45:00,120.21875,120.21875,120.1875,120.21875,41
2026-02-25T07:50:00,120.1875,120.21875,120.1875,120.21875,261
2026-02-25T07:55:00,120.21875,120.28125,120.1875,120.25,280
2026-02-25T08:00:00,120.21875,120.25,120.21875,120.25,378
2026-02-25T08:05:00,120.25,120.28125,120.25,120.25,243
2026-02-25T08:10:00,120.28125,120.3125,120.28125,120.28125,31
2026-02-25T08:15:00,120.28125,120.3125,120.25,120.25,183
2026-02-25T08:20:00,120.25,120.28125,120.25,120.28125,36
2026-02-25T08:25:00,120.25,120.25,120.25,120.25,261
2026-02-25T08:30:00,120.25,120.25,120.21875,120.25,201
2026-02-25T08:35:00,120.25,120.25,120.21875,120.25,643
2026-02-25T08:40:00,120.25,120.28125,120.25,120.28125,8
2026-02-25T08:45:00,120.28125,120.3125,120.25,120.3125,709
2026-02-25T08:50:00,120.28125,120.34375,120.25,120.25,437
2026-02-25T08:55:00,120.28125,120.28125,120.25,120.25,510
2026-02-25T09:00:00,120.28125,120.28125,120.25,120.25,614
2026-02-25T09:05:00,120.25,120.25,120.21875,120.21875,833
2026-02-25T09:10:00,120.1875,120.21875,120.1875,120.21875,113
2026-02-25T09:15:00,120.21875,120.21875,120.1875,120.1875,501
2026-02-25T09:20:00,120.1875,120.25,120.1875,120.25,793
2026-02-25T09:25:00,120.25,120.25,120.21875,120.25,468
2026-02-25T09:30:00,120.25,120.3125,120.25,120.3125,602
2026-02-25T09:35:00,120.3125,120.3125,120.28125,120.3125,641
2026-02-25T09:40:00,120.3125,120.3125,120.3125,120.3125,226
2026-02-25T09:45:00,120.3125,120.3125,120.28125,120.28125,161
2026-02-25T09:50:00,120.28125,120.28125,120.25,120.28125,186
2026-02-25T09:55:00,120.25,120.25,120.21875,120.25,268
2026-02-25T10:00:00,120.25,120.25,120.21875,120.21875,354
2026-02-25T10:05:00,120.21875,120.21875,120.21875,120.21875,730
2026-02-25T10:10:00,120.21875,120.25,120.1875,120.1875,902
2026-02-25T10:15:00,120.21875,120.21875,120.21875,120.21875,702
2026-02-25T10:20:00,120.21875,120.21875,120.1875,120.1875,366
2026-02-25T10:25:00,120.1875,120.1875,120.1875,120.1875,73
2026-02-25T10:30:00,120.1875,120.1875,120.1875,120.1875,105
2026-02-25T10:35:00,120.1875,120.21875,120.1875,120.1875,413
2026-02-25T10:40:00,120.1875,120.21875,120.1875,120.1875,337
2026-02-25T10:45:00,120.15625,120.1875,120.125,120.1875,455
2026-02-25T10:50:00,120.15625,120.21875,120.15625,120.1875,326
2026-02-25T10:55:00,120.21875,120.25,120.1875,120.25,914
2026-02-25T11:00:00,120.25,120.25,120.25,120.25,10
2026-02-25T11:05:00,120.25,120.28125,120.21875,120.25,118
2026-02-25T11:10:00,120.25,120.25,120.25,120.25,50
2026-02-25T11:15:00,120.25,120.28125,120.25,120.28125,246
2026-02-25T11:20:00,120.28125,120.28125,120.21875,120.25,164
2026-02-25T11:25:00,120.25,120.25,120.25,120.25,281
2026-02-25T11:30:00,120.25,120.28125,120.25,120.28125,3
2026-02-25T11:35:00,120.28125,120.28125,120.25,120.25,243
2026-02-25T11:40:00,120.25,120.25,120.21875,120.21875,241
2026-02-25T11:45:00,120.25,120.25,120.21875,120.25,68
2026-02-25T11:50:00,120.25,120.28125,120.25,120.28125,47
2026-02-25T11:55:00,120.28125,120.3125,120.25,120.25,581
2026-02-25T12:00:00,120.28125,120.28125,120.21875,120.21875,275
2026-02-25T12:05:00,120.21875,120.25,120.21875,120.25,149
2026-02-25T12:10:00,120.21875,120.25,120.21875,120.21875,83
2026-02-25T12:15:00,120.25,120.25,120.21875,120.25,173
2026-02-25T12:20:00,120.25,120.25,120.1875,120.1875,1429
2026-02-25T12:25:00,120.1875,120.1875,120.15625,120.1875,143
2026-02-25T12:30:00,120.15625,120.15625,120.0625,120.09375,474
2026-02-25T12:35:00,120.125,120.21875,120.09375,120.1875,512
2026-02-25T12:40:00,120.1875,120.21875,120.15625,120.1875,548
2026-02-25T12:45:00,120.1875,120.1875,120.15625,120.15625,191
2026-02-25T12:50:00,120.1875,120.21875,120.1875,120.1875,730
2026-02-25T12:55:00,120.1875,120.1875,120.15625,120.15625,645
2026-02-25T13:00:00,120.15625,120.1875,120.15625,120.1875,805
2026-02-25T13:05:00,120.1875,120.1875,120.15625,120.15625,943
2026-02-25T13:10:00,120.15625,120.1875,120.15625,120.15625,652
2026-02-25T13:15:00,120.15625,120.1875,120.15625,120.1875,598
2026-02-25T13:20:00,120.21875,120.28125,120.21875,120.28125,1408
2026-02-25T13:25:00,120.25,120.25,120.21875,120.21875,705
2026-02-25T13:30:00,120.21875,120.34375,120.21875,120.3125,1356
2026-02-25T13:35:00,120.3125,120.375,120.3125,120.34375,841
2026-02-25T13:40:00,120.375,120.375,120.34375,120.375,777
2026-02-25T13:45:00,120.375,120.40625,120.34375,120.34375,482
2026-02-25T13:50:00,120.3125,120.34375,120.28125,120.28125,211
2026-02-25T13:55:00,120.28125,120.3125,120.25,120.3125,848
2026-02-25T14:00:00,120.3125,120.34375,120.3125,120.3125,1071
2026-02-25T14:05:00,120.28125,120.28125,120.21875,120.21875,1096
2026-02-25T14:10:00,120.25,120.25,120.1875,120.21875,2092
2026-02-25T14:15:00,120.21875,120.25,120.21875,120.21875,378
2026-02-25T14:20:00,120.21875,120.25,120.1875,120.21875,406
2026-02-25T14:25:00,120.21875,120.25,120.1875,120.21875,1185
2026-02-25T14:30:00,120.25,120.3125,120.25,120.3125,1846
2026-02-25T14:35:00,120.28125,120.3125,120.25,120.25,685
2026-02-25T14:40:00,120.28125,120.34375,120.28125,120.3125,1473
2026-02-25T14:45:00,120.34375,120.34375,120.28125,120.3125,958
2026-02-25T14:50:00,120.3125,120.3125,120.21875,120.28125,1837
2026-02-25T14:55:00,120.28125,120.3125,120.21875,120.25,867
2026-02-25T15:00:00,120.25,120.3125,120.25,120.28125,566
2026-02-25T15:05:00,120.28125,120.34375,120.25,120.34375,1492
2026-02-25T15:10:00,120.34375,120.375,120.3125,120.375,1379
2026-02-25T15:15:00,120.375,120.40625,120.34375,120.34375,960
2026-02-25T15:20:00,120.34375,120.375,120.3125,120.3125,821
2026-02-25T15:25:00,120.3125,120.34375,120.28125,120.3125,2063
2026-02-25T15:30:00,120.3125,120.4375,120.3125,120.4375,1162
2026-02-25T15:35:00,120.40625,120.4375,120.40625,120.4375,791
2026-02-25T15:40:00,120.4375,120.46875,120.40625,120.4375,740
2026-02-25T15:45:00,120.46875,120.46875,120.375,120.40625,1186
2026-02-25T15:50:00,120.375,120.40625,120.34375,120.34375,1217
2026-02-25T15:55:00,120.375,120.46875,120.34375,120.4375,2402
2026-02-25T16:00:00,120.46875,120.5,120.4375,120.46875,3060
2026-02-25T16:05:00,120.46875,120.5,120.4375,120.46875,1684
2026-02-25T16:10:00,120.46875,120.5,120.4375,120.5,1553
2026-02-25T16:15:00,120.5,120.5,120.4375,120.4375,1272
2026-02-25T16:20:00,120.46875,120.5,120.4375,120.5,678
2026-02-25T16:25:00,120.5,120.53125,120.46875,120.5,846
2026-02-25T16:30:00,120.53125,120.5625,120.53125,120.5625,1348
2026-02-25T16:35:00,120.5625,120.5625,120.53125,120.5625,874
2026-02-25T16:40:00,120.5625,120.625,120.5625,120.625,744
2026-02-25T16:45:00,120.625,120.625,120.59375,120.625,1165
2026-02-25T16:50:00,120.59375,120.59375,120.53125,120.53125,1388
2026-02-25T16:55:00,120.53125,120.5625,120.53125,120.5625,39
2026-02-25T17:00:00,120.5625,120.625,120.5625,120.625,1421
2026-02-25T17:05:00,120.625,120.71875,120.625,120.6875,2102
2026-02-25T17:10:00,120.6875,120.6875,120.625,120.65625,1459
2026-02-25T17:15:00,120.65625,120.6875,120.65625,120.65625,334
2026-02-25T17:20:00,120.6875,120.71875,120.65625,120.65625,586
2026-02-25T17:25:00,120.6875,120.71875,120.65625,120.6875,505
2026-02-25T17:30:00,120.6875,120.6875,120.625,120.65625,1115
2026-02-25T17:35:00,120.65625,120.65625,120.65625,120.65625,1431
2026-02-25T17:40:00,120.65625,120.71875,120.65625,120.6875,875
2026-02-25T17:45:00,120.6875,120.75,120.6875,120.6875,2469
2026-02-25T17:50:00,120.6875,120.6875,120.65625,120.6875,538
2026-02-25T17:55:00,120.6875,120.71875,120.65625,120.71875,611
2026-02-25T18:00:00,120.71875,120.71875,120.65625,120.6875,1740
2026-02-25T18:05:00,120.6875,120.6875,120.625,120.625,1578
2026-02-25T18:10:00,120.65625,120.71875,120.65625,120.65625,1282
2026-02-25T18:15:00,120.65625,120.6875,120.625,120.65625,2132
2026-02-25T18:20:00,120.65625,120.6875,120.65625,120.65625,159
2026-02-25T18:25:00,120.65625,120.6875,120.625,120.65625,1751
2026-02-25T18:30:00,120.625,120.65625,120.59375,120.59375,949
2026-02-25T18:35:00,120.59375,120.625,120.59375,120.625,303
2026-02-25T18:40:00,120.625,120.625,120.59375,120.625,132
2026-02-25T18:45:00,120.625,120.625,120.5625,120.5625,756
2026-02-25T18:50:00,120.59375,120.625,120.5625,120.5625,1020
2026-02-25T18:55:00,120.53125,120.53125,120.5,120.5,1341
2026-02-25T19:00:00,120.5,120.53125,120.46875,120.53125,2625
2026-02-25T19:05:00,120.5625,120.5625,120.53125,120.53125,407
2026-02-25T19:10:00,120.53125,120.5625,120.53125,120.5625,427
2026-02-25T19:15:00,120.53125,120.5625,120.46875,120.46875,3302
2026-02-25T19:20:00,120.4375,120.46875,120.4375,120.46875,848
2026-02-25T19:25:00,120.46875,120.5,120.4375,120.4375,415
2026-02-25T19:30:00,120.46875,120.46875,120.40625,120.4375,1038
2026-02-25T19:35:00,120.40625,120.4375,120.40625,120.40625,692
2026-02-25T19:40:00,120.40625,120.46875,120.40625,120.46875,1758
2026-02-25T19:45:00,120.4375,120.4375,120.40625,120.40625,3148
2026-02-25T19:50:00,120.40625,120.4375,120.40625,120.4375,914
2026-02-25T19:55:00,120.40625,120.4375,120.40625,120.4375,1305
2026-02-25T20:00:00,120.40625,120.4375,120.375,120.40625,2714
2026-02-25T20:05:00,120.40625,120.40625,120.375,120.375,632
2026-02-25T20:10:00,120.40625,120.40625,120.375,120.40625,823
2026-02-25T20:15:00,120.375,120.40625,120.375,120.40625,50
2026-02-25T20:20:00,120.40625,120.4375,120.34375,120.375,2737
2026-02-25T20:25:00,120.40625,120.40625,120.375,120.40625,1843
2026-02-25T20:30:00,120.375,120.40625,120.375,120.40625,61
2026-02-25T20:35:00,120.40625,120.4375,120.40625,120.4375,2678
2026-02-25T20:40:00,120.4375,120.46875,120.40625,120.40625,1335
2026-02-25T20:45:00,120.4375,120.46875,120.40625,120.40625,937
2026-02-25T20:50:00,120.40625,120.4375,120.40625,120.4375,479
2026-02-25T20:55:00,120.4375,120.46875,120.375,120.46875,11020
2026-02-25T21:00:00,120.46875,120.46875,120.34375,120.40625,7917
2026-02-25T21:05:00,120.375,120.375,120.34375,120.375,1088
2026-02-25T21:10:00,120.375,120.40625,120.34375,120.375,907
2026-02-25T21:15:00,120.375,120.375,120.3125,120.3125,2733
2026-02-25T21:20:00,120.3125,120.34375,120.3125,120.3125,290
2026-02-25T21:25:00,120.3125,120.3125,120.28125,120.28125,687
2026-02-25T21:30:00,120.3125,120.3125,120.28125,120.28125,904
2026-02-25T21:35:00,120.28125,120.28125,120.25,120.28125,1261
2026-02-25T21:40:00,120.28125,120.3125,120.25,120.28125,784
2026-02-25T21:45:00,120.3125,120.3125,120.25,120.3125,535
2026-02-25T21:50:00,120.28125,120.3125,120.25,120.28125,867
2026-02-25T21:55:00,120.3125,120.3125,120.28125,120.3125,1159
2026-02-25T23:00:00,120.34375,120.375,120.3125,120.375,298
2026-02-25T23:05:00,120.375,120.375,120.375,120.375,2
2026-02-25T23:20:00,120.375,120.375,120.375,120.375,102
2026-02-25T23:25:00,120.375,120.40625,120.34375,120.40625,314
2026-02-25T23:30:00,120.375,120.375,120.34375,120.375,7
2026-02-25T23:35:00,120.375,120.40625,120.375,120.375,131
2026-02-25T23:40:00,120.40625,120.40625,120.40625,120.40625,1
2026-02-25T23:45:00,120.40625,120.40625,120.375,120.375,8
2026-02-25T23:50:00,120.40625,120.4375,120.40625,120.40625,138
2026-02-25T23:55:00,120.40625,120.4375,120.40625,120.4375,152
2026-02-26T00:00:00,120.4375,120.46875,120.4375,120.46875,443
2026-02-26T00:05:00,120.46875,120.46875,120.4375,120.4375,174
2026-02-26T00:10:00,120.40625,120.40625,120.40625,120.40625,297
2026-02-26T00:15:00,120.375,120.40625,120.375,120.375,7
2026-02-26T00:20:00,120.40625,120.40625,120.40625,120.40625,135
2026-02-26T00:25:00,120.40625,120.40625,120.40625,120.40625,14
2026-02-26T00:30:00,120.40625,120.40625,120.34375,120.34375,263
2026-02-26T00:35:00,120.34375,120.34375,120.34375,120.34375,105
2026-02-26T00:40:00,120.375,120.375,120.375,120.375,98
2026-02-26T00:45:00,120.34375,120.34375,120.34375,120.34375,1
2026-02-26T00:50:00,120.34375,120.34375,120.34375,120.34375,169
2026-02-26T00:55:00,120.34375,120.34375,120.34375,120.34375,132
2026-02-26T01:00:00,120.3125,120.34375,120.28125,120.3125,373
2026-02-26T01:05:00,120.34375,120.34375,120.3125,120.34375,416
2026-02-26T01:10:00,120.3125,120.34375,120.28125,120.34375,373
2026-02-26T01:15:00,120.375,120.375,120.34375,120.375,8
2026-02-26T01:20:00,120.375,120.375,120.34375,120.375,190
2026-02-26T01:25:00,120.34375,120.40625,120.34375,120.375,222
2026-02-26T01:30:00,120.40625,120.40625,120.375,120.375,135
2026-02-26T01:35:00,120.375,120.40625,120.375,120.40625,61
2026-02-26T01:40:00,120.40625,120.40625,120.375,120.375,14
2026-02-26T01:45:00,120.40625,120.40625,120.40625,120.40625,183
2026-02-26T01:50:00,120.4375,120.4375,120.40625,120.40625,322
2026-02-26T01:55:00,120.40625,120.46875,120.40625,120.46875,121
2026-02-26T02:00:00,120.46875,120.53125,120.46875,120.5,310
2026-02-26T02:05:00,120.5,120.53125,120.46875,120.5,147
2026-02-26T02:10:00,120.46875,120.46875,120.46875,120.46875,73
2026-02-26T02:15:00,120.46875,120.5,120.46875,120.5,174
2026-02-26T02:20:00,120.53125,120.53125,120.53125,120.53125,2
2026-02-26T02:25:00,120.53125,120.53125,120.5,120.53125,379
2026-02-26T02:30:00,120.53125,120.59375,120.53125,120.5625,339
2026-02-26T02:35:00,120.5625,120.59375,120.5625,120.59375,225
2026-02-26T02:40:00,120.59375,120.59375,120.5625,120.5625,6
2026-02-26T02:45:00,120.5625,120.5625,120.53125,120.53125,264
2026-02-26T02:50:00,120.5625,120.5625,120.53125,120.5625,6
2026-02-26T02:55:00,120.53125,120.53125,120.53125,120.53125,11
2026-02-26T03:00:00,120.53125,120.53125,120.53125,120.53125,17
2026-02-26T03:05:00,120.53125,120.5625,120.53125,120.5625,478
2026-02-26T03:10:00,120.59375,120.59375,120.5625,120.5625,52
2026-02-26T03:15:00,120.59375,120.59375,120.53125,120.53125,111
2026-02-26T03:20:00,120.53125,120.53125,120.5,120.5,152
2026-02-26T03:25:00,120.5,120.53125,120.5,120.5,22
2026-02-26T03:30:00,120.5,120.5,120.5,120.5,14
2026-02-26T03:35:00,120.5,120.5,120.46875,120.5,246
2026-02-26T03:40:00,120.5,120.53125,120.5,120.5,16
2026-02-26T03:45:00,120.5,120.5,120.46875,120.46875,278
2026-02-26T03:50:00,120.46875,120.46875,120.46875,120.46875,8
2026-02-26T03:55:00,120.46875,120.5,120.46875,120.46875,25
2026-02-26T04:00:00,120.46875,120.5,120.46875,120.5,25
2026-02-26T04:05:00,120.46875,120.46875,120.4375,120.4375,41
2026-02-26T04:10:00,120.4375,120.46875,120.40625,120.4375,538
2026-02-26T04:15:00,120.4375,120.4375,120.4375,120.4375,54
2026-02-26T04:20:00,120.4375,120.46875,120.4375,120.4375,264
2026-02-26T04:25:00,120.40625,120.46875,120.40625,120.46875,130
2026-02-26T04:30:00,120.4375,120.4375,120.4375,120.4375,8
2026-02-26T04:35:00,120.4375,120.46875,120.4375,120.4375,6
2026-02-26T04:40:00,120.4375,120.4375,120.4375,120.4375,6
2026-02-26T04:45:00,120.46875,120.46875,120.4375,120.4375,152
2026-02-26T04:50:00,120.4375,120.4375,120.4375,120.4375,156
2026-02-26T04:55:00,120.4375,120.4375,120.4375,120.4375,90
2026-02-26T05:00:00,120.4375,120.46875,120.4375,120.4375,49
2026-02-26T05:05:00,120.4375,120.4375,120.40625,120.4375,102
2026-02-26T05:10:00,120.4375,120.4375,120.4375,120.4375,36
2026-02-26T05:15:00,120.4375,120.4375,120.40625,120.40625,156
2026-02-26T05:20:00,120.40625,120.4375,120.40625,120.40625,10
2026-02-26T05:25:00,120.40625,120.4375,120.40625,120.40625,90
2026-02-26T05:30:00,120.40625,120.4375,120.40625,120.40625,27
2026-02-26T05:35:00,120.40625,120.4375,120.40625,120.4375,25
2026-02-26T05:40:00,120.4375,120.4375,120.4375,120.4375,4
2026-02-26T05:45:00,120.4375,120.46875,120.4375,120.4375,68
2026-02-26T05:50:00,120.46875,120.46875,120.4375,120.4375,104
2026-02-26T05:55:00,120.4375,120.4375,120.4375,120.4375,6
2026-02-26T06:00:00,120.4375,120.46875,120.4375,120.4375,5
2026-02-26T06:05:00,120.4375,120.4375,120.4375,120.4375,8
2026-02-26T06:10:00,120.4375,120.4375,120.4375,120.4375,5
2026-02-26T06:15:00,120.4375,120.46875,120.4375,120.46875,583
2026-02-26T06:20:00,120.4375,120.5,120.4375,120.46875,177
2026-02-26T06:25:00,120.5,120.5,120.4375,120.46875,118
2026-02-26T06:30:00,120.46875,120.5,120.46875,120.5,99
2026-02-26T06:35:00,120.46875,120.46875,120.46875,120.46875,4
2026-02-26T06:40:00,120.46875,120.5,120.46875,120.46875,321
2026-02-26T06:45:00,120.5,120.5,120.5,120.5,131
2026-02-26T06:50:00,120.53125,120.53125,120.46875,120.46875,115
2026-02-26T06:55:00,120.46875,120.5,120.4375,120.5,430
2026-02-26T07:00:00,120.5,120.53125,120.46875,120.53125,383
2026-02-26T07:05:00,120.53125,120.53125,120.5,120.53125,319
2026-02-26T07:10:00,120.53125,120.53125,120.46875,120.46875,216
2026-02-26T07:15:00,120.5,120.5625,120.46875,120.46875,179
2026-02-26T07:20:00,120.46875,120.46875,120.46875,120.46875,68
2026-02-26T07:25:00,120.46875,120.46875,120.46875,120.46875,14
2026-02-26T07:30:00,120.5,120.5,120.4375,120.46875,315
2026-02-26T07:35:00,120.46875,120.46875,120.40625,120.40625,204
2026-02-26T07:40:00,120.40625,120.4375,120.40625,120.4375,261
2026-02-26T07:45:00,120.4375,120.4375,120.4375,120.4375,200
2026-02-26T07:50:00,120.4375,120.4375,120.40625,120.4375,10
2026-02-26T07:55:00,120.4375,120.46875,120.40625,120.40625,157
2026-02-26T08:00:00,120.4375,120.46875,120.375,120.40625,447
2026-02-26T08:05:00,120.375,120.375,120.34375,120.375,244
2026-02-26T08:10:00,120.375,120.40625,120.34375,120.34375,288
2026-02-26T08:15:00,120.375,120.40625,120.34375,120.375,458
2026-02-26T08:20:00,120.375,120.375,120.34375,120.375,441
2026-02-26T08:25:00,120.375,120.375,120.3125,120.34375,220
2026-02-26T08:30:00,120.34375,120.375,120.3125,120.375,544
2026-02-26T08:35:00,120.375,120.375,120.34375,120.34375,214
2026-02-26T08:40:00,120.34375,120.375,120.3125,120.375,164
2026-02-26T08:45:00,120.375,120.375,120.3125,120.34375,431
2026-02-26T08:50:00,120.34375,120.375,120.3125,120.3125,213
2026-02-26T08:55:00,120.34375,120.34375,120.3125,120.3125,13
2026-02-26T09:00:00,120.34375,120.34375,120.3125,120.34375,402
2026-02-26T09:05:00,120.3125,120.375,120.3125,120.375,346
2026-02-26T09:10:00,120.375,120.375,120.3125,120.34375,106
2026-02-26T09:15:00,120.34375,120.34375,120.34375,120.34375,216
2026-02-26T09:20:00,120.375,120.375,120.375,120.375,73
2026-02-26T09:25:00,120.375,120.375,120.375,120.375,4
2026-02-26T09:30:00,120.375,120.4375,120.375,120.4375,1406
2026-02-26T09:35:00,120.4375,120.46875,120.375,120.40625,392
2026-02-26T09:40:00,120.40625,120.40625,120.34375,120.34375,768
2026-02-26T09:45:00,120.34375,120.375,120.34375,120.375,12
2026-02-26T09:50:00,120.34375,120.375,120.34375,120.34375,151
2026-02-26T09:55:00,120.375,120.375,120.34375,120.34375,907
2026-02-26T10:00:00,120.34375,120.34375,120.28125,120.3125,521
2026-02-26T10:05:00,120.3125,120.34375,120.3125,120.34375,109
2026-02-26T10:10:00,120.3125,120.375,120.3125,120.34375,60
2026-02-26T10:15:00,120.34375,120.375,120.34375,120.34375,6
2026-02-26T10:20:00,120.34375,120.40625,120.34375,120.40625,741
2026-02-26T10:25:00,120.375,120.40625,120.375,120.375,258
2026-02-26T10:30:00,120.40625,120.40625,120.375,120.375,699
2026-02-26T10:35:00,120.375,120.40625,120.375,120.40625,156
2026-02-26T10:40:00,120.40625,120.4375,120.40625,120.4375,78
2026-02-26T10:45:00,120.4375,120.46875,120.4375,120.46875,1183
2026-02-26T10:50:00,120.46875,120.46875,120.40625,120.40625,572
2026-02-26T10:55:00,120.4375,120.4375,120.40625,120.4375,371
2026-02-26T11:00:00,120.4375,120.4375,120.40625,120.4375,495
2026-02-26T11:05:00,120.4375,120.46875,120.4375,120.4375,269
2026-02-26T11:10:00,120.4375,120.4375,120.4375,120.4375,98
2026-02-26T11:15:00,120.4375,120.46875,120.40625,120.40625,123
2026-02-26T11:20:00,120.40625,120.4375,120.40625,120.40625,8
2026-02-26T11:25:00,120.40625,120.4375,120.40625,120.40625,196
2026-02-26T11:30:00,120.4375,120.4375,120.40625,120.40625,8
2026-02-26T11:35:00,120.40625,120.40625,120.375,120.40625,352
2026-02-26T11:40:00,120.40625,120.40625,120.375,120.375,212
2026-02-26T11:45:00,120.375,120.40625,120.34375,120.375,133
2026-02-26T11:50:00,120.375,120.40625,120.34375,120.40625,155
2026-02-26T11:55:00,120.375,120.375,120.34375,120.34375,548
2026-02-26T12:00:00,120.34375,120.34375,120.3125,120.34375,244
2026-02-26T12:05:00,120.3125,120.34375,120.3125,120.34375,32
2026-02-26T12:10:00,120.3125,120.40625,120.3125,120.375,782
2026-02-26T12:15:00,120.375,120.40625,120.375,120.40625,57
2026-02-26T12:20:00,120.40625,120.46875,120.40625,120.46875,468
2026-02-26T12:25:00,120.46875,120.46875,120.4375,120.4375,210
2026-02-26T12:30:00,120.4375,120.4375,120.375,120.375,199
2026-02-26T12:35:00,120.375,120.375,120.375,120.375,398
2026-02-26T12:40:00,120.375,120.375,120.34375,120.375,295
2026-02-26T12:45:00,120.375,120.40625,120.34375,120.375,279
2026-02-26T12:50:00,120.375,120.375,120.34375,120.375,1066
2026-02-26T12:55:00,120.34375,120.375,120.34375,120.375,408
2026-02-26T13:00:00,120.40625,120.53125,120.375,120.53125,1294
2026-02-26T13:05:00,120.53125,120.59375,120.5,120.5625,1440
2026-02-26T13:10:00,120.5625,120.59375,120.53125,120.5625,1289
2026-02-26T13:15:00,120.5625,120.5625,120.5,120.53125,1560
2026-02-26T13:20:00,120.5,120.59375,120.5,120.5625,1394
2026-02-26T13:25:00,120.53125,120.5625,120.5,120.53125,1369
2026-02-26T13:30:00,120.53125,120.5625,120.40625,120.53125,3231
2026-02-26T13:35:00,120.53125,120.59375,120.5,120.5625,1728
2026-02-26T13:40:00,120.53125,120.5625,120.5,120.53125,1425
2026-02-26T13:45:00,120.5625,120.5625,120.53125,120.53125,610
2026-02-26T13:50:00,120.5625,120.59375,120.46875,120.46875,1959
2026-02-26T13:55:00,120.46875,120.5,120.4375,120.46875,2480
2026-02-26T14:00:00,120.46875,120.5625,120.46875,120.46875,2548
2026-02-26T14:05:00,120.46875,120.5,120.46875,120.46875,1163
2026-02-26T14:10:00,120.46875,120.5625,120.46875,120.53125,1448
2026-02-26T14:15:00,120.53125,120.625,120.53125,120.59375,1408
2026-02-26T14:20:00,120.59375,120.65625,120.59375,120.65625,2240
2026-02-26T14:25:00,120.65625,120.6875,120.625,120.65625,1717
2026-02-26T14:30:00,120.6875,120.75,120.65625,120.6875,5080
2026-02-26T14:35:00,120.6875,120.71875,120.65625,120.6875,3561
2026-02-26T14:40:00,120.6875,120.78125,120.6875,120.75,3497
2026-02-26T14:45:00,120.75,120.84375,120.75,120.84375,3437
2026-02-26T14:50:00,120.84375,120.875,120.75,120.84375,3317
2026-02-26T14:55:00,120.84375,120.84375,120.78125,120.8125,1426
2026-02-26T15:00:00,120.8125,120.84375,120.78125,120.78125,3670
2026-02-26T15:05:00,120.8125,120.8125,120.78125,120.78125,1443
2026-02-26T15:10:00,120.78125,120.84375,120.75,120.84375,3059
2026-02-26T15:15:00,120.84375,120.875,120.8125,120.84375,4012
2026-02-26T15:20:00,120.84375,120.875,120.8125,120.84375,1329
2026-02-26T15:25:00,120.84375,120.875,120.75,120.75,5402
2026-02-26T15:30:00,120.78125,120.84375,120.75,120.8125,2329
2026-02-26T15:35:00,120.84375,120.84375,120.71875,120.71875,2729
2026-02-26T15:40:00,120.71875,120.75,120.65625,120.71875,3781
2026-02-26T15:45:00,120.6875,120.6875,120.65625,120.6875,2297
2026-02-26T15:50:00,120.65625,120.6875,120.625,120.65625,1678
2026-02-26T15:55:00,120.65625,120.71875,120.65625,120.6875,1478
2026-02-26T16:00:00,120.6875,120.75,120.65625,120.71875,3930
2026-02-26T16:05:00,120.6875,120.71875,120.65625,120.71875,1787
2026-02-26T16:10:00,120.71875,120.75,120.71875,120.75,1929
2026-02-26T16:15:00,120.75,120.78125,120.71875,120.75,1262
2026-02-26T16:20:00,120.71875,120.78125,120.6875,120.75,2666
2026-02-26T16:25:00,120.75,120.75,120.6875,120.75,1915
2026-02-26T16:30:00,120.71875,120.75,120.6875,120.71875,1021
2026-02-26T16:35:00,120.71875,120.78125,120.71875,120.78125,721
2026-02-26T16:40:00,120.78125,120.8125,120.75,120.8125,1356
2026-02-26T16:45:00,120.8125,120.84375,120.78125,120.78125,1117
2026-02-26T16:50:00,120.78125,120.8125,120.75,120.75,669
2026-02-26T16:55:00,120.75,120.75,120.71875,120.75,602
2026-02-26T17:00:00,120.71875,120.78125,120.71875,120.71875,2372
2026-02-26T17:05:00,120.71875,120.71875,120.71875,120.71875,1068
2026-02-26T17:10:00,120.71875,120.75,120.71875,120.75,697
2026-02-26T17:15:00,120.71875,120.75,120.71875,120.75,653
2026-02-26T17:20:00,120.71875,120.75,120.71875,120.71875,982
2026-02-26T17:25:00,120.6875,120.71875,120.6875,120.6875,315
2026-02-26T17:30:00,120.71875,120.71875,120.6875,120.71875,745
2026-02-26T17:35:00,120.6875,120.75,120.6875,120.71875,2787
2026-02-26T17:40:00,120.71875,120.75,120.71875,120.75,1435
2026-02-26T17:45:00,120.71875,120.78125,120.71875,120.78125,1210
2026-02-26T17:50:00,120.78125,120.8125,120.75,120.78125,1296
2026-02-26T17:55:00,120.78125,120.8125,120.75,120.75,1112
2026-02-26T18:00:00,120.78125,120.84375,120.75,120.8125,2194
2026-02-26T18:05:00,120.8125,120.875,120.8125,120.875,2444
2026-02-26T18:10:00,120.84375,120.875,120.8125,120.875,2183
2026-02-26T18:15:00,120.875,120.875,120.84375,120.84375,1025
2026-02-26T18:20:00,120.84375,120.875,120.8125,120.8125,1120
2026-02-26T18:25:00,120.84375,120.84375,120.78125,120.78125,249
2026-02-26T18:30:00,120.8125,120.84375,120.75,120.8125,2643
2026-02-26T18:35:00,120.8125,120.8125,120.75,120.78125,1767
2026-02-26T18:40:00,120.75,120.78125,120.71875,120.78125,2118
2026-02-26T18:45:00,120.75,120.78125,120.75,120.75,886
2026-02-26T18:50:00,120.75,120.8125,120.71875,120.8125,1803
2026-02-26T18:55:00,120.8125,120.84375,120.78125,120.8125,980
2026-02-26T19:00:00,120.84375,120.875,120.8125,120.875,2158
2026-02-26T19:05:00,120.875,120.875,120.8125,120.8125,1394
2026-02-26T19:10:00,120.84375,120.84375,120.78125,120.8125,1795
2026-02-26T19:15:00,120.8125,120.875,120.8125,120.875,612
2026-02-26T19:20:00,120.875,120.90625,120.84375,120.84375,2347
2026-02-26T19:25:00,120.84375,120.875,120.8125,120.84375,1217
2026-02-26T19:30:00,120.8125,120.875,120.8125,120.8125,1621
2026-02-26T19:35:00,120.84375,120.84375,120.8125,120.84375,554
2026-02-26T19:40:00,120.84375,120.90625,120.84375,120.90625,2090
2026-02-26T19:45:00,120.90625,120.90625,120.875,120.90625,384
2026-02-26T19:50:00,120.875,120.90625,120.875,120.90625,139
2026-02-26T19:55:00,120.875,120.9375,120.875,120.90625,6064
2026-02-26T20:00:00,120.90625,120.9375,120.875,120.9375,2781
2026-02-26T20:05:00,120.9375,120.9375,120.90625,120.90625,237
2026-02-26T20:10:00,120.9375,120.9375,120.90625,120.9375,575
2026-02-26T20:15:00,120.9375,120.96875,120.90625,120.96875,1317
2026-02-26T20:20:00,120.96875,121.0,120.9375,121.0,874
2026-02-26T20:25:00,121.0,121.0,120.9375,120.9375,1629
2026-02-26T20:30:00,120.96875,120.96875,120.90625,120.90625,1012
2026-02-26T20:35:00,120.9375,121.0,120.90625,121.0,2525
2026-02-26T20:40:00,121.0,121.0,120.96875,120.96875,111
2026-02-26T20:45:00,121.0,121.03125,120.96875,121.03125,3484
2026-02-26T20:50:00,121.03125,121.03125,120.96875,121.0,2172
2026-02-26T20:55:00,120.96875,121.0,120.9375,120.9375,8714
2026-02-26T21:00:00,120.9375,121.0,120.9375,120.96875,6507
2026-02-26T21:05:00,120.96875,121.0,120.96875,120.96875,2543
2026-02-26T21:10:00,120.96875,121.0,120.9375,120.96875,1409
2026-02-26T21:15:00,120.96875,121.03125,120.96875,121.0,2736
2026-02-26T21:20:00,120.96875,120.96875,120.96875,120.96875,1281
2026-02-26T21:25:00,120.96875,121.0,120.96875,120.96875,1048
2026-02-26T21:30:00,120.96875,121.03125,120.9375,121.03125,2312
2026-02-26T21:35:00,121.0,121.0,120.96875,121.0,523
2026-02-26T21:40:00,121.03125,121.0625,121.0,121.0,976
2026-02-26T21:45:00,121.0,121.0625,121.0,121.03125,731
2026-02-26T21:50:00,121.0625,121.09375,121.03125,121.09375,1582
2026-02-26T21:55:00,121.0625,121.125,121.0625,121.125,1696
2026-02-26T23:00:00,121.09375,121.28125,121.09375,121.28125,545
2026-02-26T23:05:00,121.28125,121.3125,121.28125,121.3125,535
2026-02-26T23:10:00,121.28125,121.28125,121.1875,121.1875,613
2026-02-26T23:15:00,121.1875,121.21875,121.15625,121.15625,248
2026-02-26T23:20:00,121.1875,121.25,121.1875,121.25,117
2026-02-26T23:25:00,121.25,121.25,121.21875,121.21875,3
2026-02-26T23:30:00,121.21875,121.25,121.21875,121.21875,236
2026-02-26T23:35:00,121.25,121.25,121.21875,121.25,130
2026-02-26T23:40:00,121.21875,121.21875,121.21875,121.21875,139
2026-02-26T23:45:00,121.25,121.28125,121.21875,121.21875,199
2026-02-26T23:50:00,121.21875,121.28125,121.21875,121.25,810
2026-02-26T23:55:00,121.25,121.25,121.21875,121.21875,144
2026-02-27T00:00:00,121.21875,121.21875,121.15625,121.15625,487
2026-02-27T00:05:00,121.15625,121.15625,121.125,121.125,321
2026-02-27T00:10:00,121.125,121.15625,121.125,121.125,285
2026-02-27T00:15:00,121.125,121.125,121.125,121.125,209
2026-02-27T00:20:00,121.125,121.15625,121.125,121.125,146
2026-02-27T00:25:00,121.125,121.125,121.09375,121.125,208
2026-02-27T00:30:00,121.09375,121.15625,121.09375,121.125,627
2026-02-27T00:35:00,121.125,121.15625,121.125,121.15625,260
2026-02-27T00:40:00,121.15625,121.1875,121.15625,121.15625,417
2026-02-27T00:45:00,121.15625,121.15625,121.15625,121.15625,103
2026-02-27T00:50:00,121.15625,121.15625,121.125,121.15625,254
2026-02-27T00:55:00,121.15625,121.1875,121.125,121.15625,126
2026-02-27T01:00:00,121.15625,121.15625,121.125,121.125,564
2026-02-27T01:05:00,121.125,121.15625,121.125,121.15625,241
2026-02-27T01:10:00,121.1875,121.1875,121.15625,121.1875,357
2026-02-27T01:15:00,121.1875,121.1875,121.125,121.1875,334
2026-02-27T01:20:00,121.1875,121.25,121.1875,121.21875,369
2026-02-27T01:25:00,121.1875,121.21875,121.1875,121.1875,10
2026-02-27T01:30:00,121.21875,121.21875,121.21875,121.21875,539
2026-02-27T01:35:00,121.21875,121.21875,121.1875,121.21875,23
2026-02-27T01:40:00,121.21875,121.21875,121.1875,121.21875,362
2026-02-27T01:45:00,121.1875,121.1875,121.15625,121.1875,134
2026-02-27T01:50:00,121.15625,121.1875,121.09375,121.125,505
2026-02-27T01:55:00,121.125,121.15625,121.09375,121.125,276
2026-02-27T02:00:00,121.125,121.15625,121.09375,121.125,615
2026-02-27T02:05:00,121.15625,121.15625,121.09375,121.09375,601
2026-02-27T02:10:00,121.09375,121.09375,121.0625,121.09375,586
2026-02-27T02:15:00,121.125,121.15625,121.125,121.125,150
2026-02-27T02:20:00,121.125,121.15625,121.09375,121.09375,144
2026-02-27T02:25:00,121.125,121.15625,121.09375,121.15625,201
2026-02-27T02:30:00,121.125,121.125,121.125,121.125,5
2026-02-27T02:35:00,121.125,121.15625,121.125,121.125,130
2026-02-27T02:40:00,121.09375,121.09375,121.0625,121.09375,140
2026-02-27T02:45:00,121.09375,121.125,121.09375,121.125,68
2026-02-27T02:50:00,121.09375,121.09375,121.09375,121.09375,7
2026-02-27T02:55:00,121.09375,121.09375,121.09375,121.09375,97
2026-02-27T03:00:00,121.09375,121.125,121.09375,121.09375,120
2026-02-27T03:05:00,121.09375,121.125,121.09375,121.125,28
2026-02-27T03:10:00,121.09375,121.125,121.09375,121.125,65
2026-02-27T03:15:00,121.09375,121.125,121.09375,121.09375,56
2026-02-27T03:20:00,121.09375,121.15625,121.09375,121.15625,512
2026-02-27T03:25:00,121.15625,121.15625,121.125,121.15625,511
2026-02-27T03:30:00,121.15625,121.15625,121.125,121.125,48
2026-02-27T03:35:00,121.125,121.15625,121.125,121.15625,226
2026-02-27T03:40:00,121.15625,121.15625,121.125,121.125,12
2026-02-27T03:45:00,121.125,121.15625,121.125,121.125,13
2026-02-27T03:50:00,121.125,121.15625,121.125,121.15625,22
2026-02-27T03:55:00,121.15625,121.15625,121.125,121.125,399
2026-02-27T04:00:00,121.125,121.1875,121.125,121.15625,87
2026-02-27T04:05:00,121.15625,121.1875,121.15625,121.15625,33
2026-02-27T04:10:00,121.1875,121.1875,121.125,121.15625,907
2026-02-27T04:15:00,121.15625,121.1875,121.125,121.15625,160
2026-02-27T04:20:00,121.125,121.15625,121.125,121.15625,271
2026-02-27T04:25:00,121.15625,121.15625,121.125,121.125,16
2026-02-27T04:30:00,121.125,121.15625,121.125,121.15625,18
2026-02-27T04:35:00,121.15625,121.1875,121.125,121.1875,169
2026-02-27T04:40:00,121.1875,121.21875,121.15625,121.1875,472
2026-02-27T04:45:00,121.1875,121.25,121.1875,121.25,360
2026-02-27T04:50:00,121.25,121.25,121.21875,121.21875,181
2026-02-27T04:55:00,121.21875,121.28125,121.21875,121.28125,146
2026-02-27T05:00:00,121.25,121.25,121.21875,121.21875,125
2026-02-27T05:05:00,121.21875,121.21875,121.21875,121.21875,107
2026-02-27T05:10:00,121.1875,121.21875,121.1875,121.1875,15
2026-02-27T05:15:00,121.1875,121.21875,121.15625,121.15625,581
2026-02-27T05:20:00,121.1875,121.21875,121.15625,121.1875,222
2026-02-27T05:25:00,121.15625,121.1875,121.15625,121.15625,336
2026-02-27T05:30:00,121.15625,121.15625,121.125,121.125,217
2026-02-27T05:35:00,121.125,121.1875,121.125,121.15625,180
2026-02-27T05:40:00,121.15625,121.1875,121.15625,121.15625,157
2026-02-27T05:45:00,121.15625,121.1875,121.15625,121.1875,166
2026-02-27T05:50:00,121.15625,121.1875,121.15625,121.1875,31
2026-02-27T05:55:00,121.15625,121.1875,121.15625,121.15625,10
2026-02-27T06:00:00,121.1875,121.1875,121.15625,121.15625,8
2026-02-27T06:05:00,121.1875,121.1875,121.15625,121.1875,16
2026-02-27T06:10:00,121.15625,121.21875,121.15625,121.21875,141
2026-02-27T06:15:00,121.21875,121.25,121.21875,121.21875,156
2026-02-27T06:20:00,121.21875,121.21875,121.1875,121.21875,363
2026-02-27T06:25:00,121.1875,121.1875,121.1875,121.1875,15
2026-02-27T06:30:00,121.21875,121.21875,121.21875,121.21875,154
2026-02-27T06:35:00,121.21875,121.21875,121.21875,121.21875,47
2026-02-27T06:40:00,121.21875,121.21875,121.1875,121.1875,127
2026-02-27T06:45:00,121.1875,121.25,121.1875,121.25,230
2026-02-27T06:50:00,121.21875,121.21875,121.1875,121.21875,163
2026-02-27T06:55:00,121.21875,121.21875,121.1875,121.21875,146
2026-02-27T07:00:00,121.21875,121.21875,121.21875,121.21875,252
2026-02-27T07:05:00,121.21875,121.25,121.1875,121.1875,87
2026-02-27T07:10:00,121.1875,121.1875,121.15625,121.1875,237
2026-02-27T07:15:00,121.1875,121.1875,121.1875,121.1875,203
2026-02-27T07:20:00,121.1875,121.1875,121.15625,121.15625,113
2026-02-27T07:25:00,121.1875,121.21875,121.1875,121.21875,271
2026-02-27T07:30:00,121.1875,121.1875,121.125,121.1875,462
2026-02-27T07:35:00,121.15625,121.15625,121.125,121.125,198
2026-02-27T07:40:00,121.125,121.15625,121.125,121.15625,437
2026-02-27T07:45:00,121.125,121.15625,121.125,121.125,815
2026-02-27T07:50:00,121.125,121.125,121.09375,121.125,106
2026-02-27T07:55:00,121.09375,121.09375,121.09375,121.09375,276
2026-02-27T08:00:00,121.125,121.125,121.0625,121.0625,705
2026-02-27T08:05:00,121.09375,121.15625,121.09375,121.15625,602
2026-02-27T08:10:00,121.15625,121.15625,121.125,121.15625,232
2026-02-27T08:15:00,121.15625,121.15625,121.09375,121.09375,172
2026-02-27T08:20:00,121.09375,121.09375,121.0625,121.09375,57
2026-02-27T08:25:00,121.09375,121.125,121.09375,121.09375,133
2026-02-27T08:30:00,121.09375,121.125,121.0625,121.125,472
2026-02-27T08:35:00,121.125,121.15625,121.125,121.15625,229
2026-02-27T08:40:00,121.15625,121.21875,121.15625,121.21875,441
2026-02-27T08:45:00,121.25,121.25,121.15625,121.21875,828
2026-02-27T08:50:00,121.1875,121.1875,121.15625,121.15625,449
2026-02-27T08:55:00,121.15625,121.15625,121.09375,121.125,1623
2026-02-27T09:00:00,121.15625,121.21875,121.15625,121.15625,685
2026-02-27T09:05:00,121.15625,121.15625,121.09375,121.09375,661
2026-02-27T09:10:00,121.09375,121.125,121.0625,121.125,336
2026-02-27T09:15:00,121.15625,121.15625,121.09375,121.125,110
2026-02-27T09:20:00,121.15625,121.25,121.125,121.21875,1580
2026-02-27T09:25:00,121.21875,121.28125,121.21875,121.25,591
2026-02-27T09:30:00,121.25,121.25,121.21875,121.25,646
2026-02-27T09:35:00,121.25,121.28125,121.25,121.28125,888
2026-02-27T09:40:00,121.25,121.28125,121.25,121.28125,363
2026-02-27T09:45:00,121.3125,121.3125,121.28125,121.3125,1042
2026-02-27T09:50:00,121.28125,121.28125,121.25,121.28125,168
2026-02-27T09:55:00,121.25,121.28125,121.25,121.25,477
2026-02-27T10:00:00,121.25,121.3125,121.25,121.3125,414
2026-02-27T10:05:00,121.28125,121.3125,121.25,121.28125,485
2026-02-27T10:10:00,121.28125,121.3125,121.28125,121.3125,1032
2026-02-27T10:15:00,121.28125,121.28125,121.28125,121.28125,488
2026-02-27T10:20:00,121.25,121.25,121.21875,121.21875,229
2026-02-27T10:25:00,121.21875,121.25,121.21875,121.25,270
2026-02-27T10:30:00,121.25,121.25,121.25,121.25,105
2026-02-27T10:35:00,121.25,121.28125,121.21875,121.28125,469
2026-02-27T10:40:00,121.28125,121.3125,121.28125,121.28125,996
2026-02-27T10:45:00,121.3125,121.3125,121.28125,121.28125,660
2026-02-27T10:50:00,121.3125,121.3125,121.28125,121.28125,257
2026-02-27T10:55:00,121.28125,121.34375,121.28125,121.3125,257
2026-02-27T11:00:00,121.3125,121.3125,121.25,121.28125,453
2026-02-27T11:05:00,121.25,121.28125,121.25,121.28125,259
2026-02-27T11:10:00,121.28125,121.3125,121.28125,121.28125,312
2026-02-27T11:15:00,121.28125,121.28125,121.28125,121.28125,324
2026-02-27T11:20:00,121.28125,121.28125,121.25,121.28125,127
2026-02-27T11:25:00,121.25,121.25,121.25,121.25,226
2026-02-27T11:30:00,121.25,121.28125,121.21875,121.21875,380
2026-02-27T11:35:00,121.21875,121.28125,121.21875,121.28125,446
2026-02-27T11:40:00,121.25,121.28125,121.25,121.25,69
2026-02-27T11:45:00,121.25,121.28125,121.25,121.28125,172
2026-02-27T11:50:00,121.3125,121.3125,121.28125,121.3125,213
2026-02-27T11:55:00,121.3125,121.3125,121.28125,121.28125,1002
2026-02-27T12:00:00,121.28125,121.34375,121.28125,121.34375,574
2026-02-27T12:05:00,121.34375,121.34375,121.25,121.3125,533
2026-02-27T12:10:00,121.28125,121.34375,121.28125,121.3125,1664
2026-02-27T12:15:00,121.28125,121.375,121.28125,121.375,1084
2026-02-27T12:20:00,121.375,121.375,121.34375,121.34375,218
2026-02-27T12:25:00,121.34375,121.375,121.3125,121.34375,305
2026-02-27T12:30:00,121.34375,121.375,121.3125,121.3125,926
2026-02-27T12:35:00,121.3125,121.34375,121.3125,121.34375,342
2026-02-27T12:40:00,121.34375,121.375,121.34375,121.375,684
2026-02-27T12:45:00,121.34375,121.40625,121.34375,121.40625,622
2026-02-27T12:50:00,121.40625,121.4375,121.375,121.40625,605
2026-02-27T12:55:00,121.40625,121.4375,121.375,121.40625,1534
2026-02-27T13:00:00,121.40625,121.4375,121.34375,121.375,1796
2026-02-27T13:05:00,121.375,121.40625,121.375,121.375,1462
2026-02-27T13:10:00,121.375,121.4375,121.375,121.4375,1782
2026-02-27T13:15:00,121.4375,121.4375,121.375,121.40625,919
2026-02-27T13:20:00,121.40625,121.4375,121.375,121.40625,1080
2026-02-27T13:25:00,121.375,121.40625,121.34375,121.375,1504
2026-02-27T13:30:00,121.34375,121.40625,121.28125,121.375,4209
2026-02-27T13:35:00,121.34375,121.375,121.28125,121.34375,4087
2026-02-27T13:40:00,121.3125,121.3125,121.15625,121.1875,5767
2026-02-27T13:45:00,121.1875,121.3125,121.1875,121.28125,1955
2026-02-27T13:50:00,121.3125,121.375,121.3125,121.34375,1636
2026-02-27T13:55:00,121.3125,121.34375,121.28125,121.3125,2313
2026-02-27T14:00:00,121.3125,121.4375,121.28125,121.40625,3011
2026-02-27T14:05:00,121.40625,121.53125,121.375,121.5,6112
2026-02-27T14:10:00,121.5,121.5,121.4375,121.46875,3862
2026-02-27T14:15:00,121.46875,121.5,121.46875,121.5,2630
2026-02-27T14:20:00,121.5,121.5625,121.46875,121.5625,3110
2026-02-27T14:25:00,121.53125,121.53125,121.4375,121.4375,4614
2026-02-27T14:30:00,121.46875,121.46875,121.375,121.4375,4388
2026-02-27T14:35:00,121.46875,121.5,121.4375,121.46875,1977
2026-02-27T14:40:00,121.4375,121.53125,121.4375,121.5,4867
2026-02-27T14:45:00,121.53125,121.53125,121.4375,121.46875,3230
2026-02-27T14:50:00,121.46875,121.5,121.4375,121.46875,2509
2026-02-27T14:55:00,121.46875,121.5,121.4375,121.4375,2802
2026-02-27T15:00:00,121.46875,121.5,121.40625,121.46875,2618
2026-02-27T15:05:00,121.46875,121.46875,121.34375,121.375,3699
2026-02-27T15:10:00,121.375,121.40625,121.34375,121.375,3672
2026-02-27T15:15:00,121.375,121.375,121.3125,121.375,3476
2026-02-27T15:20:00,121.375,121.375,121.3125,121.34375,2255
2026-02-27T15:25:00,121.375,121.40625,121.34375,121.375,2217
2026-02-27T15:30:00,121.375,121.40625,121.34375,121.40625,3024
2026-02-27T15:35:00,121.4375,121.4375,121.34375,121.34375,1751
2026-02-27T15:40:00,121.375,121.40625,121.3125,121.3125,2428
2026-02-27T15:45:00,121.3125,121.34375,121.28125,121.3125,3201
2026-02-27T15:50:00,121.34375,121.40625,121.3125,121.375,3476
2026-02-27T15:55:00,121.375,121.40625,121.34375,121.40625,2477
2026-02-27T16:00:00,121.4375,121.46875,121.375,121.40625,2852
2026-02-27T16:05:00,121.40625,121.46875,121.40625,121.40625,3273
2026-02-27T16:10:00,121.4375,121.46875,121.40625,121.46875,2553
2026-02-27T16:15:00,121.46875,121.5,121.40625,121.4375,2466
2026-02-27T16:20:00,121.4375,121.46875,121.40625,121.4375,3011
2026-02-27T16:25:00,121.46875,121.5625,121.40625,121.5625,3275
2026-02-27T16:30:00,121.5625,121.5625,121.5,121.53125,1649
2026-02-27T16:35:00,121.5625,121.59375,121.53125,121.59375,2346
2026-02-27T16:40:00,121.59375,121.65625,121.5625,121.59375,3599
2026-02-27T16:45:00,121.59375,121.65625,121.5625,121.59375,2136
2026-02-27T16:50:00,121.59375,121.625,121.5625,121.5625,2154
2026-02-27T16:55:00,121.59375,121.625,121.5625,121.5625,1356
2026-02-27T17:00:00,121.59375,121.59375,121.53125,121.53125,2830
2026-02-27T17:05:00,121.5625,121.5625,121.53125,121.5625,1090
2026-02-27T17:10:00,121.5625,121.5625,121.5,121.53125,3794
2026-02-27T17:15:00,121.53125,121.53125,121.4375,121.46875,3827
2026-02-27T17:20:00,121.5,121.5625,121.5,121.5625,1790
2026-02-27T17:25:00,121.53125,121.59375,121.53125,121.5625,1527
2026-02-27T17:30:00,121.5625,121.59375,121.53125,121.59375,1774
2026-02-27T17:35:00,121.59375,121.59375,121.53125,121.59375,3441
2026-02-27T17:40:00,121.5625,121.59375,121.5,121.53125,1672
2026-02-27T17:45:00,121.5,121.53125,121.46875,121.46875,1770
2026-02-27T17:50:00,121.5,121.53125,121.4375,121.46875,1816
2026-02-27T17:55:00,121.4375,121.53125,121.4375,121.5,3414
2026-02-27T18:00:00,121.53125,121.5625,121.5,121.5625,2452
2026-02-27T18:05:00,121.53125,121.5625,121.5,121.5,981
2026-02-27T18:10:00,121.5,121.5625,121.5,121.53125,3673
2026-02-27T18:15:00,121.53125,121.59375,121.5,121.59375,2031
2026-02-27T18:20:00,121.59375,121.59375,121.5625,121.59375,580
2026-02-27T18:25:00,121.5625,121.59375,121.53125,121.5625,1293
2026-02-27T18:30:00,121.53125,121.5625,121.53125,121.53125,1138
2026-02-27T18:35:00,121.53125,121.5625,121.5,121.5625,1569
2026-02-27T18:40:00,121.5625,121.5625,121.53125,121.53125,562
2026-02-27T18:45:00,121.5625,121.59375,121.53125,121.59375,1820
2026-02-27T18:50:00,121.59375,121.625,121.5625,121.59375,3084
2026-02-27T18:55:00,121.59375,121.625,121.5625,121.59375,3999
2026-02-27T19:00:00,121.59375,121.625,121.5625,121.625,4704
2026-02-27T19:05:00,121.625,121.625,121.5625,121.59375,1501
2026-02-27T19:10:00,121.59375,121.625,121.59375,121.59375,1368
2026-02-27T19:15:00,121.625,121.65625,121.59375,121.625,2358
2026-02-27T19:20:00,121.65625,121.71875,121.625,121.65625,4771
2026-02-27T19:25:00,121.65625,121.65625,121.59375,121.59375,3439
2026-02-27T19:30:00,121.625,121.625,121.5625,121.5625,1459
2026-02-27T19:35:00,121.59375,121.59375,121.53125,121.53125,1758
2026-02-27T19:40:00,121.5625,121.625,121.5625,121.625,2816
2026-02-27T19:45:00,121.625,121.625,121.59375,121.59375,517
2026-02-27T19:50:00,121.625,121.625,121.5625,121.5625,1224
2026-02-27T19:55:00,121.5625,121.625,121.5625,121.59375,9929
2026-02-27T20:00:00,121.59375,121.59375,121.53125,121.5625,5366
2026-02-27T20:05:00,121.5625,121.59375,121.5625,121.5625,1442
2026-02-27T20:10:00,121.5625,121.59375,121.5625,121.5625,2423
2026-02-27T20:15:00,121.5625,121.5625,121.5,121.5,3786
2026-02-27T20:20:00,121.5,121.53125,121.46875,121.5,2659
2026-02-27T20:25:00,121.53125,121.53125,121.5,121.53125,1890
2026-02-27T20:30:00,121.5625,121.625,121.53125,121.5625,4555
2026-02-27T20:35:00,121.5625,121.59375,121.53125,121.5625,1643
2026-02-27T20:40:00,121.5625,121.59375,121.5625,121.59375,1938
2026-02-27T20:45:00,121.5625,121.59375,121.5625,121.59375,1330
2026-02-27T20:50:00,121.5625,121.59375,121.5,121.5,15593
2026-02-27T20:55:00,121.53125,121.625,121.53125,121.53125,80001
2026-02-27T21:00:00,121.5625,121.65625,121.53125,121.59375,29869
2026-02-27T21:05:00,121.59375,121.71875,121.59375,121.6875,4795
2026-02-27T21:10:00,121.6875,121.71875,121.65625,121.71875,4325
2026-02-27T21:15:00,121.71875,121.78125,121.71875,121.75,2503
2026-02-27T21:20:00,121.75,121.78125,121.71875,121.78125,1618
2026-02-27T21:25:00,121.78125,121.84375,121.75,121.78125,4354
2026-02-27T21:30:00,121.78125,121.8125,121.75,121.75,3007
2026-02-27T21:35:00,121.78125,121.78125,121.75,121.75,1660
2026-02-27T21:40:00,121.78125,121.8125,121.75,121.8125,1507
2026-02-27T21:45:00,121.84375,121.84375,121.8125,121.8125,1709
2026-02-27T21:50:00,121.8125,121.90625,121.8125,121.875,3177
2026-02-27T21:55:00,121.84375,121.9375,121.8125,121.9375,1544
2026-03-01T23:00:00,122.46875,122.53125,121.78125,121.9375,2805
2026-03-01T23:05:00,121.9375,121.96875,121.875,121.875,1950
2026-03-01T23:10:00,121.875,121.9375,121.78125,121.875,1300
2026-03-01T23:15:00,121.875,121.90625,121.8125,121.8125,641
2026-03-01T23:20:00,121.84375,121.84375,121.71875,121.8125,549
2026-03-01T23:25:00,121.8125,121.96875,121.8125,121.9375,530
2026-03-01T23:30:00,121.90625,121.90625,121.84375,121.875,521
2026-03-01T23:35:00,121.90625,121.9375,121.875,121.875,727
2026-03-01T23:40:00,121.84375,122.0,121.8125,122.0,1309
2026-03-01T23:45:00,121.96875,122.09375,121.9375,122.0625,1875
2026-03-01T23:50:00,122.09375,122.125,122.0625,122.125,1128
2026-03-01T23:55:00,122.15625,122.15625,122.09375,122.09375,947
2026-03-02T00:00:00,122.09375,122.15625,122.0625,122.15625,1180
2026-03-02T00:05:00,122.15625,122.25,122.125,122.21875,1408
2026-03-02T00:10:00,122.21875,122.25,122.15625,122.15625,1202
2026-03-02T00:15:00,122.1875,122.21875,122.15625,122.21875,909
2026-03-02T00:20:00,122.21875,122.21875,122.125,122.125,413
2026-03-02T00:25:00,122.09375,122.09375,122.0,122.03125,333
2026-03-02T00:30:00,122.0,122.0625,121.96875,122.0625,1122
2026-03-02T00:35:00,122.0625,122.0625,122.0,122.0625,539
2026-03-02T00:40:00,122.0625,122.09375,122.03125,122.0625,417
2026-03-02T00:45:00,122.03125,122.03125,121.90625,121.90625,600
2026-03-02T00:50:00,121.90625,121.90625,121.75,121.78125,1143
2026-03-02T00:55:00,121.78125,121.78125,121.65625,121.65625,2038
2026-03-02T01:00:00,121.65625,121.71875,121.59375,121.59375,2280
2026-03-02T01:05:00,121.59375,121.625,121.5,121.53125,3846
2026-03-02T01:10:00,121.53125,121.53125,121.46875,121.5,1099
2026-03-02T01:15:00,121.46875,121.5,121.4375,121.46875,1201
2026-03-02T01:20:00,121.46875,121.5,121.4375,121.46875,953
2026-03-02T01:25:00,121.4375,121.5,121.4375,121.5,847
2026-03-02T01:30:00,121.5,121.5,121.4375,121.4375,685
2026-03-02T01:35:00,121.4375,121.46875,121.375,121.40625,1394
2026-03-02T01:40:00,121.375,121.40625,121.375,121.375,745
2026-03-02T01:45:00,121.375,121.4375,121.34375,121.40625,578
2026-03-02T01:50:00,121.40625,121.40625,121.34375,121.375,579
2026-03-02T01:55:00,121.375,121.40625,121.34375,121.375,534
2026-03-02T02:00:00,121.375,121.375,121.3125,121.34375,609
2026-03-02T02:05:00,121.34375,121.375,121.3125,121.3125,478
2026-03-02T02:10:00,121.34375,121.375,121.3125,121.34375,399
2026-03-02T02:15:00,121.375,121.375,121.3125,121.34375,214
2026-03-02T02:20:00,121.34375,121.375,121.34375,121.34375,222
2026-03-02T02:25:00,121.375,121.375,121.34375,121.34375,162
2026-03-02T02:30:00,121.375,121.40625,121.28125,121.28125,484
2026-03-02T02:35:00,121.28125,121.3125,121.21875,121.21875,1206
2026-03-02T02:40:00,121.25,121.25,121.1875,121.21875,444
2026-03-02T02:45:00,121.21875,121.25,121.1875,121.25,229
2026-03-02T02:50:00,121.21875,121.3125,121.21875,121.28125,531
2026-03-02T02:55:00,121.28125,121.28125,121.21875,121.21875,335
2026-03-02T03:00:00,121.25,121.25,121.25,121.25,304
2026-03-02T03:05:00,121.21875,121.21875,121.15625,121.15625,522
2026-03-02T03:10:00,121.15625,121.15625,121.09375,121.125,1207
2026-03-02T03:15:00,121.125,121.15625,121.09375,121.09375,238
2026-03-02T03:20:00,121.09375,121.125,121.03125,121.0625,1614
2026-03-02T03:25:00,121.03125,121.09375,121.03125,121.09375,669
2026-03-02T03:30:00,121.09375,121.09375,121.0625,121.09375,208
2026-03-02T03:35:00,121.0625,121.0625,121.03125,121.0625,279
2026-03-02T03:40:00,121.0625,121.0625,121.03125,121.0625,115
2026-03-02T03:45:00,121.0625,121.0625,121.03125,121.0625,254
2026-03-02T03:50:00,121.0625,121.09375,121.03125,121.09375,127
2026-03-02T03:55:00,121.0625,121.125,121.0625,121.09375,290
2026-03-02T04:00:00,121.09375,121.09375,121.09375,121.09375,5
2026-03-02T04:05:00,121.09375,121.125,121.09375,121.09375,12
2026-03-02T04:10:00,121.09375,121.15625,121.09375,121.15625,209
2026-03-02T04:15:00,121.125,121.21875,121.125,121.21875,1116
2026-03-02T04:20:00,121.1875,121.25,121.15625,121.1875,1255
2026-03-02T04:25:00,121.15625,121.1875,121.09375,121.15625,588
2026-03-02T04:30:00,121.15625,121.15625,121.125,121.125,287
2026-03-02T04:35:00,121.15625,121.21875,121.15625,121.1875,217
2026-03-02T04:40:00,121.21875,121.25,121.1875,121.21875,357
2026-03-02T04:45:00,121.1875,121.28125,121.1875,121.21875,827
2026-03-02T04:50:00,121.21875,121.21875,121.1875,121.21875,403
2026-03-02T04:55:00,121.25,121.25,121.21875,121.25,484
2026-03-02T05:00:00,121.25,121.28125,121.21875,121.25,192
2026-03-02T05:05:00,121.25,121.3125,121.25,121.3125,532
2026-03-02T05:10:00,121.3125,121.34375,121.25,121.25,139
2026-03-02T05:15:00,121.25,121.28125,121.21875,121.28125,468
2026-03-02T05:20:00,121.25,121.25,121.21875,121.25,128
2026-03-02T05:25:00,121.28125,121.28125,121.25,121.25,393
2026-03-02T05:30:00,121.28125,121.28125,121.21875,121.21875,687
2026-03-02T05:35:00,121.21875,121.25,121.1875,121.25,1478
2026-03-02T05:40:00,121.25,121.25,121.1875,121.1875,1006
2026-03-02T05:45:00,121.1875,121.28125,121.1875,121.28125,336
2026-03-02T05:50:00,121.28125,121.3125,121.25,121.28125,518
2026-03-02T05:55:00,121.28125,121.3125,121.25,121.3125,1179
2026-03-02T06:00:00,121.3125,121.3125,121.25,121.3125,837
2026-03-02T06:05:00,121.28125,121.3125,121.25,121.28125,930
2026-03-02T06:10:00,121.28125,121.28125,121.1875,121.21875,571
2026-03-02T06:15:00,121.21875,121.21875,121.1875,121.21875,457
2026-03-02T06:20:00,121.1875,121.21875,121.1875,121.1875,484
2026-03-02T06:25:00,121.1875,121.21875,121.1875,121.21875,367
2026-03-02T06:30:00,121.21875,121.21875,121.1875,121.21875,275
2026-03-02T06:35:00,121.25,121.28125,121.21875,121.25,436
2026-03-02T06:40:00,121.25,121.28125,121.21875,121.28125,520
2026-03-02T06:45:00,121.28125,121.3125,121.28125,121.3125,521
2026-03-02T06:50:00,121.34375,121.34375,121.25,121.28125,644
2026-03-02T06:55:00,121.28125,121.3125,121.25,121.3125,624
2026-03-02T07:00:00,121.3125,121.34375,121.25,121.3125,1755
2026-03-02T07:05:00,121.3125,121.375,121.3125,121.375,1668
2026-03-02T07:10:00,121.375,121.375,121.28125,121.28125,1281
2026-03-02T07:15:00,121.3125,121.375,121.28125,121.375,548
2026-03-02T07:20:00,121.375,121.375,121.15625,121.21875,1312
2026-03-02T07:25:00,121.1875,121.25,121.15625,121.25,718
2026-03-02T07:30:00,121.25,121.25,121.15625,121.21875,740
2026-03-02T07:35:00,121.21875,121.21875,121.15625,121.15625,484
2026-03-02T07:40:00,121.1875,121.25,121.1875,121.25,1069
2026-03-02T07:45:00,121.21875,121.25,121.15625,121.15625,671
2026-03-02T07:50:00,121.1875,121.21875,121.1875,121.1875,483
2026-03-02T07:55:00,121.1875,121.28125,121.1875,121.21875,1001
2026-03-02T08:00:00,121.21875,121.3125,121.21875,121.25,1537
2026-03-02T08:05:00,121.25,121.34375,121.21875,121.34375,1213
2026-03-02T08:10:00,121.34375,121.40625,121.34375,121.34375,789
2026-03-02T08:15:00,121.375,121.375,121.3125,121.34375,649
2026-03-02T08:20:00,121.375,121.53125,121.34375,121.5,1562
2026-03-02T08:25:00,121.5,121.5625,121.46875,121.53125,1896
2026-03-02T08:30:00,121.53125,121.53125,121.40625,121.53125,2091
2026-03-02T08:35:00,121.5,121.5625,121.46875,121.53125,1087
2026-03-02T08:40:00,121.5625,121.5625,121.40625,121.46875,612
2026-03-02T08:45:00,121.4375,121.4375,121.34375,121.4375,577
2026-03-02T08:50:00,121.40625,121.40625,121.375,121.40625,637
2026-03-02T08:55:00,121.40625,121.4375,121.375,121.40625,817
2026-03-02T09:00:00,121.40625,121.4375,121.34375,121.375,2206
2026-03-02T09:05:00,121.375,121.375,121.3125,121.3125,308
2026-03-02T09:10:00,121.3125,121.34375,121.28125,121.3125,849
2026-03-02T09:15:00,121.3125,121.3125,121.25,121.28125,1473
2026-03-02T09:20:00,121.28125,121.3125,121.25,121.28125,1173
2026-03-02T09:25:00,121.28125,121.28125,121.25,121.28125,774
2026-03-02T09:30:00,121.28125,121.34375,121.28125,121.34375,1267
2026-03-02T09:35:00,121.375,121.40625,121.375,121.40625,826
2026-03-02T09:40:00,121.4375,121.4375,121.375,121.40625,890
2026-03-02T09:45:00,121.375,121.46875,121.375,121.40625,1048
2026-03-02T09:50:00,121.40625,121.40625,121.375,121.375,973
2026-03-02T09:55:00,121.40625,121.40625,121.34375,121.375,1137
2026-03-02T10:00:00,121.375,121.46875,121.375,121.4375,992
2026-03-02T10:05:00,121.4375,121.4375,121.40625,121.4375,1031
2026-03-02T10:10:00,121.4375,121.46875,121.40625,121.4375,810
2026-03-02T10:15:00,121.4375,121.5,121.4375,121.5,379
2026-03-02T10:20:00,121.5,121.5,121.4375,121.46875,541
2026-03-02T10:25:00,121.5,121.53125,121.5,121.53125,986
2026-03-02T10:30:00,121.53125,121.53125,121.5,121.53125,816
2026-03-02T10:35:00,121.5,121.53125,121.46875,121.5,272
2026-03-02T10:40:00,121.5,121.5,121.5,121.5,104
2026-03-02T10:45:00,121.46875,121.5,121.4375,121.5,391
2026-03-02T10:50:00,121.5,121.53125,121.5,121.5,1004
2026-03-02T10:55:00,121.5,121.5625,121.5,121.53125,338
2026-03-02T11:00:00,121.53125,121.53125,121.46875,121.46875,380
2026-03-02T11:05:00,121.4375,121.4375,121.40625,121.4375,109
2026-03-02T11:10:00,121.4375,121.5,121.4375,121.46875,173
2026-03-02T11:15:00,121.5,121.5625,121.5,121.5625,407
2026-03-02T11:20:00,121.5625,121.5625,121.53125,121.53125,888
2026-03-02T11:25:00,121.53125,121.5625,121.53125,121.53125,700
2026-03-02T11:30:00,121.53125,121.5625,121.5,121.5625,823
2026-03-02T11:35:00,121.5625,121.59375,121.53125,121.5625,507
2026-03-02T11:40:00,121.5625,121.59375,121.53125,121.53125,352
2026-03-02T11:45:00,121.53125,121.5625,121.53125,121.53125,1403
2026-03-02T11:50:00,121.5,121.5,121.4375,121.4375,1042
2026-03-02T11:55:00,121.4375,121.4375,121.375,121.375,397
2026-03-02T12:00:00,121.375,121.375,121.3125,121.3125,888
2026-03-02T12:05:00,121.3125,121.3125,121.1875,121.21875,1321
2026-03-02T12:10:00,121.25,121.28125,121.21875,121.28125,493
2026-03-02T12:15:00,121.28125,121.34375,121.28125,121.3125,1040
2026-03-02T12:20:00,121.3125,121.3125,121.28125,121.28125,404
2026-03-02T12:25:00,121.28125,121.3125,121.21875,121.28125,1132
2026-03-02T12:30:00,121.28125,121.34375,121.25,121.34375,839
2026-03-02T12:35:00,121.3125,121.4375,121.3125,121.375,2594
2026-03-02T12:40:00,121.375,121.375,121.3125,121.34375,1351
2026-03-02T12:45:00,121.3125,121.34375,121.25,121.28125,3043
2026-03-02T12:50:00,121.25,121.28125,121.15625,121.15625,2040
2026-03-02T12:55:00,121.15625,121.1875,121.0625,121.15625,1624
2026-03-02T13:00:00,121.15625,121.25,121.125,121.125,3634
2026-03-02T13:05:00,121.15625,121.15625,121.09375,121.09375,1851
2026-03-02T13:10:00,121.09375,121.125,121.03125,121.125,2231
2026-03-02T13:15:00,121.09375,121.09375,121.03125,121.0625,2680
2026-03-02T13:20:00,121.0625,121.125,121.0625,121.09375,2326
2026-03-02T13:25:00,121.09375,121.09375,121.0,121.0,2471
2026-03-02T13:30:00,121.03125,121.03125,120.78125,120.8125,4932
2026-03-02T13:35:00,120.8125,120.84375,120.75,120.75,3949
2026-03-02T13:40:00,120.75,120.78125,120.6875,120.75,3328
2026-03-02T13:45:00,120.75,120.84375,120.75,120.78125,2484
2026-03-02T13:50:00,120.8125,120.9375,120.78125,120.90625,3156
2026-03-02T13:55:00,120.875,120.9375,120.8125,120.875,3254
2026-03-02T14:00:00,120.84375,120.96875,120.8125,120.96875,4071
2026-03-02T14:05:00,120.96875,121.0,120.90625,120.9375,3266
2026-03-02T14:10:00,120.90625,120.96875,120.90625,120.90625,2181
2026-03-02T14:15:00,120.90625,121.0,120.90625,120.9375,1907
2026-03-02T14:20:00,120.9375,120.96875,120.84375,120.875,3254
2026-03-02T14:25:00,120.84375,120.9375,120.84375,120.90625,1752
2026-03-02T14:30:00,120.90625,120.90625,120.75,120.75,3213
2026-03-02T14:35:00,120.75,120.78125,120.65625,120.71875,4526
2026-03-02T14:40:00,120.71875,120.71875,120.65625,120.65625,2167
2026-03-02T14:45:00,120.65625,120.6875,120.625,120.65625,3329
2026-03-02T14:50:00,120.65625,120.6875,120.625,120.65625,2839
2026-03-02T14:55:00,120.65625,120.6875,120.625,120.65625,2373
2026-03-02T15:00:00,120.65625,120.65625,120.34375,120.5,6371
2026-03-02T15:05:00,120.5,120.5625,120.46875,120.5,2630
2026-03-02T15:10:00,120.5,120.59375,120.46875,120.46875,1964
2026-03-02T15:15:00,120.46875,120.53125,120.375,120.53125,4934
2026-03-02T15:20:00,120.5625,120.5625,120.46875,120.5625,2730
2026-03-02T15:25:00,120.5625,120.59375,120.5,120.59375,2427
2026-03-02T15:30:00,120.59375,120.59375,120.5,120.5,2965
2026-03-02T15:35:00,120.53125,120.53125,120.40625,120.46875,2573
2026-03-02T15:40:00,120.5,120.5,120.4375,120.4375,1767
2026-03-02T15:45:00,120.4375,120.46875,120.40625,120.4375,2884
2026-03-02T15:50:00,120.4375,120.5,120.40625,120.46875,1927
2026-03-02T15:55:00,120.46875,120.5,120.375,120.46875,3217
2026-03-02T16:00:00,120.46875,120.46875,120.40625,120.40625,2230
2026-03-02T16:05:00,120.4375,120.4375,120.34375,120.34375,1800
2026-03-02T16:10:00,120.34375,120.375,120.3125,120.375,3256
2026-03-02T16:15:00,120.40625,120.40625,120.28125,120.28125,3578
2026-03-02T16:20:00,120.25,120.3125,120.21875,120.25,3183
2026-03-02T16:25:00,120.25,120.34375,120.25,120.34375,3700
2026-03-02T16:30:00,120.34375,120.375,120.3125,120.3125,3261
2026-03-02T16:35:00,120.3125,120.3125,120.25,120.28125,2181
2026-03-02T16:40:00,120.28125,120.28125,120.25,120.25,1558
2026-03-02T16:45:00,120.28125,120.375,120.25,120.375,2233
2026-03-02T16:50:00,120.40625,120.40625,120.3125,120.3125,1607
2026-03-02T16:55:00,120.34375,120.375,120.28125,120.28125,2925
2026-03-02T17:00:00,120.28125,120.34375,120.28125,120.34375,2342
2026-03-02T17:05:00,120.3125,120.3125,120.25,120.25,1812
2026-03-02T17:10:00,120.21875,120.25,120.15625,120.21875,3102
2026-03-02T17:15:00,120.21875,120.21875,120.125,120.15625,2245
2026-03-02T17:20:00,120.15625,120.15625,120.09375,120.09375,2194
2026-03-02T17:25:00,120.125,120.15625,120.09375,120.125,2537
2026-03-02T17:30:00,120.125,120.1875,120.09375,120.125,2088
2026-03-02T17:35:00,120.15625,120.28125,120.15625,120.25,5314
2026-03-02T17:40:00,120.25,120.28125,120.21875,120.25,1565
2026-03-02T17:45:00,120.25,120.28125,120.21875,120.28125,660
2026-03-02T17:50:00,120.3125,120.3125,120.28125,120.28125,619
2026-03-02T17:55:00,120.25,120.3125,120.25,120.28125,596
2026-03-02T18:00:00,120.28125,120.28125,120.25,120.25,370
2026-03-02T18:05:00,120.25,120.3125,120.25,120.28125,896
2026-03-02T18:10:00,120.3125,120.3125,120.25,120.3125,954
2026-03-02T18:15:00,120.3125,120.34375,120.28125,120.28125,692
2026-03-02T18:20:00,120.28125,120.3125,120.25,120.25,1013
2026-03-02T18:25:00,120.25,120.3125,120.25,120.28125,342
2026-03-02T18:30:00,120.28125,120.3125,120.28125,120.28125,428
2026-03-02T18:35:00,120.28125,120.3125,120.28125,120.28125,155
2026-03-02T18:40:00,120.3125,120.3125,120.28125,120.3125,848
2026-03-02T18:45:00,120.28125,120.34375,120.28125,120.28125,1190
2026-03-02T18:50:00,120.28125,120.3125,120.28125,120.3125,172
2026-03-02T18:55:00,120.3125,120.34375,120.28125,120.3125,834
2026-03-02T19:00:00,120.34375,120.375,120.3125,120.3125,1861
2026-03-02T19:05:00,120.34375,120.34375,120.3125,120.34375,187
2026-03-02T19:10:00,120.3125,120.375,120.28125,120.28125,1606
2026-03-02T19:15:00,120.28125,120.28125,120.25,120.25,727
2026-03-02T19:20:00,120.25,120.3125,120.25,120.28125,2300
2026-03-02T19:25:00,120.3125,120.3125,120.25,120.25,2908
2026-03-02T19:30:00,120.25,120.28125,120.25,120.25,578
2026-03-02T19:35:00,120.25,120.34375,120.25,120.3125,728
2026-03-02T19:40:00,120.3125,120.34375,120.28125,120.28125,1008
2026-03-02T19:45:00,120.3125,120.34375,120.28125,120.3125,1623
2026-03-02T19:50:00,120.3125,120.3125,120.25,120.28125,1052
2026-03-02T19:55:00,120.28125,120.34375,120.28125,120.3125,4353
2026-03-02T20:00:00,120.3125,120.40625,120.28125,120.375,3679
2026-03-02T20:05:00,120.375,120.40625,120.34375,120.375,4856
2026-03-02T20:10:00,120.34375,120.375,120.3125,120.34375,1750
2026-03-02T20:15:00,120.34375,120.375,120.3125,120.3125,2550
2026-03-02T20:20:00,120.34375,120.34375,120.28125,120.28125,798
2026-03-02T20:25:00,120.28125,120.34375,120.25,120.3125,1450
2026-03-02T20:30:00,120.3125,120.375,120.3125,120.34375,705
2026-03-02T20:35:00,120.34375,120.375,120.3125,120.3125,697
2026-03-02T20:40:00,120.3125,120.375,120.3125,120.34375,1582
2026-03-02T20:45:00,120.34375,120.375,120.3125,120.3125,1330
2026-03-02T20:50:00,120.34375,120.375,120.34375,120.375,3987
2026-03-02T20:55:00,120.375,120.46875,120.375,120.4375,15901
2026-03-02T21:00:00,120.4375,120.53125,120.40625,120.5,8770
2026-03-02T21:05:00,120.53125,120.59375,120.53125,120.53125,1469
2026-03-02T21:10:00,120.53125,120.59375,120.53125,120.5625,1181
2026-03-02T21:15:00,120.59375,120.625,120.59375,120.625,2486
2026-03-02T21:20:00,120.59375,120.625,120.5625,120.59375,2544
2026-03-02T21:25:00,120.5625,120.59375,120.53125,120.5625,1999
2026-03-02T21:30:00,120.5625,120.59375,120.5625,120.5625,1323
2026-03-02T21:35:00,120.5625,120.625,120.5625,120.625,762
2026-03-02T21:40:00,120.59375,120.625,120.5625,120.59375,1144
2026-03-02T21:45:00,120.59375,120.59375,120.59375,120.59375,58
2026-03-02T21:50:00,120.625,120.65625,120.59375,120.65625,765
2026-03-02T21:55:00,120.65625,120.6875,120.625,120.65625,1226
2026-03-02T23:00:00,120.625,120.6875,120.625,120.65625,112
2026-03-02T23:05:00,120.65625,120.65625,120.59375,120.59375,27
2026-03-02T23:10:00,120.59375,120.59375,120.59375,120.59375,57
2026-03-02T23:15:00,120.625,120.65625,120.625,120.65625,160
2026-03-02T23:20:00,120.65625,120.6875,120.65625,120.65625,82
2026-03-02T23:25:00,120.65625,120.65625,120.65625,120.65625,31
2026-03-02T23:30:00,120.625,120.625,120.625,120.625,3
2026-03-02T23:35:00,120.625,120.65625,120.625,120.65625,166
2026-03-02T23:40:00,120.65625,120.6875,120.65625,120.65625,240
2026-03-02T23:45:00,120.6875,120.6875,120.59375,120.625,431
2026-03-02T23:50:00,120.65625,120.65625,120.59375,120.625,224
2026-03-02T23:55:00,120.625,120.6875,120.625,120.65625,319
2026-03-03T00:00:00,120.65625,120.6875,120.625,120.625,635
2026-03-03T00:05:00,120.625,120.625,120.59375,120.59375,77
2026-03-03T00:10:00,120.59375,120.65625,120.59375,120.625,152
2026-03-03T00:15:00,120.625,120.625,120.53125,120.53125,431
2026-03-03T00:20:00,120.53125,120.53125,120.5,120.53125,115
2026-03-03T00:25:00,120.5,120.53125,120.46875,120.46875,452
2026-03-03T00:30:00,120.4375,120.46875,120.40625,120.46875,68
2026-03-03T00:35:00,120.4375,120.46875,120.4375,120.46875,70
2026-03-03T00:40:00,120.46875,120.46875,120.4375,120.4375,100
2026-03-03T00:45:00,120.46875,120.5,120.46875,120.46875,112
2026-03-03T00:50:00,120.5,120.53125,120.5,120.53125,224
2026-03-03T00:55:00,120.53125,120.53125,120.46875,120.46875,480
2026-03-03T01:00:00,120.46875,120.53125,120.4375,120.46875,838
2026-03-03T01:05:00,120.46875,120.5,120.46875,120.5,173
2026-03-03T01:10:00,120.5,120.53125,120.46875,120.53125,407
2026-03-03T01:15:00,120.53125,120.53125,120.46875,120.5,296
2026-03-03T01:20:00,120.5,120.5,120.4375,120.4375,333
2026-03-03T01:25:00,120.4375,120.46875,120.375,120.4375,530
2026-03-03T01:30:00,120.40625,120.4375,120.40625,120.40625,316
2026-03-03T01:35:00,120.40625,120.4375,120.40625,120.4375,909
2026-03-03T01:40:00,120.4375,120.4375,120.40625,120.40625,368
2026-03-03T01:45:00,120.40625,120.40625,120.3125,120.34375,633
2026-03-03T01:50:00,120.3125,120.375,120.3125,120.375,440
2026-03-03T01:55:00,120.40625,120.4375,120.375,120.40625,525
2026-03-03T02:00:00,120.375,120.5,120.375,120.46875,273
2026-03-03T02:05:00,120.4375,120.5,120.4375,120.46875,122
2026-03-03T02:10:00,120.46875,120.53125,120.46875,120.53125,149
2026-03-03T02:15:00,120.53125,120.5625,120.5,120.5625,286
2026-03-03T02:20:00,120.53125,120.5625,120.46875,120.5,385
2026-03-03T02:25:00,120.5,120.53125,120.5,120.5,131
2026-03-03T02:30:00,120.53125,120.53125,120.46875,120.53125,281
2026-03-03T02:35:00,120.5,120.53125,120.46875,120.46875,401
2026-03-03T02:40:00,120.46875,120.5,120.4375,120.4375,129
2026-03-03T02:45:00,120.4375,120.46875,120.4375,120.4375,105
2026-03-03T02:50:00,120.4375,120.46875,120.40625,120.4375,54
2026-03-03T02:55:00,120.46875,120.5,120.46875,120.46875,270
2026-03-03T03:00:00,120.5,120.5,120.4375,120.46875,175
2026-03-03T03:05:00,120.46875,120.5,120.46875,120.5,37
2026-03-03T03:10:00,120.46875,120.5,120.46875,120.46875,39
2026-03-03T03:15:00,120.4375,120.46875,120.4375,120.46875,108
2026-03-03T03:20:00,120.5,120.5,120.46875,120.5,8
2026-03-03T03:25:00,120.5,120.5,120.4375,120.46875,108
2026-03-03T03:30:00,120.46875,120.46875,120.4375,120.4375,205
2026-03-03T03:35:00,120.40625,120.4375,120.40625,120.40625,539
2026-03-03T03:40:00,120.375,120.40625,120.375,120.40625,137
2026-03-03T03:45:00,120.375,120.40625,120.375,120.375,298
2026-03-03T03:50:00,120.375,120.40625,120.34375,120.34375,191
2026-03-03T03:55:00,120.34375,120.375,120.34375,120.34375,96
2026-03-03T04:00:00,120.34375,120.375,120.3125,120.3125,99
2026-03-03T04:05:00,120.3125,120.34375,120.3125,120.3125,154
2026-03-03T04:10:00,120.3125,120.3125,120.28125,120.28125,307
2026-03-03T04:15:00,120.28125,120.3125,120.28125,120.3125,8
2026-03-03T04:20:00,120.3125,120.3125,120.28125,120.28125,147
2026-03-03T04:25:00,120.28125,120.3125,120.28125,120.3125,11
2026-03-03T04:30:00,120.3125,120.3125,120.25,120.28125,153
2026-03-03T04:35:00,120.25,120.28125,120.25,120.28125,24
2026-03-03T04:40:00,120.28125,120.28125,120.15625,120.15625,948
2026-03-03T04:45:00,120.15625,120.15625,120.09375,120.125,1184
2026-03-03T04:50:00,120.09375,120.15625,120.0625,120.0625,828
2026-03-03T04:55:00,120.0625,120.09375,120.03125,120.0625,1069
2026-03-03T05:00:00,120.03125,120.1875,120.0,120.15625,2288
2026-03-03T05:05:00,120.1875,120.1875,120.09375,120.125,1176
2026-03-03T05:10:00,120.125,120.1875,120.125,120.15625,1474
2026-03-03T05:15:00,120.125,120.15625,120.09375,120.125,471
2026-03-03T05:20:00,120.125,120.15625,120.125,120.15625,344
2026-03-03T05:25:00,120.15625,120.1875,120.125,120.15625,187
2026-03-03T05:30:00,120.15625,120.15625,120.09375,120.09375,423
2026-03-03T05:35:00,120.125,120.15625,120.125,120.125,178
2026-03-03T05:40:00,120.125,120.15625,120.09375,120.125,215
2026-03-03T05:45:00,120.125,120.15625,120.09375,120.15625,271
2026-03-03T05:50:00,120.125,120.1875,120.125,120.125,122
2026-03-03T05:55:00,120.15625,120.15625,120.09375,120.09375,230
2026-03-03T06:00:00,120.0625,120.09375,120.03125,120.09375,320
2026-03-03T06:05:00,120.0625,120.125,120.0625,120.09375,161
2026-03-03T06:10:00,120.125,120.15625,120.09375,120.125,283
2026-03-03T06:15:00,120.125,120.15625,120.0625,120.0625,229
2026-03-03T06:20:00,120.09375,120.09375,120.0625,120.0625,147
2026-03-03T06:25:00,120.09375,120.125,120.0625,120.09375,321
2026-03-03T06:30:00,120.09375,120.09375,120.0625,120.0625,306
2026-03-03T06:35:00,120.0625,120.09375,120.03125,120.0625,583
2026-03-03T06:40:00,120.0625,120.0625,120.03125,120.03125,59
2026-03-03T06:45:00,120.0,120.0,120.0,120.0,510
2026-03-03T06:50:00,120.0,120.0625,120.0,120.0625,286
2026-03-03T06:55:00,120.03125,120.0625,120.03125,120.03125,152
2026-03-03T07:00:00,120.03125,120.0625,120.0,120.0625,254
2026-03-03T07:05:00,120.03125,120.0625,120.0,120.0625,290
2026-03-03T07:10:00,120.03125,120.03125,119.96875,120.0,1011
2026-03-03T07:15:00,120.0,120.03125,119.96875,120.0,535
2026-03-03T07:20:00,120.0,120.03125,120.0,120.0,500
2026-03-03T07:25:00,120.0,120.09375,120.0,120.03125,922
2026-03-03T07:30:00,120.0625,120.09375,120.0625,120.09375,377
2026-03-03T07:35:00,120.09375,120.125,120.0,120.0,839
2026-03-03T07:40:00,120.03125,120.03125,119.96875,120.0,607
2026-03-03T07:45:00,119.96875,120.0,119.96875,120.0,383
2026-03-03T07:50:00,120.0,120.0,119.875,119.96875,1424
2026-03-03T07:55:00,119.96875,120.0,119.9375,119.9375,1181
2026-03-03T08:00:00,119.9375,119.9375,119.875,119.90625,1102
2026-03-03T08:05:00,119.90625,119.9375,119.90625,119.90625,1301
2026-03-03T08:10:00,119.9375,119.9375,119.78125,119.8125,2142
2026-03-03T08:15:00,119.78125,119.84375,119.75,119.8125,2596
2026-03-03T08:20:00,119.78125,119.8125,119.71875,119.8125,2865
2026-03-03T08:25:00,119.8125,119.875,119.75,119.78125,1008
2026-03-03T08:30:00,119.75,119.78125,119.71875,119.78125,815
2026-03-03T08:35:00,119.78125,119.78125,119.6875,119.71875,1091
2026-03-03T08:40:00,119.75,119.78125,119.71875,119.71875,1018
2026-03-03T08:45:00,119.75,119.75,119.6875,119.6875,1222
2026-03-03T08:50:00,119.71875,119.75,119.71875,119.75,1253
2026-03-03T08:55:00,119.78125,119.8125,119.75,119.78125,734
2026-03-03T09:00:00,119.78125,119.78125,119.625,119.625,1597
2026-03-03T09:05:00,119.65625,119.65625,119.5625,119.59375,748
2026-03-03T09:10:00,119.59375,119.6875,119.59375,119.6875,1309
2026-03-03T09:15:00,119.65625,119.6875,119.59375,119.6875,1249
2026-03-03T09:20:00,119.6875,119.75,119.6875,119.71875,878
2026-03-03T09:25:00,119.71875,119.75,119.6875,119.75,957
2026-03-03T09:30:00,119.71875,119.71875,119.65625,119.65625,1757
2026-03-03T09:35:00,119.6875,119.71875,119.59375,119.625,1603
2026-03-03T09:40:00,119.65625,119.71875,119.625,119.65625,1987
2026-03-03T09:45:00,119.6875,119.75,119.6875,119.6875,1043
2026-03-03T09:50:00,119.6875,119.6875,119.65625,119.65625,967
2026-03-03T09:55:00,119.65625,119.6875,119.625,119.6875,461
2026-03-03T10:00:00,119.6875,119.6875,119.625,119.625,762
2026-03-03T10:05:00,119.625,119.65625,119.625,119.625,860
2026-03-03T10:10:00,119.65625,119.65625,119.59375,119.59375,764
2026-03-03T10:15:00,119.59375,119.625,119.53125,119.59375,1471
2026-03-03T10:20:00,119.5625,119.6875,119.5625,119.6875,1099
2026-03-03T10:25:00,119.6875,119.71875,119.65625,119.71875,1241
2026-03-03T10:30:00,119.71875,119.71875,119.6875,119.71875,746
2026-03-03T10:35:00,119.71875,119.84375,119.71875,119.8125,1484
2026-03-03T10:40:00,119.8125,119.84375,119.78125,119.84375,2340
2026-03-03T10:45:00,119.84375,119.90625,119.78125,119.90625,1022
2026-03-03T10:50:00,119.90625,119.9375,119.78125,119.78125,1190
2026-03-03T10:55:00,119.78125,119.78125,119.65625,119.6875,1680
2026-03-03T11:00:00,119.6875,119.75,119.6875,119.6875,1256
2026-03-03T11:05:00,119.6875,119.78125,119.6875,119.6875,2864
2026-03-03T11:10:00,119.71875,119.84375,119.6875,119.84375,1631
2026-03-03T11:15:00,119.84375,119.90625,119.8125,119.8125,2244
2026-03-03T11:20:00,119.78125,119.8125,119.6875,119.78125,2826
2026-03-03T11:25:00,119.78125,119.9375,119.78125,119.90625,4574
2026-03-03T11:30:00,119.9375,120.09375,119.90625,120.0,3413
2026-03-03T11:35:00,120.0,120.0625,120.0,120.03125,3270
2026-03-03T11:40:00,120.0625,120.0625,119.9375,119.96875,2863
2026-03-03T11:45:00,120.0,120.03125,119.90625,119.9375,2331
2026-03-03T11:50:00,119.96875,120.03125,119.875,119.96875,1577
2026-03-03T11:55:00,119.9375,119.9375,119.8125,119.8125,1701
2026-03-03T12:00:00,119.8125,119.8125,119.71875,119.78125,2399
2026-03-03T12:05:00,119.78125,119.875,119.71875,119.875,1239
2026-03-03T12:10:00,119.875,120.03125,119.875,119.875,3171
2026-03-03T12:15:00,119.875,119.9375,119.84375,119.90625,1238
2026-03-03T12:20:00,119.90625,120.03125,119.90625,119.96875,2623
2026-03-03T12:25:00,119.96875,120.0,119.90625,119.96875,2029
2026-03-03T12:30:00,120.0,120.0,119.9375,119.96875,1245
2026-03-03T12:35:00,119.96875,119.96875,119.90625,119.90625,1808
2026-03-03T12:40:00,119.9375,119.96875,119.875,119.875,2020
2026-03-03T12:45:00,119.84375,119.90625,119.84375,119.875,1572
2026-03-03T12:50:00,119.90625,119.9375,119.875,119.9375,1192
2026-03-03T12:55:00,119.9375,120.03125,119.90625,120.0,2303
2026-03-03T13:00:00,120.0,120.0625,119.9375,119.96875,3546
2026-03-03T13:05:00,119.96875,120.03125,119.90625,120.0,2508
2026-03-03T13:10:00,120.0,120.0,119.84375,119.875,2094
2026-03-03T13:15:00,119.875,119.90625,119.8125,119.84375,1349
2026-03-03T13:20:00,119.875,119.90625,119.78125,119.8125,3719
2026-03-03T13:25:00,119.8125,119.875,119.75,119.78125,3200
2026-03-03T13:30:00,119.8125,119.84375,119.75,119.75,5448
2026-03-03T13:35:00,119.71875,119.875,119.71875,119.84375,4268
2026-03-03T13:40:00,119.875,119.875,119.59375,119.65625,5835
2026-03-03T13:45:00,119.625,119.6875,119.59375,119.625,5049
2026-03-03T13:50:00,119.65625,119.6875,119.5625,119.5625,2825
2026-03-03T13:55:00,119.5625,119.625,119.5625,119.625,2408
2026-03-03T14:00:00,119.59375,119.6875,119.59375,119.625,4605
2026-03-03T14:05:00,119.59375,119.625,119.5,119.5625,3451
2026-03-03T14:10:00,119.5625,119.5625,119.4375,119.4375,1841
2026-03-03T14:15:00,119.46875,119.5,119.40625,119.5,3741
2026-03-03T14:20:00,119.53125,119.5625,119.5,119.53125,2365
2026-03-03T14:25:00,119.53125,119.625,119.53125,119.5625,2639
2026-03-03T14:30:00,119.59375,119.625,119.5625,119.59375,3121
2026-03-03T14:35:00,119.5625,119.625,119.53125,119.625,2222
2026-03-03T14:40:00,119.625,119.6875,119.5625,119.59375,3149
2026-03-03T14:45:00,119.625,119.6875,119.59375,119.65625,4728
2026-03-03T14:50:00,119.6875,119.75,119.59375,119.6875,3387
2026-03-03T14:55:00,119.6875,119.84375,119.6875,119.8125,6327
2026-03-03T15:00:00,119.78125,119.90625,119.78125,119.90625,4587
2026-03-03T15:05:00,119.90625,120.0,119.90625,119.96875,3636
2026-03-03T15:10:00,119.96875,120.0625,119.90625,120.03125,4945
2026-03-03T15:15:00,120.03125,120.125,120.03125,120.09375,4475
2026-03-03T15:20:00,120.09375,120.125,120.03125,120.0625,4503
2026-03-03T15:25:00,120.0625,120.15625,120.03125,120.125,4496
2026-03-03T15:30:00,120.125,120.28125,120.03125,120.0625,6159
2026-03-03T15:35:00,120.03125,120.03125,119.9375,119.96875,3759
2026-03-03T15:40:00,119.96875,120.0,119.9375,120.0,2773
2026-03-03T15:45:00,120.0,120.0,119.9375,119.96875,1030
2026-03-03T15:50:00,120.0,120.125,120.0,120.09375,1936
2026-03-03T15:55:00,120.09375,120.15625,119.96875,119.96875,2606
2026-03-03T16:00:00,119.96875,120.03125,119.9375,120.03125,2371
2026-03-03T16:05:00,120.03125,120.03125,119.90625,119.96875,4020
2026-03-03T16:10:00,119.96875,120.09375,119.96875,120.0625,2680
2026-03-03T16:15:00,120.09375,120.15625,120.0625,120.15625,2442
2026-03-03T16:20:00,120.125,120.15625,120.0,120.0,4739
2026-03-03T16:25:00,120.0,120.09375,120.0,120.0625,1164
2026-03-03T16:30:00,120.03125,120.1875,120.03125,120.09375,3440
2026-03-03T16:35:00,120.09375,120.21875,120.09375,120.1875,3388
2026-03-03T16:40:00,120.21875,120.3125,120.21875,120.28125,3594
2026-03-03T16:45:00,120.28125,120.4375,120.25,120.25,5492
2026-03-03T16:50:00,120.25,120.28125,120.125,120.15625,3448
2026-03-03T16:55:00,120.15625,120.21875,120.125,120.15625,2721
2026-03-03T17:00:00,120.15625,120.21875,120.15625,120.15625,1515
2026-03-03T17:05:00,120.15625,120.1875,120.15625,120.15625,1362
2026-03-03T17:10:00,120.15625,120.1875,120.125,120.125,2114
2026-03-03T17:15:00,120.125,120.1875,120.09375,120.15625,1466
2026-03-03T17:20:00,120.1875,120.21875,120.15625,120.1875,1636
2026-03-03T17:25:00,120.15625,120.15625,120.09375,120.09375,1138
2026-03-03T17:30:00,120.09375,120.125,120.03125,120.125,1048
2026-03-03T17:35:00,120.09375,120.15625,120.0625,120.125,2222
2026-03-03T17:40:00,120.125,120.125,120.0625,120.0625,1098
2026-03-03T17:45:00,120.09375,120.1875,120.0625,120.15625,1116
2026-03-03T17:50:00,120.1875,120.1875,120.125,120.1875,2089
2026-03-03T17:55:00,120.1875,120.1875,120.0625,120.0625,2110
2026-03-03T18:00:00,120.0625,120.15625,120.0625,120.125,1900
2026-03-03T18:05:00,120.125,120.125,120.0625,120.125,1291
2026-03-03T18:10:00,120.125,120.15625,120.0625,120.125,1584
2026-03-03T18:15:00,120.15625,120.15625,120.0625,120.09375,1285
2026-03-03T18:20:00,120.09375,120.09375,120.03125,120.09375,930
2026-03-03T18:25:00,120.09375,120.125,120.0625,120.125,798
2026-03-03T18:30:00,120.125,120.3125,120.125,120.28125,2599
2026-03-03T18:35:00,120.28125,120.34375,120.25,120.3125,3180
2026-03-03T18:40:00,120.3125,120.40625,120.3125,120.3125,2398
2026-03-03T18:45:00,120.34375,120.375,120.3125,120.34375,1313
2026-03-03T18:50:00,120.375,120.40625,120.3125,120.3125,1196
2026-03-03T18:55:00,120.34375,120.375,120.28125,120.28125,1593
2026-03-03T19:00:00,120.28125,120.34375,120.28125,120.34375,400
2026-03-03T19:05:00,120.34375,120.375,120.3125,120.34375,1125
2026-03-03T19:10:00,120.3125,120.3125,120.25,120.25,1455
2026-03-03T19:15:00,120.25,120.28125,120.25,120.28125,370
2026-03-03T19:20:00,120.28125,120.3125,120.28125,120.28125,763
2026-03-03T19:25:00,120.3125,120.3125,120.21875,120.28125,1324
2026-03-03T19:30:00,120.25,120.28125,120.21875,120.28125,1468
2026-03-03T19:35:00,120.28125,120.4375,120.25,120.40625,1731
2026-03-03T19:40:00,120.4375,120.53125,120.40625,120.4375,3489
2026-03-03T19:45:00,120.4375,120.4375,120.28125,120.28125,2780
2026-03-03T19:50:00,120.28125,120.3125,120.25,120.25,2339
2026-03-03T19:55:00,120.28125,120.40625,120.21875,120.21875,7938
2026-03-03T20:00:00,120.25,120.28125,120.21875,120.21875,3852
2026-03-03T20:05:00,120.21875,120.3125,120.21875,120.28125,1500
2026-03-03T20:10:00,120.28125,120.34375,120.28125,120.3125,353
2026-03-03T20:15:00,120.3125,120.34375,120.28125,120.3125,1601
2026-03-03T20:20:00,120.3125,120.34375,120.28125,120.3125,759
2026-03-03T20:25:00,120.3125,120.3125,120.25,120.25,808
2026-03-03T20:30:00,120.25,120.28125,120.21875,120.25,1298
2026-03-03T20:35:00,120.25,120.28125,120.25,120.25,407
2026-03-03T20:40:00,120.25,120.25,120.15625,120.21875,2667
2026-03-03T20:45:00,120.21875,120.25,120.21875,120.21875,1025
2026-03-03T20:50:00,120.25,120.25,120.1875,120.1875,1214
2026-03-03T20:55:00,120.1875,120.25,120.1875,120.25,6167
2026-03-03T21:00:00,120.25,120.25,120.15625,120.21875,5798
2026-03-03T21:05:00,120.21875,120.28125,120.21875,120.25,804
2026-03-03T21:10:00,120.25,120.25,120.1875,120.21875,1155
2026-03-03T21:15:00,120.21875,120.25,120.21875,120.21875,416
2026-03-03T21:20:00,120.21875,120.25,120.1875,120.1875,1699
2026-03-03T21:25:00,120.21875,120.21875,120.15625,120.1875,809
2026-03-03T21:30:00,120.1875,120.21875,120.1875,120.1875,637
2026-03-03T21:35:00,120.1875,120.21875,120.1875,120.21875,1048
2026-03-03T21:40:00,120.1875,120.21875,120.15625,120.15625,1258
2026-03-03T21:45:00,120.15625,120.1875,120.125,120.1875,1191
2026-03-03T21:50:00,120.21875,120.21875,120.1875,120.1875,1362
2026-03-03T21:55:00,120.1875,120.25,120.15625,120.15625,544
2026-03-03T23:00:00,120.1875,120.1875,120.15625,120.1875,75
2026-03-03T23:05:00,120.1875,120.21875,120.1875,120.21875,66
2026-03-03T23:10:00,120.21875,120.21875,120.21875,120.21875,20
2026-03-03T23:15:00,120.21875,120.21875,120.1875,120.1875,14
2026-03-03T23:20:00,120.1875,120.1875,120.09375,120.125,53
2026-03-03T23:25:00,120.125,120.125,120.125,120.125,107
2026-03-03T23:30:00,120.15625,120.15625,120.125,120.125,336
2026-03-03T23:35:00,120.125,120.125,120.125,120.125,39
2026-03-03T23:40:00,120.09375,120.09375,120.0625,120.09375,240
2026-03-03T23:45:00,120.09375,120.09375,120.09375,120.09375,71
2026-03-03T23:50:00,120.125,120.15625,120.125,120.15625,79
2026-03-03T23:55:00,120.15625,120.15625,120.15625,120.15625,89
2026-03-04T00:00:00,120.125,120.1875,120.125,120.15625,303
2026-03-04T00:05:00,120.15625,120.21875,120.125,120.15625,287
2026-03-04T00:10:00,120.15625,120.15625,120.125,120.15625,246
2026-03-04T00:15:00,120.15625,120.1875,120.15625,120.15625,153
2026-03-04T00:20:00,120.1875,120.25,120.15625,120.25,242
2026-03-04T00:25:00,120.25,120.28125,120.21875,120.25,363
2026-03-04T00:30:00,120.25,120.40625,120.25,120.40625,494
2026-03-04T00:35:00,120.40625,120.40625,120.375,120.375,228
2026-03-04T00:40:00,120.375,120.46875,120.375,120.40625,361
2026-03-04T00:45:00,120.4375,120.53125,120.40625,120.5,982
2026-03-04T00:50:00,120.5,120.5,120.40625,120.4375,574
2026-03-04T00:55:00,120.4375,120.4375,120.375,120.40625,186
2026-03-04T01:00:00,120.4375,120.4375,120.3125,120.375,535
2026-03-04T01:05:00,120.375,120.375,120.25,120.28125,398
2026-03-04T01:10:00,120.28125,120.28125,120.21875,120.25,175
2026-03-04T01:15:00,120.25,120.25,120.15625,120.15625,330
2026-03-04T01:20:00,120.1875,120.25,120.15625,120.1875,355
2026-03-04T01:25:00,120.1875,120.21875,120.15625,120.1875,1028
2026-03-04T01:30:00,120.1875,120.1875,120.09375,120.09375,300
2026-03-04T01:35:00,120.09375,120.125,120.0625,120.0625,863
2026-03-04T01:40:00,120.0625,120.0625,120.0,120.03125,971
2026-03-04T01:45:00,120.03125,120.0625,120.03125,120.0625,207
2026-03-04T01:50:00,120.09375,120.125,120.0625,120.125,548
2026-03-04T01:55:00,120.125,120.125,120.09375,120.09375,569
2026-03-04T02:00:00,120.0625,120.0625,120.03125,120.0625,319
2026-03-04T02:05:00,120.0625,120.0625,120.03125,120.0625,170
2026-03-04T02:10:00,120.0625,120.09375,120.03125,120.09375,303
2026-03-04T02:15:00,120.09375,120.1875,120.09375,120.125,456
2026-03-04T02:20:00,120.125,120.125,120.09375,120.09375,45
2026-03-04T02:25:00,120.125,120.125,120.125,120.125,124
2026-03-04T02:30:00,120.15625,120.1875,120.15625,120.1875,243
2026-03-04T02:35:00,120.1875,120.1875,120.125,120.125,188
2026-03-04T02:40:00,120.125,120.125,120.0625,120.0625,108
2026-03-04T02:45:00,120.0625,120.09375,120.0625,120.09375,203
2026-03-04T02:50:00,120.09375,120.09375,120.03125,120.0625,134
2026-03-04T02:55:00,120.0625,120.0625,120.0625,120.0625,156
2026-03-04T03:00:00,120.0625,120.125,120.0625,120.125,361
2026-03-04T03:05:00,120.125,120.15625,120.09375,120.09375,244
2026-03-04T03:10:00,120.09375,120.125,120.09375,120.125,124
2026-03-04T03:15:00,120.09375,120.09375,120.09375,120.09375,49
2026-03-04T03:20:00,120.0625,120.09375,120.0625,120.0625,146
2026-03-04T03:25:00,120.0625,120.09375,120.03125,120.0625,116
2026-03-04T03:30:00,120.09375,120.21875,120.09375,120.1875,305
2026-03-04T03:35:00,120.1875,120.1875,120.125,120.15625,105
2026-03-04T03:40:00,120.1875,120.1875,120.125,120.15625,171
2026-03-04T03:45:00,120.15625,120.15625,120.09375,120.125,107
2026-03-04T03:50:00,120.125,120.15625,120.09375,120.15625,109
2026-03-04T03:55:00,120.15625,120.15625,120.09375,120.09375,174
2026-03-04T04:00:00,120.09375,120.125,120.09375,120.125,30
2026-03-04T04:05:00,120.125,120.15625,120.09375,120.125,213
2026-03-04T04:10:00,120.125,120.15625,120.09375,120.15625,115
2026-03-04T04:15:00,120.1875,120.21875,120.1875,120.1875,260
2026-03-04T04:20:00,120.1875,120.21875,120.1875,120.21875,138
2026-03-04T04:25:00,120.21875,120.21875,120.1875,120.1875,171
2026-03-04T04:30:00,120.1875,120.21875,120.1875,120.1875,349
2026-03-04T04:35:00,120.1875,120.21875,120.15625,120.1875,68
2026-03-04T04:40:00,120.1875,120.21875,120.125,120.15625,186
2026-03-04T04:45:00,120.125,120.125,120.09375,120.09375,67
2026-03-04T04:50:00,120.09375,120.09375,120.0625,120.0625,229
2026-03-04T04:55:00,120.03125,120.0625,120.03125,120.03125,177
2026-03-04T05:00:00,120.03125,120.03125,119.96875,120.03125,668
2026-03-04T05:05:00,120.03125,120.03125,119.96875,120.0,170
2026-03-04T05:10:00,120.03125,120.03125,120.0,120.03125,12
2026-03-04T05:15:00,120.03125,120.03125,119.96875,120.0,109
2026-03-04T05:20:00,120.0,120.03125,120.0,120.0,106
2026-03-04T05:25:00,120.03125,120.0625,120.0,120.03125,145
2026-03-04T05:30:00,120.0,120.0,120.0,120.0,116
2026-03-04T05:35:00,120.0,120.0,119.9375,119.9375,58
2026-03-04T05:40:00,119.9375,119.9375,119.90625,119.9375,694
2026-03-04T05:45:00,119.9375,119.9375,119.90625,119.90625,272
2026-03-04T05:50:00,119.875,119.9375,119.875,119.9375,302
2026-03-04T05:55:00,119.90625,119.9375,119.90625,119.9375,121
2026-03-04T06:00:00,119.9375,119.96875,119.9375,119.9375,145
2026-03-04T06:05:00,119.9375,119.9375,119.8125,119.84375,1199
2026-03-04T06:10:00,119.84375,119.875,119.84375,119.875,313
2026-03-04T06:15:00,119.84375,119.875,119.84375,119.875,364
2026-03-04T06:20:00,119.875,119.90625,119.875,119.875,39
2026-03-04T06:25:00,119.90625,119.90625,119.875,119.90625,394
2026-03-04T06:30:00,119.875,119.90625,119.875,119.90625,204
2026-03-04T06:35:00,119.875,119.9375,119.875,119.9375,344
2026-03-04T06:40:00,119.96875,119.96875,119.9375,119.9375,207
2026-03-04T06:45:00,119.9375,119.96875,119.9375,119.9375,328
2026-03-04T06:50:00,119.9375,119.9375,119.90625,119.90625,153
2026-03-04T06:55:00,119.90625,119.90625,119.875,119.90625,427
2026-03-04T07:00:00,119.875,119.90625,119.84375,119.84375,556
2026-03-04T07:05:00,119.84375,119.90625,119.84375,119.90625,432
2026-03-04T07:10:00,119.9375,119.9375,119.875,119.90625,397
2026-03-04T07:15:00,119.90625,119.9375,119.875,119.90625,243
2026-03-04T07:20:00,119.90625,119.96875,119.90625,119.90625,279
2026-03-04T07:25:00,119.90625,120.0,119.90625,119.96875,281
2026-03-04T07:30:00,119.96875,119.96875,119.90625,119.9375,409
2026-03-04T07:35:00,119.9375,119.96875,119.90625,119.9375,145
2026-03-04T07:40:00,119.9375,119.9375,119.875,119.875,316
2026-03-04T07:45:00,119.90625,119.96875,119.90625,119.9375,449
2026-03-04T07:50:00,119.9375,120.0,119.9375,119.96875,435
2026-03-04T07:55:00,119.9375,119.96875,119.90625,119.96875,762
2026-03-04T08:00:00,119.96875,120.0,119.875,119.875,822
2026-03-04T08:05:00,119.90625,119.90625,119.84375,119.84375,840
2026-03-04T08:10:00,119.84375,119.84375,119.8125,119.8125,575
2026-03-04T08:15:00,119.84375,119.84375,119.75,119.75,1006
2026-03-04T08:20:00,119.75,119.75,119.625,119.6875,2082
2026-03-04T08:25:00,119.6875,119.71875,119.59375,119.59375,939
2026-03-04T08:30:00,119.59375,119.59375,119.53125,119.5625,1441
2026-03-04T08:35:00,119.5625,119.5625,119.5,119.53125,1240
2026-03-04T08:40:00,119.53125,119.59375,119.5,119.5625,1338
2026-03-04T08:45:00,119.5625,119.625,119.5625,119.625,883
2026-03-04T08:50:00,119.625,119.6875,119.59375,119.625,655
2026-03-04T08:55:00,119.625,119.65625,119.625,119.65625,812
2026-03-04T09:00:00,119.65625,119.6875,119.65625,119.65625,905
2026-03-04T09:05:00,119.65625,119.65625,119.625,119.625,462
2026-03-04T09:10:00,119.625,119.6875,119.625,119.65625,818
2026-03-04T09:15:00,119.65625,119.6875,119.625,119.65625,835
2026-03-04T09:20:00,119.65625,119.75,119.625,119.71875,928
2026-03-04T09:25:00,119.71875,119.75,119.71875,119.75,455
2026-03-04T09:30:00,119.75,119.75,119.71875,119.71875,165
2026-03-04T09:35:00,119.75,119.75,119.71875,119.71875,214
2026-03-04T09:40:00,119.71875,119.75,119.71875,119.75,567
2026-03-04T09:45:00,119.75,119.75,119.71875,119.71875,684
2026-03-04T09:50:00,119.71875,119.75,119.6875,119.75,312
2026-03-04T09:55:00,119.75,119.75,119.65625,119.65625,410
2026-03-04T10:00:00,119.65625,119.6875,119.65625,119.65625,311
2026-03-04T10:05:00,119.65625,119.90625,119.65625,119.90625,1412
2026-03-04T10:10:00,119.90625,119.9375,119.75,119.78125,1975
2026-03-04T10:15:00,119.78125,119.84375,119.71875,119.75,1108
2026-03-04T10:20:00,119.78125,119.875,119.78125,119.84375,1461
2026-03-04T10:25:00,119.84375,119.84375,119.75,119.78125,982
2026-03-04T10:30:00,119.78125,119.8125,119.78125,119.8125,1006
2026-03-04T10:35:00,119.8125,119.8125,119.78125,119.78125,733
2026-03-04T10:40:00,119.78125,119.8125,119.75,119.75,789
2026-03-04T10:45:00,119.75,119.75,119.6875,119.71875,693
2026-03-04T10:50:00,119.71875,119.75,119.65625,119.6875,229
2026-03-04T10:55:00,119.71875,119.75,119.71875,119.75,254
2026-03-04T11:00:00,119.75,119.78125,119.6875,119.71875,516
2026-03-04T11:05:00,119.71875,119.75,119.6875,119.75,681
2026-03-04T11:10:00,119.75,119.8125,119.75,119.8125,152
2026-03-04T11:15:00,119.78125,119.8125,119.75,119.8125,368
2026-03-04T11:20:00,119.8125,119.875,119.8125,119.875,749
2026-03-04T11:25:00,119.84375,119.875,119.8125,119.8125,545
2026-03-04T11:30:00,119.8125,119.8125,119.78125,119.78125,306
2026-03-04T11:35:00,119.78125,119.78125,119.6875,119.71875,496
2026-03-04T11:40:00,119.71875,119.71875,119.6875,119.6875,392
2026-03-04T11:45:00,119.6875,119.71875,119.6875,119.6875,161
2026-03-04T11:50:00,119.71875,119.71875,119.65625,119.6875,506
2026-03-04T11:55:00,119.6875,119.71875,119.6875,119.71875,840
2026-03-04T12:00:00,119.6875,119.75,119.65625,119.6875,1183
2026-03-04T12:05:00,119.65625,119.6875,119.65625,119.6875,594
2026-03-04T12:10:00,119.71875,119.84375,119.71875,119.8125,812
2026-03-04T12:15:00,119.84375,119.875,119.78125,119.8125,1049
2026-03-04T12:20:00,119.8125,119.8125,119.71875,119.75,620
2026-03-04T12:25:00,119.71875,119.71875,119.65625,119.65625,648
2026-03-04T12:30:00,119.65625,119.75,119.65625,119.75,1154
2026-03-04T12:35:00,119.75,119.8125,119.71875,119.8125,1234
2026-03-04T12:40:00,119.8125,119.84375,119.8125,119.8125,852
2026-03-04T12:45:00,119.78125,119.84375,119.78125,119.8125,1948
2026-03-04T12:50:00,119.8125,119.8125,119.71875,119.75,597
2026-03-04T12:55:00,119.75,119.78125,119.71875,119.78125,387
2026-03-04T13:00:00,119.75,119.8125,119.71875,119.78125,2027
2026-03-04T13:05:00,119.78125,119.9375,119.78125,119.90625,2769
2026-03-04T13:10:00,119.9375,119.96875,119.875,119.9375,1214
2026-03-04T13:15:00,119.96875,119.96875,119.75,119.8125,3986
2026-03-04T13:20:00,119.8125,119.8125,119.6875,119.71875,4072
2026-03-04T13:25:00,119.75,119.875,119.75,119.84375,1922
2026-03-04T13:30:00,119.875,119.96875,119.875,119.9375,3708
2026-03-04T13:35:00,119.9375,120.0625,119.90625,120.03125,1981
2026-03-04T13:40:00,120.03125,120.09375,120.0,120.0,2102
2026-03-04T13:45:00,120.0,120.125,120.0,120.09375,2215
2026-03-04T13:50:00,120.0625,120.09375,119.9375,119.96875,2959
2026-03-04T13:55:00,119.9375,119.9375,119.875,119.90625,2074
2026-03-04T14:00:00,119.875,119.90625,119.8125,119.875,2235
2026-03-04T14:05:00,119.875,119.9375,119.84375,119.84375,1699
2026-03-04T14:10:00,119.84375,119.84375,119.75,119.75,3167
2026-03-04T14:15:00,119.75,119.9375,119.71875,119.9375,2682
2026-03-04T14:20:00,119.9375,120.0,119.9375,119.9375,2233
2026-03-04T14:25:00,119.9375,120.0,119.90625,120.0,2447
2026-03-04T14:30:00,119.96875,120.03125,119.90625,119.96875,2604
2026-03-04T14:35:00,119.9375,119.96875,119.71875,119.8125,8348
2026-03-04T14:40:00,119.8125,119.84375,119.75,119.84375,1947
2026-03-04T14:45:00,119.84375,119.9375,119.84375,119.9375,4514
2026-03-04T14:50:00,119.9375,119.96875,119.90625,119.9375,1304
2026-03-04T14:55:00,119.9375,119.96875,119.875,119.875,2320
2026-03-04T15:00:00,119.875,119.9375,119.65625,119.84375,4253
2026-03-04T15:05:00,119.8125,119.9375,119.8125,119.84375,2805
2026-03-04T15:10:00,119.84375,119.875,119.78125,119.84375,2329
2026-03-04T15:15:00,119.84375,119.875,119.8125,119.875,2108
2026-03-04T15:20:00,119.84375,119.90625,119.8125,119.875,1883
2026-03-04T15:25:00,119.875,119.9375,119.84375,119.84375,2916
2026-03-04T15:30:00,119.875,120.0,119.875,119.9375,4642
2026-03-04T15:35:00,119.96875,120.03125,119.90625,119.90625,3048
2026-03-04T15:40:00,119.9375,119.9375,119.875,119.875,1335
2026-03-04T15:45:00,119.90625,119.9375,119.875,119.90625,1375
2026-03-04T15:50:00,119.875,119.9375,119.875,119.90625,1194
2026-03-04T15:55:00,119.90625,120.03125,119.84375,120.03125,2750
2026-03-04T16:00:00,120.0,120.0625,119.9375,120.0,3974
2026-03-04T16:05:00,120.0,120.0625,119.90625,120.03125,3644
2026-03-04T16:10:00,120.03125,120.125,120.0,120.09375,2456
2026-03-04T16:15:00,120.125,120.15625,120.09375,120.125,3154
2026-03-04T16:20:00,120.125,120.15625,120.125,120.125,1880
2026-03-04T16:25:00,120.15625,120.1875,120.125,120.1875,2473
2026-03-04T16:30:00,120.1875,120.1875,120.09375,120.09375,2731
2026-03-04T16:35:00,120.09375,120.125,120.09375,120.09375,1357
2026-03-04T16:40:00,120.09375,120.125,120.0625,120.125,1780
2026-03-04T16:45:00,120.125,120.15625,120.125,120.125,1276
2026-03-04T16:50:00,120.125,120.15625,120.09375,120.125,1372
2026-03-04T16:55:00,120.09375,120.125,120.0625,120.0625,1681
2026-03-04T17:00:00,120.0625,120.125,120.0625,120.09375,1671
2026-03-04T17:05:00,120.125,120.125,120.0625,120.0625,1189
2026-03-04T17:10:00,120.09375,120.09375,120.0625,120.09375,366
2026-03-04T17:15:00,120.0625,120.09375,120.0625,120.09375,1461
2026-03-04T17:20:00,120.09375,120.09375,120.0625,120.0625,999
2026-03-04T17:25:00,120.0625,120.09375,120.03125,120.09375,514
2026-03-04T17:30:00,120.0625,120.0625,120.0,120.03125,1718
2026-03-04T17:35:00,120.03125,120.09375,119.96875,120.09375,1200
2026-03-04T17:40:00,120.125,120.125,120.0625,120.0625,569
2026-03-04T17:45:00,120.0625,120.15625,120.0625,120.09375,693
2026-03-04T17:50:00,120.125,120.125,120.09375,120.09375,223
2026-03-04T17:55:00,120.125,120.125,120.09375,120.09375,1333
2026-03-04T18:00:00,120.09375,120.125,120.0625,120.0625,221
2026-03-04T18:05:00,120.0625,120.09375,120.03125,120.0625,761
2026-03-04T18:10:00,120.0625,120.0625,120.03125,120.03125,404
2026-03-04T18:15:00,120.03125,120.03125,120.0,120.0,315
2026-03-04T18:20:00,120.0,120.0,120.0,120.0,803
2026-03-04T18:25:00,119.96875,120.0,119.96875,120.0,1806
2026-03-04T18:30:00,120.03125,120.0625,120.0,120.0625,1322
2026-03-04T18:35:00,120.0625,120.0625,120.0625,120.0625,695
2026-03-04T18:40:00,120.09375,120.09375,120.0625,120.0625,718
2026-03-04T18:45:00,120.0625,120.09375,120.03125,120.0625,866
2026-03-04T18:50:00,120.0625,120.09375,120.0625,120.09375,451
2026-03-04T18:55:00,120.0625,120.09375,120.03125,120.0625,1291
2026-03-04T19:00:00,120.09375,120.125,120.03125,120.03125,5467
2026-03-04T19:05:00,120.03125,120.0625,120.0,120.0,2774
2026-03-04T19:10:00,120.0,120.03125,120.0,120.03125,916
2026-03-04T19:15:00,120.03125,120.03125,120.0,120.0,667
2026-03-04T19:20:00,120.0,120.0,119.96875,119.96875,927
2026-03-04T19:25:00,119.96875,120.03125,119.96875,120.0,590
2026-03-04T19:30:00,120.03125,120.0625,120.03125,120.0625,320
2026-03-04T19:35:00,120.0625,120.09375,120.0625,120.09375,344
2026-03-04T19:40:00,120.0625,120.09375,120.03125,120.03125,817
2026-03-04T19:45:00,120.03125,120.03125,119.96875,120.0,2827
2026-03-04T19:50:00,120.0,120.03125,119.96875,120.03125,1354
2026-03-04T19:55:00,120.03125,120.0625,119.96875,119.96875,4446
2026-03-04T20:00:00,120.0,120.0,119.9375,119.96875,1691
2026-03-04T20:05:00,119.9375,119.96875,119.9375,119.9375,1004
2026-03-04T20:10:00,119.9375,119.96875,119.9375,119.96875,1025
2026-03-04T20:15:00,119.9375,119.9375,119.875,119.875,879
2026-03-04T20:20:00,119.875,119.90625,119.875,119.875,1811
2026-03-04T20:25:00,119.875,119.9375,119.875,119.875,1319
2026-03-04T20:30:00,119.875,119.90625,119.875,119.875,376
2026-03-04T20:35:00,119.875,119.875,119.875,119.875,575
2026-03-04T20:40:00,119.875,119.90625,119.875,119.90625,397
2026-03-04T20:45:00,119.875,119.9375,119.875,119.90625,2141
2026-03-04T20:50:00,119.90625,119.9375,119.90625,119.90625,881
2026-03-04T20:55:00,119.875,119.9375,119.78125,119.84375,12685
2026-03-04T21:00:00,119.8125,119.84375,119.75,119.78125,5889
2026-03-04T21:05:00,119.75,119.78125,119.71875,119.71875,1100
2026-03-04T21:10:00,119.71875,119.75,119.6875,119.71875,1524
2026-03-04T21:15:00,119.71875,119.71875,119.65625,119.71875,762
2026-03-04T21:20:00,119.71875,119.71875,119.6875,119.6875,958
2026-03-04T21:25:00,119.71875,119.71875,119.625,119.65625,1070
2026-03-04T21:30:00,119.65625,119.6875,119.625,119.65625,1159
2026-03-04T21:35:00,119.625,119.65625,119.625,119.625,464
2026-03-04T21:40:00,119.625,119.65625,119.625,119.65625,838
2026-03-04T21:45:00,119.65625,119.6875,119.625,119.65625,902
2026-03-04T21:50:00,119.65625,119.6875,119.625,119.65625,797
2026-03-04T21:55:00,119.625,119.625,119.59375,119.59375,677
2026-03-04T23:00:00,119.625,119.6875,119.625,119.625,130
2026-03-04T23:05:00,119.625,119.65625,119.625,119.65625,9
2026-03-04T23:10:00,119.625,119.65625,119.625,119.65625,5
2026-03-04T23:15:00,119.65625,119.6875,119.65625,119.6875,60
2026-03-04T23:20:00,119.6875,119.6875,119.6875,119.6875,120
2026-03-04T23:25:00,119.6875,119.6875,119.6875,119.6875,56
2026-03-04T23:30:00,119.6875,119.6875,119.6875,119.6875,46
2026-03-04T23:35:00,119.6875,119.6875,119.65625,119.65625,50
2026-03-04T23:40:00,119.65625,119.65625,119.65625,119.65625,88
2026-03-04T23:45:00,119.65625,119.65625,119.65625,119.65625,20
2026-03-04T23:50:00,119.65625,119.6875,119.65625,119.6875,184
2026-03-04T23:55:00,119.6875,119.71875,119.6875,119.6875,273
2026-03-05T00:00:00,119.6875,119.6875,119.65625,119.65625,179
2026-03-05T00:05:00,119.65625,119.71875,119.65625,119.6875,335
2026-03-05T00:10:00,119.6875,119.6875,119.6875,119.6875,166
2026-03-05T00:15:00,119.71875,119.71875,119.59375,119.59375,362
2026-03-05T00:20:00,119.59375,119.65625,119.59375,119.59375,311
2026-03-05T00:25:00,119.5625,119.59375,119.5625,119.5625,273
2026-03-05T00:30:00,119.5625,119.59375,119.5625,119.59375,185
2026-03-05T00:35:00,119.59375,119.625,119.59375,119.59375,301
2026-03-05T00:40:00,119.59375,119.625,119.59375,119.625,76
2026-03-05T00:45:00,119.59375,119.625,119.5625,119.5625,126
2026-03-05T00:50:00,119.59375,119.59375,119.59375,119.59375,605
2026-03-05T00:55:00,119.59375,119.59375,119.5625,119.5625,40
2026-03-05T01:00:00,119.5625,119.59375,119.53125,119.5625,564
2026-03-05T01:05:00,119.5625,119.625,119.5625,119.59375,300
2026-03-05T01:10:00,119.59375,119.625,119.59375,119.59375,273
2026-03-05T01:15:00,119.625,119.65625,119.59375,119.65625,227
2026-03-05T01:20:00,119.65625,119.6875,119.625,119.65625,150
2026-03-05T01:25:00,119.65625,119.65625,119.625,119.625,37
2026-03-05T01:30:00,119.65625,119.65625,119.59375,119.59375,134
2026-03-05T01:35:00,119.59375,119.59375,119.53125,119.53125,375
2026-03-05T01:40:00,119.53125,119.59375,119.53125,119.59375,473
2026-03-05T01:45:00,119.5625,119.5625,119.53125,119.53125,122
2026-03-05T01:50:00,119.5625,119.59375,119.53125,119.53125,384
2026-03-05T01:55:00,119.5625,119.5625,119.5,119.5,67
2026-03-05T02:00:00,119.5,119.5,119.40625,119.40625,365
2026-03-05T02:05:00,119.40625,119.40625,119.34375,119.375,915
2026-03-05T02:10:00,119.375,119.4375,119.375,119.40625,395
2026-03-05T02:15:00,119.40625,119.40625,119.40625,119.40625,275
2026-03-05T02:20:00,119.4375,119.4375,119.375,119.40625,581
2026-03-05T02:25:00,119.375,119.375,119.3125,119.3125,556
2026-03-05T02:30:00,119.34375,119.40625,119.34375,119.34375,349
2026-03-05T02:35:00,119.375,119.375,119.375,119.375,92
2026-03-05T02:40:00,119.375,119.40625,119.34375,119.375,234
2026-03-05T02:45:00,119.375,119.40625,119.3125,119.3125,835
2026-03-05T02:50:00,119.34375,119.34375,119.3125,119.34375,702
2026-03-05T02:55:00,119.34375,119.34375,119.3125,119.34375,34
2026-03-05T03:00:00,119.34375,119.34375,119.25,119.28125,333
2026-03-05T03:05:00,119.28125,119.3125,119.28125,119.3125,320
2026-03-05T03:10:00,119.3125,119.34375,119.3125,119.34375,338
2026-03-05T03:15:00,119.34375,119.34375,119.28125,119.3125,175
2026-03-05T03:20:00,119.3125,119.34375,119.28125,119.3125,253
2026-03-05T03:25:00,119.3125,119.34375,119.25,119.28125,558
2026-03-05T03:30:00,119.25,119.28125,119.21875,119.28125,186
2026-03-05T03:35:00,119.28125,119.34375,119.28125,119.3125,861
2026-03-05T03:40:00,119.3125,119.3125,119.28125,119.28125,67
2026-03-05T03:45:00,119.3125,119.3125,119.28125,119.28125,150
2026-03-05T03:50:00,119.28125,119.28125,119.25,119.25,60
2026-03-05T03:55:00,119.28125,119.34375,119.25,119.3125,184
2026-03-05T04:00:00,119.34375,119.34375,119.3125,119.3125,336
2026-03-05T04:05:00,119.34375,119.34375,119.3125,119.3125,81
2026-03-05T04:10:00,119.3125,119.34375,119.3125,119.3125,204
2026-03-05T04:15:00,119.28125,119.28125,119.25,119.25,83
2026-03-05T04:20:00,119.28125,119.28125,119.28125,119.28125,211
2026-03-05T04:25:00,119.28125,119.28125,119.25,119.25,268
2026-03-05T04:30:00,119.25,119.3125,119.25,119.25,330
2026-03-05T04:35:00,119.25,119.28125,119.21875,119.25,258
2026-03-05T04:40:00,119.25,119.3125,119.25,119.28125,250
2026-03-05T04:45:00,119.28125,119.28125,119.25,119.28125,390
2026-03-05T04:50:00,119.25,119.25,119.25,119.25,51
2026-03-05T04:55:00,119.25,119.25,119.1875,119.1875,376
2026-03-05T05:00:00,119.15625,119.1875,119.15625,119.15625,723
2026-03-05T05:05:00,119.15625,119.15625,119.125,119.125,785
2026-03-05T05:10:00,119.125,119.15625,119.125,119.125,190
2026-03-05T05:15:00,119.125,119.125,119.03125,119.09375,1670
2026-03-05T05:20:00,119.09375,119.125,119.0625,119.09375,1010
2026-03-05T05:25:00,119.0625,119.09375,119.0625,119.09375,174
2026-03-05T05:30:00,119.09375,119.09375,119.0625,119.0625,690
2026-03-05T05:35:00,119.0625,119.09375,119.03125,119.0625,307
2026-03-05T05:40:00,119.0625,119.09375,119.0625,119.09375,188
2026-03-05T05:45:00,119.0625,119.0625,119.03125,119.0625,147
2026-03-05T05:50:00,119.03125,119.0625,118.96875,118.96875,613
2026-03-05T05:55:00,118.96875,119.03125,118.9375,119.03125,487
2026-03-05T06:00:00,119.0625,119.09375,119.0625,119.09375,536
2026-03-05T06:05:00,119.0625,119.125,119.0625,119.125,324
2026-03-05T06:10:00,119.15625,119.15625,119.125,119.125,496
2026-03-05T06:15:00,119.15625,119.1875,119.09375,119.125,736
2026-03-05T06:20:00,119.125,119.125,119.125,119.125,315
2026-03-05T06:25:00,119.125,119.15625,119.125,119.15625,63
2026-03-05T06:30:00,119.15625,119.21875,119.125,119.1875,879
2026-03-05T06:35:00,119.21875,119.21875,119.1875,119.21875,378
2026-03-05T06:40:00,119.21875,119.21875,119.1875,119.21875,694
2026-03-05T06:45:00,119.21875,119.21875,119.15625,119.21875,453
2026-03-05T06:50:00,119.21875,119.3125,119.21875,119.25,1340
2026-03-05T06:55:00,119.28125,119.3125,119.21875,119.3125,1287
2026-03-05T07:00:00,119.3125,119.3125,119.21875,119.21875,848
2026-03-05T07:05:00,119.21875,119.28125,119.21875,119.28125,545
2026-03-05T07:10:00,119.25,119.25,119.21875,119.21875,620
2026-03-05T07:15:00,119.21875,119.21875,119.15625,119.21875,837
2026-03-05T07:20:00,119.21875,119.28125,119.21875,119.25,456
2026-03-05T07:25:00,119.21875,119.25,119.1875,119.25,422
2026-03-05T07:30:00,119.21875,119.28125,119.1875,119.1875,526
2026-03-05T07:35:00,119.1875,119.28125,119.1875,119.28125,231
2026-03-05T07:40:00,119.25,119.28125,119.21875,119.21875,421
2026-03-05T07:45:00,119.21875,119.21875,119.15625,119.15625,868
2026-03-05T07:50:00,119.1875,119.21875,119.1875,119.21875,479
2026-03-05T07:55:00,119.21875,119.21875,119.1875,119.1875,435
2026-03-05T08:00:00,119.15625,119.21875,119.15625,119.1875,689
2026-03-05T08:05:00,119.1875,119.28125,119.1875,119.28125,1533
2026-03-05T08:10:00,119.25,119.3125,119.1875,119.1875,1001
2026-03-05T08:15:00,119.1875,119.25,119.15625,119.21875,312
2026-03-05T08:20:00,119.25,119.25,119.1875,119.21875,421
2026-03-05T08:25:00,119.25,119.25,119.15625,119.1875,1183
2026-03-05T08:30:00,119.1875,119.28125,119.1875,119.25,857
2026-03-05T08:35:00,119.21875,119.21875,119.1875,119.1875,658
2026-03-05T08:40:00,119.15625,119.1875,119.15625,119.1875,902
2026-03-05T08:45:00,119.15625,119.1875,119.125,119.1875,678
2026-03-05T08:50:00,119.21875,119.21875,119.125,119.125,776
2026-03-05T08:55:00,119.125,119.21875,119.125,119.21875,606
2026-03-05T09:00:00,119.21875,119.3125,119.1875,119.28125,1811
2026-03-05T09:05:00,119.28125,119.40625,119.28125,119.34375,2707
2026-03-05T09:10:00,119.34375,119.375,119.3125,119.3125,1381
2026-03-05T09:15:00,119.3125,119.3125,119.25,119.25,773
2026-03-05T09:20:00,119.25,119.34375,119.25,119.3125,1525
2026-03-05T09:25:00,119.28125,119.28125,119.25,119.25,918
2026-03-05T09:30:00,119.25,119.28125,119.25,119.25,1067
2026-03-05T09:35:00,119.25,119.28125,119.25,119.28125,376
2026-03-05T09:40:00,119.28125,119.3125,119.21875,119.21875,857
2026-03-05T09:45:00,119.21875,119.25,119.21875,119.25,498
2026-03-05T09:50:00,119.25,119.3125,119.25,119.3125,380
2026-03-05T09:55:00,119.34375,119.34375,119.25,119.25,480
2026-03-05T10:00:00,119.25,119.3125,119.21875,119.3125,614
2026-03-05T10:05:00,119.3125,119.3125,119.28125,119.28125,287
2026-03-05T10:10:00,119.25,119.28125,119.25,119.28125,348
2026-03-05T10:15:00,119.28125,119.28125,119.21875,119.25,119
2026-03-05T10:20:00,119.21875,119.25,119.1875,119.25,613
2026-03-05T10:25:00,119.25,119.3125,119.25,119.28125,751
2026-03-05T10:30:00,119.28125,119.3125,119.28125,119.3125,181
2026-03-05T10:35:00,119.3125,119.34375,119.28125,119.34375,363
2026-03-05T10:40:00,119.34375,119.34375,119.3125,119.3125,205
2026-03-05T10:45:00,119.3125,119.3125,119.25,119.25,430
2026-03-05T10:50:00,119.21875,119.21875,119.1875,119.21875,232
2026-03-05T10:55:00,119.1875,119.21875,119.15625,119.1875,313
2026-03-05T11:00:00,119.1875,119.21875,119.15625,119.21875,433
2026-03-05T11:05:00,119.21875,119.25,119.1875,119.21875,370
2026-03-05T11:10:00,119.21875,119.21875,119.15625,119.1875,375
2026-03-05T11:15:00,119.21875,119.25,119.21875,119.25,184
2026-03-05T11:20:00,119.25,119.25,119.25,119.25,154
2026-03-05T11:25:00,119.25,119.3125,119.25,119.3125,214
2026-03-05T11:30:00,119.28125,119.28125,119.21875,119.25,157
2026-03-05T11:35:00,119.28125,119.3125,119.25,119.28125,462
2026-03-05T11:40:00,119.3125,119.34375,119.28125,119.3125,399
2026-03-05T11:45:00,119.3125,119.375,119.3125,119.3125,1000
2026-03-05T11:50:00,119.3125,119.40625,119.3125,119.34375,2022
2026-03-05T11:55:00,119.375,119.40625,119.34375,119.34375,408
2026-03-05T12:00:00,119.34375,119.34375,119.28125,119.3125,572
2026-03-05T12:05:00,119.34375,119.375,119.28125,119.3125,539
2026-03-05T12:10:00,119.28125,119.34375,119.28125,119.3125,314
2026-03-05T12:15:00,119.3125,119.40625,119.3125,119.40625,380
2026-03-05T12:20:00,119.40625,119.5,119.40625,119.40625,2781
2026-03-05T12:25:00,119.40625,119.40625,119.3125,119.3125,844
2026-03-05T12:30:00,119.3125,119.40625,119.3125,119.34375,3505
2026-03-05T12:35:00,119.34375,119.46875,119.34375,119.46875,3352
2026-03-05T12:40:00,119.5,119.53125,119.40625,119.4375,2764
2026-03-05T12:45:00,119.4375,119.4375,119.34375,119.34375,1563
2026-03-05T12:50:00,119.375,119.375,119.28125,119.3125,2596
2026-03-05T12:55:00,119.34375,119.34375,119.25,119.3125,1021
2026-03-05T13:00:00,119.28125,119.3125,119.15625,119.15625,2166
2026-03-05T13:05:00,119.1875,119.1875,119.125,119.15625,1759
2026-03-05T13:10:00,119.15625,119.28125,119.15625,119.28125,1530
2026-03-05T13:15:00,119.28125,119.3125,119.21875,119.25,2099
2026-03-05T13:20:00,119.25,119.28125,119.15625,119.15625,2235
2026-03-05T13:25:00,119.15625,119.25,119.15625,119.25,1917
2026-03-05T13:30:00,119.21875,119.3125,119.125,119.28125,2260
2026-03-05T13:35:00,119.25,119.28125,119.21875,119.25,2639
2026-03-05T13:40:00,119.25,119.3125,119.1875,119.25,2258
2026-03-05T13:45:00,119.25,119.3125,119.21875,119.28125,2877
2026-03-05T13:50:00,119.3125,119.3125,119.1875,119.1875,1986
2026-03-05T13:55:00,119.15625,119.1875,119.125,119.15625,1717
2026-03-05T14:00:00,119.1875,119.3125,119.15625,119.25,5399
2026-03-05T14:05:00,119.25,119.25,119.1875,119.1875,2486
2026-03-05T14:10:00,119.21875,119.25,119.125,119.125,2404
2026-03-05T14:15:00,119.125,119.125,119.0625,119.09375,2509
2026-03-05T14:20:00,119.09375,119.09375,119.03125,119.09375,3782
2026-03-05T14:25:00,119.0625,119.15625,119.0625,119.15625,3064
2026-03-05T14:30:00,119.15625,119.15625,119.09375,119.125,2968
2026-03-05T14:35:00,119.125,119.1875,119.09375,119.1875,2973
2026-03-05T14:40:00,119.1875,119.21875,119.125,119.125,3346
2026-03-05T14:45:00,119.125,119.15625,119.03125,119.0625,3752
2026-03-05T14:50:00,119.0625,119.0625,118.96875,118.96875,2959
2026-03-05T14:55:00,118.96875,119.1875,118.96875,119.15625,11666
2026-03-05T15:00:00,119.15625,119.28125,119.15625,119.28125,4122
2026-03-05T15:05:00,119.28125,119.34375,119.25,119.25,4338
2026-03-05T15:10:00,119.28125,119.34375,119.25,119.3125,2848
2026-03-05T15:15:00,119.34375,119.40625,119.34375,119.40625,2972
2026-03-05T15:20:00,119.40625,119.4375,119.28125,119.3125,3580
2026-03-05T15:25:00,119.3125,119.3125,119.1875,119.1875,1816
2026-03-05T15:30:00,119.21875,119.28125,119.1875,119.21875,2518
2026-03-05T15:35:00,119.21875,119.28125,119.1875,119.28125,1749
2026-03-05T15:40:00,119.28125,119.28125,119.21875,119.21875,2598
2026-03-05T15:45:00,119.1875,119.28125,119.1875,119.21875,1466
2026-03-05T15:50:00,119.25,119.34375,119.21875,119.3125,2746
2026-03-05T15:55:00,119.3125,119.34375,119.25,119.3125,3025
2026-03-05T16:00:00,119.34375,119.34375,119.1875,119.1875,4565
2026-03-05T16:05:00,119.1875,119.1875,119.09375,119.09375,2557
2026-03-05T16:10:00,119.09375,119.25,119.0625,119.21875,3310
2026-03-05T16:15:00,119.21875,119.21875,119.125,119.125,1778
2026-03-05T16:20:00,119.125,119.125,119.0625,119.09375,2899
2026-03-05T16:25:00,119.09375,119.15625,119.09375,119.09375,1723
2026-03-05T16:30:00,119.0625,119.125,119.03125,119.125,4025
2026-03-05T16:35:00,119.125,119.15625,119.09375,119.09375,1238
2026-03-05T16:40:00,119.125,119.1875,119.125,119.125,2344
2026-03-05T16:45:00,119.125,119.15625,119.09375,119.15625,1825
2026-03-05T16:50:00,119.1875,119.3125,119.1875,119.28125,4207
2026-03-05T16:55:00,119.3125,119.375,119.28125,119.34375,3989
2026-03-05T17:00:00,119.34375,119.375,119.3125,119.34375,2876
2026-03-05T17:05:00,119.375,119.375,119.28125,119.3125,2873
2026-03-05T17:10:00,119.28125,119.28125,119.25,119.28125,2436
2026-03-05T17:15:00,119.25,119.3125,119.25,119.3125,1492
2026-03-05T17:20:00,119.3125,119.34375,119.3125,119.34375,2295
2026-03-05T17:25:00,119.34375,119.34375,119.25,119.25,1918
2026-03-05T17:30:00,119.25,119.25,119.1875,119.21875,2639
2026-03-05T17:35:00,119.1875,119.28125,119.125,119.25,3756
2026-03-05T17:40:00,119.25,119.28125,119.21875,119.21875,1811
2026-03-05T17:45:00,119.21875,119.25,119.1875,119.21875,1952
2026-03-05T17:50:00,119.21875,119.28125,119.21875,119.25,1287
2026-03-05T17:55:00,119.25,119.34375,119.25,119.3125,2691
2026-03-05T18:00:00,119.3125,119.375,119.28125,119.375,4090
2026-03-05T18:05:00,119.375,119.40625,119.34375,119.40625,1768
2026-03-05T18:10:00,119.40625,119.4375,119.375,119.375,1852
2026-03-05T18:15:00,119.34375,119.34375,119.25,119.25,2785
2026-03-05T18:20:00,119.28125,119.28125,119.25,119.28125,869
2026-03-05T18:25:00,119.28125,119.3125,119.25,119.28125,1968
2026-03-05T18:30:00,119.28125,119.3125,119.28125,119.28125,2550
2026-03-05T18:35:00,119.28125,119.28125,119.25,119.25,529
2026-03-05T18:40:00,119.28125,119.375,119.28125,119.375,2368
2026-03-05T18:45:00,119.375,119.375,119.3125,119.34375,3613
2026-03-05T18:50:00,119.3125,119.34375,119.28125,119.3125,2592
2026-03-05T18:55:00,119.3125,119.46875,119.3125,119.4375,8320
2026-03-05T19:00:00,119.4375,119.53125,119.40625,119.46875,9857
2026-03-05T19:05:00,119.46875,119.5625,119.46875,119.5625,2737
2026-03-05T19:10:00,119.53125,119.5625,119.46875,119.46875,2701
2026-03-05T19:15:00,119.46875,119.53125,119.46875,119.53125,1717
2026-03-05T19:20:00,119.5625,119.5625,119.46875,119.46875,896
2026-03-05T19:25:00,119.5,119.5,119.4375,119.4375,947
2026-03-05T19:30:00,119.4375,119.46875,119.375,119.40625,2136
2026-03-05T19:35:00,119.375,119.40625,119.28125,119.28125,2681
2026-03-05T19:40:00,119.28125,119.3125,119.21875,119.28125,5335
2026-03-05T19:45:00,119.28125,119.28125,119.25,119.28125,1981
2026-03-05T19:50:00,119.28125,119.34375,119.28125,119.34375,2717
2026-03-05T19:55:00,119.34375,119.375,119.25,119.28125,6032
2026-03-05T20:00:00,119.25,119.375,119.21875,119.34375,5204
2026-03-05T20:05:00,119.34375,119.40625,119.3125,119.40625,3886
2026-03-05T20:10:00,119.40625,119.5,119.375,119.46875,4256
2026-03-05T20:15:00,119.46875,119.5,119.40625,119.4375,5040
2026-03-05T20:20:00,119.4375,119.46875,119.40625,119.4375,3176
2026-03-05T20:25:00,119.4375,119.5,119.4375,119.46875,2150
2026-03-05T20:30:00,119.46875,119.5,119.40625,119.46875,2533
2026-03-05T20:35:00,119.46875,119.53125,119.4375,119.5,1453
2026-03-05T20:40:00,119.46875,119.46875,119.40625,119.4375,2529
2026-03-05T20:45:00,119.40625,119.4375,119.40625,119.4375,2537
2026-03-05T20:50:00,119.40625,119.46875,119.375,119.46875,4850
2026-03-05T20:55:00,119.4375,119.46875,119.375,119.40625,6036
2026-03-05T21:00:00,119.4375,119.4375,119.3125,119.375,4499
2026-03-05T21:05:00,119.40625,119.40625,119.375,119.40625,3863
2026-03-05T21:10:00,119.375,119.4375,119.34375,119.375,1478
2026-03-05T21:15:00,119.375,119.375,119.3125,119.3125,2388
2026-03-05T21:20:00,119.3125,119.3125,119.21875,119.21875,2099
2026-03-05T21:25:00,119.21875,119.25,119.21875,119.21875,500
2026-03-05T21:30:00,119.25,119.28125,119.21875,119.21875,1732
2026-03-05T21:35:00,119.21875,119.28125,119.21875,119.25,1331
2026-03-05T21:40:00,119.21875,119.25,119.21875,119.25,661
2026-03-05T21:45:00,119.25,119.25,119.15625,119.1875,1834
2026-03-05T21:50:00,119.1875,119.28125,119.15625,119.28125,966
2026-03-05T21:55:00,119.25,119.28125,119.21875,119.21875,1127
2026-03-05T23:00:00,119.25,119.3125,119.25,119.25,112
2026-03-05T23:05:00,119.28125,119.34375,119.28125,119.28125,168
2026-03-05T23:10:00,119.3125,119.34375,119.3125,119.34375,161
2026-03-05T23:15:00,119.34375,119.40625,119.28125,119.28125,487
2026-03-05T23:20:00,119.28125,119.375,119.25,119.375,428
2026-03-05T23:25:00,119.375,119.375,119.3125,119.3125,41
2026-03-05T23:30:00,119.3125,119.3125,119.28125,119.28125,113
2026-03-05T23:35:00,119.28125,119.28125,119.25,119.28125,50
2026-03-05T23:40:00,119.3125,119.3125,119.25,119.25,142
2026-03-05T23:45:00,119.25,119.28125,119.25,119.25,207
2026-03-05T23:50:00,119.28125,119.28125,119.25,119.25,252
2026-03-05T23:55:00,119.25,119.25,119.21875,119.21875,123
2026-03-06T00:00:00,119.21875,119.28125,119.1875,119.21875,191
2026-03-06T00:05:00,119.21875,119.25,119.1875,119.1875,107
2026-03-06T00:10:00,119.21875,119.25,119.1875,119.21875,136
2026-03-06T00:15:00,119.25,119.3125,119.21875,119.3125,246
2026-03-06T00:20:00,119.34375,119.34375,119.25,119.28125,246
2026-03-06T00:25:00,119.25,119.28125,119.25,119.28125,97
2026-03-06T00:30:00,119.28125,119.28125,119.25,119.25,225
2026-03-06T00:35:00,119.28125,119.28125,119.21875,119.21875,233
2026-03-06T00:40:00,119.25,119.25,119.1875,119.1875,59
2026-03-06T00:45:00,119.1875,119.21875,119.15625,119.15625,250
2026-03-06T00:50:00,119.1875,119.25,119.1875,119.21875,105
2026-03-06T00:55:00,119.21875,119.25,119.21875,119.21875,34
2026-03-06T01:00:00,119.21875,119.25,119.21875,119.25,469
2026-03-06T01:05:00,119.25,119.25,119.21875,119.25,280
2026-03-06T01:10:00,119.25,119.28125,119.25,119.25,426
2026-03-06T01:15:00,119.25,119.25,119.1875,119.21875,191
2026-03-06T01:20:00,119.21875,119.25,119.1875,119.21875,100
2026-03-06T01:25:00,119.25,119.25,119.21875,119.21875,28
2026-03-06T01:30:00,119.21875,119.28125,119.1875,119.25,276
2026-03-06T01:35:00,119.25,119.25,119.1875,119.21875,88
2026-03-06T01:40:00,119.21875,119.21875,119.21875,119.21875,43
2026-03-06T01:45:00,119.21875,119.28125,119.21875,119.25,214
2026-03-06T01:50:00,119.25,119.28125,119.21875,119.25,393
2026-03-06T01:55:00,119.25,119.25,119.21875,119.21875,101
2026-03-06T02:00:00,119.25,119.3125,119.25,119.28125,63
2026-03-06T02:05:00,119.28125,119.3125,119.28125,119.3125,567
2026-03-06T02:10:00,119.3125,119.375,119.3125,119.375,498
2026-03-06T02:15:00,119.375,119.375,119.34375,119.34375,125
2026-03-06T02:20:00,119.34375,119.375,119.34375,119.34375,55
2026-03-06T02:25:00,119.375,119.40625,119.3125,119.3125,286
2026-03-06T02:30:00,119.34375,119.34375,119.28125,119.3125,304
2026-03-06T02:35:00,119.28125,119.34375,119.25,119.34375,186
2026-03-06T02:40:00,119.34375,119.375,119.3125,119.34375,64
2026-03-06T02:45:00,119.34375,119.375,119.34375,119.34375,25
2026-03-06T02:50:00,119.34375,119.34375,119.3125,119.34375,45
2026-03-06T02:55:00,119.34375,119.34375,119.28125,119.3125,85
2026-03-06T03:00:00,119.3125,119.34375,119.3125,119.3125,139
2026-03-06T03:05:00,119.3125,119.3125,119.28125,119.28125,59
2026-03-06T03:10:00,119.28125,119.3125,119.28125,119.3125,116
2026-03-06T03:15:00,119.34375,119.34375,119.3125,119.3125,270
2026-03-06T03:20:00,119.3125,119.3125,119.28125,119.28125,66
2026-03-06T03:25:00,119.28125,119.28125,119.25,119.25,149
2026-03-06T03:30:00,119.25,119.28125,119.21875,119.28125,96
2026-03-06T03:35:00,119.28125,119.28125,119.25,119.28125,351
2026-03-06T03:40:00,119.25,119.25,119.21875,119.25,81
2026-03-06T03:45:00,119.21875,119.25,119.21875,119.25,90
2026-03-06T03:50:00,119.25,119.25,119.21875,119.21875,1833
2026-03-06T03:55:00,119.21875,119.21875,119.1875,119.21875,456
2026-03-06T04:00:00,119.21875,119.25,119.21875,119.25,336
2026-03-06T04:05:00,119.21875,119.21875,119.21875,119.21875,71
2026-03-06T04:10:00,119.21875,119.25,119.1875,119.21875,97
2026-03-06T04:15:00,119.21875,119.28125,119.21875,119.28125,77
2026-03-06T04:20:00,119.28125,119.28125,119.25,119.25,132
2026-03-06T04:25:00,119.25,119.25,119.21875,119.21875,145
2026-03-06T04:30:00,119.21875,119.21875,119.1875,119.1875,211
2026-03-06T04:35:00,119.1875,119.21875,119.1875,119.1875,365
2026-03-06T04:40:00,119.1875,119.21875,119.1875,119.1875,46
2026-03-06T04:45:00,119.21875,119.21875,119.21875,119.21875,135
2026-03-06T04:50:00,119.1875,119.1875,119.1875,119.1875,2
2026-03-06T05:00:00,119.21875,119.21875,119.1875,119.1875,205
2026-03-06T05:05:00,119.1875,119.1875,119.1875,119.1875,104
2026-03-06T05:10:00,119.1875,119.1875,119.1875,119.1875,29
2026-03-06T05:15:00,119.21875,119.21875,119.1875,119.1875,40
2026-03-06T05:20:00,119.21875,119.25,119.21875,119.21875,339
2026-03-06T05:25:00,119.21875,119.21875,119.1875,119.21875,407
2026-03-06T05:30:00,119.21875,119.25,119.21875,119.21875,82
2026-03-06T05:35:00,119.25,119.25,119.1875,119.21875,143
2026-03-06T05:40:00,119.21875,119.25,119.21875,119.21875,56
2026-03-06T05:45:00,119.21875,119.21875,119.21875,119.21875,155
2026-03-06T05:50:00,119.21875,119.25,119.21875,119.21875,124
2026-03-06T05:55:00,119.21875,119.21875,119.21875,119.21875,76
2026-03-06T06:00:00,119.1875,119.1875,119.1875,119.1875,19
2026-03-06T06:05:00,119.15625,119.15625,119.15625,119.15625,93
2026-03-06T06:10:00,119.1875,119.1875,119.125,119.15625,1052
2026-03-06T06:15:00,119.15625,119.15625,119.125,119.15625,68
2026-03-06T06:20:00,119.15625,119.15625,119.09375,119.125,120
2026-03-06T06:25:00,119.125,119.125,119.125,119.125,190
2026-03-06T06:30:00,119.125,119.15625,119.125,119.15625,111
2026-03-06T06:35:00,119.125,119.15625,119.125,119.15625,18
2026-03-06T06:40:00,119.15625,119.15625,119.125,119.125,426
2026-03-06T06:45:00,119.125,119.125,119.125,119.125,59
2026-03-06T06:50:00,119.15625,119.1875,119.15625,119.1875,201
2026-03-06T06:55:00,119.1875,119.1875,119.15625,119.15625,117
2026-03-06T07:00:00,119.125,119.15625,119.125,119.15625,220
2026-03-06T07:05:00,119.125,119.125,119.09375,119.125,450
2026-03-06T07:10:00,119.125,119.125,119.0625,119.09375,406
2026-03-06T07:15:00,119.125,119.15625,119.125,119.125,132
2026-03-06T07:20:00,119.15625,119.1875,119.15625,119.1875,473
2026-03-06T07:25:00,119.1875,119.1875,119.125,119.125,260
2026-03-06T07:30:00,119.15625,119.21875,119.15625,119.1875,747
2026-03-06T07:35:00,119.1875,119.1875,119.0625,119.0625,662
2026-03-06T07:40:00,119.09375,119.09375,119.0625,119.0625,782
2026-03-06T07:45:00,119.0625,119.09375,119.0625,119.09375,529
2026-03-06T07:50:00,119.09375,119.15625,119.09375,119.125,208
2026-03-06T07:55:00,119.125,119.125,119.0625,119.0625,226
2026-03-06T08:00:00,119.0625,119.0625,118.9375,118.96875,1167
2026-03-06T08:05:00,118.96875,119.0,118.9375,118.9375,613
2026-03-06T08:10:00,118.96875,119.03125,118.96875,119.0,778
2026-03-06T08:15:00,119.0,119.03125,118.90625,118.9375,305
2026-03-06T08:20:00,118.96875,119.0,118.96875,119.0,856
2026-03-06T08:25:00,118.96875,119.0,118.96875,118.96875,262
2026-03-06T08:30:00,119.0,119.09375,118.96875,119.03125,1140
2026-03-06T08:35:00,119.03125,119.03125,119.0,119.03125,465
2026-03-06T08:40:00,119.0625,119.09375,119.0,119.0625,1258
2026-03-06T08:45:00,119.0625,119.15625,119.0625,119.125,1762
2026-03-06T08:50:00,119.125,119.15625,119.09375,119.09375,422
2026-03-06T08:55:00,119.09375,119.125,119.0625,119.09375,447
2026-03-06T09:00:00,119.09375,119.125,119.0,119.03125,1031
2026-03-06T09:05:00,119.03125,119.0625,119.0,119.0,1744
2026-03-06T09:10:00,119.0,119.0,118.90625,118.9375,2199
2026-03-06T09:15:00,118.9375,119.0,118.90625,118.96875,1297
2026-03-06T09:20:00,118.96875,118.96875,118.90625,118.96875,1063
2026-03-06T09:25:00,118.96875,118.96875,118.875,118.875,1161
2026-03-06T09:30:00,118.875,118.9375,118.84375,118.84375,1701
2026-03-06T09:35:00,118.8125,118.875,118.8125,118.84375,839
2026-03-06T09:40:00,118.84375,118.90625,118.84375,118.875,788
2026-03-06T09:45:00,118.90625,118.9375,118.875,118.875,1586
2026-03-06T09:50:00,118.84375,118.875,118.78125,118.8125,835
2026-03-06T09:55:00,118.84375,118.875,118.84375,118.84375,1084
2026-03-06T10:00:00,118.84375,118.90625,118.8125,118.875,1244
2026-03-06T10:05:00,118.875,118.90625,118.8125,118.84375,705
2026-03-06T10:10:00,118.84375,118.875,118.78125,118.8125,526
2026-03-06T10:15:00,118.8125,118.84375,118.8125,118.84375,361
2026-03-06T10:20:00,118.84375,118.84375,118.78125,118.8125,548
2026-03-06T10:25:00,118.8125,118.875,118.78125,118.84375,922
2026-03-06T10:30:00,118.875,118.875,118.8125,118.84375,492
2026-03-06T10:35:00,118.84375,118.90625,118.84375,118.875,508
2026-03-06T10:40:00,118.84375,118.84375,118.78125,118.78125,912
2026-03-06T10:45:00,118.8125,118.84375,118.8125,118.8125,612
2026-03-06T10:50:00,118.8125,118.84375,118.8125,118.8125,526
2026-03-06T10:55:00,118.8125,118.8125,118.75,118.78125,735
2026-03-06T11:00:00,118.75,118.75,118.6875,118.71875,716
2026-03-06T11:05:00,118.71875,118.8125,118.71875,118.8125,601
2026-03-06T11:10:00,118.8125,118.875,118.78125,118.84375,343
2026-03-06T11:15:00,118.8125,118.84375,118.78125,118.8125,330
2026-03-06T11:20:00,118.8125,118.84375,118.8125,118.8125,232
2026-03-06T11:25:00,118.8125,118.8125,118.75,118.75,853
2026-03-06T11:30:00,118.78125,118.8125,118.78125,118.78125,116
2026-03-06T11:35:00,118.78125,118.78125,118.75,118.75,355
2026-03-06T11:40:00,118.75,118.75,118.71875,118.75,1113
2026-03-06T11:45:00,118.75,118.84375,118.75,118.84375,619
2026-03-06T11:50:00,118.84375,118.875,118.78125,118.78125,550
2026-03-06T11:55:00,118.78125,118.8125,118.75,118.8125,766
2026-03-06T12:00:00,118.8125,118.8125,118.75,118.78125,566
2026-03-06T12:05:00,118.78125,118.8125,118.75,118.8125,485
2026-03-06T12:10:00,118.8125,118.8125,118.71875,118.71875,1371
2026-03-06T12:15:00,118.75,118.84375,118.75,118.84375,1399
2026-03-06T12:20:00,118.84375,118.90625,118.8125,118.84375,1178
2026-03-06T12:25:00,118.875,118.90625,118.78125,118.78125,810
2026-03-06T12:30:00,118.78125,118.875,118.75,118.875,603
2026-03-06T12:35:00,118.875,118.875,118.84375,118.875,1079
2026-03-06T12:40:00,118.875,118.90625,118.84375,118.875,1182
2026-03-06T12:45:00,118.875,118.90625,118.71875,118.71875,2375
2026-03-06T12:50:00,118.71875,118.78125,118.71875,118.78125,1117
2026-03-06T12:55:00,118.78125,118.875,118.78125,118.84375,1284
2026-03-06T13:00:00,118.875,118.9375,118.84375,118.90625,2797
2026-03-06T13:05:00,118.90625,118.96875,118.90625,118.90625,1453
2026-03-06T13:10:00,118.90625,118.96875,118.90625,118.9375,1773
2026-03-06T13:15:00,118.9375,118.9375,118.875,118.875,1340
2026-03-06T13:20:00,118.90625,119.03125,118.90625,118.96875,2408
2026-03-06T13:25:00,118.96875,118.96875,118.90625,118.96875,1903
2026-03-06T13:30:00,118.96875,119.625,118.9375,119.5625,15124
2026-03-06T13:35:00,119.59375,119.625,119.46875,119.5625,6487
2026-03-06T13:40:00,119.5625,119.5625,119.3125,119.46875,7092
2026-03-06T13:45:00,119.4375,119.4375,119.21875,119.28125,6396
2026-03-06T13:50:00,119.28125,119.3125,119.125,119.125,4655
2026-03-06T13:55:00,119.125,119.3125,119.125,119.21875,3801
2026-03-06T14:00:00,119.21875,119.25,119.03125,119.03125,4642
2026-03-06T14:05:00,119.0625,119.15625,119.03125,119.125,3337
2026-03-06T14:10:00,119.125,119.15625,118.96875,119.09375,5367
2026-03-06T14:15:00,119.09375,119.09375,118.90625,118.96875,4643
2026-03-06T14:20:00,118.96875,118.96875,118.8125,118.8125,4451
2026-03-06T14:25:00,118.78125,118.78125,118.65625,118.75,6010
2026-03-06T14:30:00,118.78125,118.8125,118.5,118.5,6994
2026-03-06T14:35:00,118.5,118.53125,118.375,118.40625,8190
2026-03-06T14:40:00,118.4375,118.6875,118.4375,118.53125,6017
2026-03-06T14:45:00,118.53125,118.53125,118.34375,118.5,8501
2026-03-06T14:50:00,118.5,118.625,118.46875,118.5625,5672
2026-03-06T14:55:00,118.53125,118.6875,118.5,118.65625,4578
2026-03-06T15:00:00,118.625,118.65625,118.46875,118.46875,6351
2026-03-06T15:05:00,118.46875,118.46875,118.34375,118.40625,4747
2026-03-06T15:10:00,118.40625,118.53125,118.375,118.53125,4339
2026-03-06T15:15:00,118.53125,118.625,118.46875,118.59375,3695
2026-03-06T15:20:00,118.59375,118.71875,118.5625,118.6875,3348
2026-03-06T15:25:00,118.6875,118.6875,118.53125,118.5625,3531
2026-03-06T15:30:00,118.5625,118.65625,118.46875,118.5,4907
2026-03-06T15:35:00,118.5,118.71875,118.46875,118.71875,4000
2026-03-06T15:40:00,118.71875,118.78125,118.6875,118.75,3419
2026-03-06T15:45:00,118.78125,118.8125,118.6875,118.78125,3498
2026-03-06T15:50:00,118.78125,118.90625,118.71875,118.75,3429
2026-03-06T15:55:00,118.75,118.75,118.6875,118.71875,3197
2026-03-06T16:00:00,118.71875,118.8125,118.71875,118.8125,3434
2026-03-06T16:05:00,118.78125,118.8125,118.6875,118.75,4297
2026-03-06T16:10:00,118.71875,118.75,118.65625,118.6875,2784
2026-03-06T16:15:00,118.65625,118.71875,118.65625,118.71875,1921
2026-03-06T16:20:00,118.71875,118.75,118.65625,118.71875,2045
2026-03-06T16:25:00,118.71875,118.8125,118.65625,118.8125,2977
2026-03-06T16:30:00,118.78125,118.84375,118.75,118.84375,2841
2026-03-06T16:35:00,118.84375,118.875,118.78125,118.78125,2759
2026-03-06T16:40:00,118.8125,118.96875,118.8125,118.9375,2020
2026-03-06T16:45:00,118.96875,119.09375,118.96875,119.09375,2660
2026-03-06T16:50:00,119.09375,119.15625,119.03125,119.09375,3387
2026-03-06T16:55:00,119.09375,119.09375,119.03125,119.0625,2717
2026-03-06T17:00:00,119.03125,119.0625,119.0,119.0625,3403
2026-03-06T17:05:00,119.0625,119.125,119.03125,119.125,2103
2026-03-06T17:10:00,119.125,119.25,119.09375,119.21875,2517
2026-03-06T17:15:00,119.21875,119.3125,119.1875,119.28125,4747
2026-03-06T17:20:00,119.3125,119.375,119.25,119.34375,3435
2026-03-06T17:25:00,119.375,119.375,119.28125,119.34375,1616
2026-03-06T17:30:00,119.3125,119.3125,119.25,119.3125,3427
2026-03-06T17:35:00,119.3125,119.3125,119.1875,119.21875,2888
2026-03-06T17:40:00,119.21875,119.21875,119.15625,119.1875,1789
2026-03-06T17:45:00,119.21875,119.40625,119.21875,119.40625,3305
2026-03-06T17:50:00,119.40625,119.4375,119.25,119.28125,2427
2026-03-06T17:55:00,119.3125,119.40625,119.28125,119.3125,1772
2026-03-06T18:00:00,119.3125,119.53125,119.3125,119.40625,2684
2026-03-06T18:05:00,119.4375,119.5,119.40625,119.5,3263
2026-03-06T18:10:00,119.46875,119.5625,119.46875,119.5,2171
2026-03-06T18:15:00,119.5,119.5,119.4375,119.46875,2166
2026-03-06T18:20:00,119.5,119.5,119.46875,119.46875,1501
2026-03-06T18:25:00,119.46875,119.46875,119.40625,119.4375,1629
2026-03-06T18:30:00,119.4375,119.5,119.4375,119.46875,1299
2026-03-06T18:35:00,119.5,119.5,119.40625,119.4375,1195
2026-03-06T18:40:00,119.4375,119.46875,119.4375,119.4375,1913
2026-03-06T18:45:00,119.4375,119.4375,119.375,119.375,1870
2026-03-06T18:50:00,119.40625,119.40625,119.34375,119.34375,1436
2026-03-06T18:55:00,119.34375,119.40625,119.34375,119.40625,1657
2026-03-06T19:00:00,119.40625,119.4375,119.375,119.40625,577
2026-03-06T19:05:00,119.375,119.4375,119.375,119.4375,1348
2026-03-06T19:10:00,119.4375,119.46875,119.40625,119.46875,2396
2026-03-06T19:15:00,119.46875,119.46875,119.4375,119.4375,1097
2026-03-06T19:20:00,119.40625,119.40625,119.34375,119.375,2267
2026-03-06T19:25:00,119.34375,119.375,119.3125,119.3125,2251
2026-03-06T19:30:00,119.3125,119.375,119.28125,119.34375,850
2026-03-06T19:35:00,119.375,119.375,119.34375,119.375,1803
2026-03-06T19:40:00,119.34375,119.375,119.3125,119.375,1310
2026-03-06T19:45:00,119.375,119.40625,119.34375,119.40625,748
2026-03-06T19:50:00,119.375,119.4375,119.375,119.4375,1685
2026-03-06T19:55:00,119.4375,119.46875,119.21875,119.21875,6087
2026-03-06T20:00:00,119.25,119.25,119.09375,119.09375,3759
2026-03-06T20:05:00,119.09375,119.15625,119.09375,119.15625,1104
2026-03-06T20:10:00,119.15625,119.15625,119.09375,119.125,3006
2026-03-06T20:15:00,119.125,119.125,119.0625,119.0625,1090
2026-03-06T20:20:00,119.0625,119.125,119.0625,119.09375,2245
2026-03-06T20:25:00,119.09375,119.09375,119.0,119.03125,1298
2026-03-06T20:30:00,119.03125,119.0625,119.03125,119.0625,975
2026-03-06T20:35:00,119.0625,119.09375,119.0,119.0625,2806
2026-03-06T20:40:00,119.0625,119.09375,119.03125,119.0625,1077
2026-03-06T20:45:00,119.0625,119.125,119.0625,119.0625,960
2026-03-06T20:50:00,119.03125,119.0625,119.0,119.0,2434
2026-03-06T20:55:00,119.03125,119.0625,118.9375,118.96875,8191
2026-03-06T21:00:00,119.0,119.09375,118.96875,119.0625,5490
2026-03-06T21:05:00,119.09375,119.125,119.09375,119.125,571
2026-03-06T21:10:00,119.09375,119.125,119.09375,119.09375,933
2026-03-06T21:15:00,119.09375,119.09375,119.03125,119.03125,928
2026-03-06T21:20:00,119.0625,119.0625,119.03125,119.0625,1502
2026-03-06T21:25:00,119.0625,119.0625,119.03125,119.0625,726
2026-03-06T21:30:00,119.09375,119.09375,119.0625,119.09375,990
2026-03-06T21:35:00,119.09375,119.21875,119.09375,119.21875,1304
2026-03-06T21:40:00,119.21875,119.21875,119.15625,119.15625,1413
2026-03-06T21:45:00,119.15625,119.1875,119.125,119.15625,524
2026-03-06T21:50:00,119.15625,119.1875,119.125,119.125,557
2026-03-06T21:55:00,119.15625,119.15625,119.09375,119.15625,414
2026-03-08T22:00:00,118.8125,118.84375,118.53125,118.5625,712
2026-03-08T22:05:00,118.5625,118.59375,118.4375,118.4375,455
2026-03-08T22:10:00,118.46875,118.5,118.40625,118.5,414
2026-03-08T22:15:00,118.46875,118.5,118.40625,118.5,743
2026-03-08T22:20:00,118.5,118.53125,118.46875,118.46875,524
2026-03-08T22:25:00,118.46875,118.46875,118.4375,118.4375,312
2026-03-08T22:30:00,118.40625,118.40625,118.3125,118.3125,480
2026-03-08T22:35:00,118.34375,118.4375,118.3125,118.4375,464
2026-03-08T22:40:00,118.40625,118.46875,118.375,118.4375,402
2026-03-08T22:45:00,118.4375,118.5,118.375,118.5,289
2026-03-08T22:50:00,118.5,118.65625,118.46875,118.59375,844
2026-03-08T22:55:00,118.59375,118.6875,118.59375,118.65625,539
2026-03-08T23:00:00,118.65625,118.65625,118.53125,118.5625,456
2026-03-08T23:05:00,118.59375,118.625,118.5,118.5625,192
2026-03-08T23:10:00,118.59375,118.59375,118.53125,118.53125,131
2026-03-08T23:15:00,118.53125,118.5625,118.5,118.53125,113
2026-03-08T23:20:00,118.53125,118.5625,118.53125,118.53125,31
2026-03-08T23:25:00,118.5625,118.5625,118.53125,118.53125,81
2026-03-08T23:30:00,118.53125,118.6875,118.53125,118.65625,701
2026-03-08T23:35:00,118.6875,118.71875,118.625,118.625,574
2026-03-08T23:40:00,118.625,118.65625,118.59375,118.625,409
2026-03-08T23:45:00,118.625,118.625,118.5,118.53125,572
2026-03-08T23:50:00,118.5,118.53125,118.46875,118.53125,551
2026-03-08T23:55:00,118.53125,118.53125,118.375,118.46875,1037
2026-03-09T00:00:00,118.4375,118.46875,118.375,118.375,1044
2026-03-09T00:05:00,118.34375,118.40625,118.34375,118.34375,1222
2026-03-09T00:10:00,118.3125,118.40625,118.28125,118.375,631
2026-03-09T00:15:00,118.40625,118.46875,118.375,118.4375,773
2026-03-09T00:20:00,118.4375,118.5,118.375,118.46875,619
2026-03-09T00:25:00,118.4375,118.46875,118.40625,118.40625,367
2026-03-09T00:30:00,118.40625,118.40625,118.375,118.375,398
2026-03-09T00:35:00,118.375,118.4375,118.34375,118.375,1045
2026-03-09T00:40:00,118.375,118.40625,118.34375,118.375,760
2026-03-09T00:45:00,118.40625,118.46875,118.40625,118.40625,600
2026-03-09T00:50:00,118.40625,118.5625,118.40625,118.53125,1451
2026-03-09T00:55:00,118.5,118.59375,118.46875,118.5625,445
2026-03-09T01:00:00,118.53125,118.5625,118.46875,118.5,900
2026-03-09T01:05:00,118.46875,118.53125,118.46875,118.5,980
2026-03-09T01:10:00,118.46875,118.5,118.34375,118.34375,524
2026-03-09T01:15:00,118.34375,118.375,118.28125,118.34375,932
2026-03-09T01:20:00,118.34375,118.375,118.3125,118.34375,522
2026-03-09T01:25:00,118.34375,118.34375,118.21875,118.28125,1041
2026-03-09T01:30:00,118.28125,118.3125,118.21875,118.3125,828
2026-03-09T01:35:00,118.28125,118.375,118.25,118.375,758
2026-03-09T01:40:00,118.375,118.375,118.28125,118.28125,969
2026-03-09T01:45:00,118.25,118.28125,118.21875,118.28125,727
2026-03-09T01:50:00,118.25,118.25,118.125,118.125,1981
2026-03-09T01:55:00,118.125,118.1875,118.03125,118.0625,1381
2026-03-09T02:00:00,118.0625,118.125,118.0625,118.09375,760
2026-03-09T02:05:00,118.0625,118.09375,118.03125,118.0625,485
2026-03-09T02:10:00,118.0625,118.09375,118.0,118.0,945
2026-03-09T02:15:00,118.0,118.03125,117.875,117.90625,997
2026-03-09T02:20:00,117.90625,118.0,117.875,117.96875,1027
2026-03-09T02:25:00,118.0,118.0,117.90625,117.9375,614
2026-03-09T02:30:00,117.9375,117.9375,117.84375,117.90625,854
2026-03-09T02:35:00,117.9375,117.96875,117.90625,117.96875,608
2026-03-09T02:40:00,117.96875,117.96875,117.9375,117.96875,471
2026-03-09T02:45:00,118.0,118.03125,117.96875,118.0,499
2026-03-09T02:50:00,118.0,118.03125,117.96875,118.03125,359
2026-03-09T02:55:00,118.03125,118.09375,118.0,118.0625,708
2026-03-09T03:00:00,118.0625,118.09375,118.0625,118.0625,251
2026-03-09T03:05:00,118.0625,118.1875,118.0625,118.15625,594
2026-03-09T03:10:00,118.15625,118.21875,118.15625,118.15625,548
2026-03-09T03:15:00,118.15625,118.1875,118.15625,118.15625,277
2026-03-09T03:20:00,118.15625,118.1875,118.15625,118.15625,304
2026-03-09T03:25:00,118.125,118.1875,118.09375,118.15625,222
2026-03-09T03:30:00,118.15625,118.1875,118.125,118.15625,524
2026-03-09T03:35:00,118.15625,118.1875,118.125,118.125,826
2026-03-09T03:40:00,118.125,118.125,118.0625,118.09375,469
2026-03-09T03:45:00,118.09375,118.125,118.0625,118.09375,638
2026-03-09T03:50:00,118.125,118.15625,118.125,118.125,602
2026-03-09T03:55:00,118.09375,118.09375,118.03125,118.03125,780
2026-03-09T04:00:00,118.03125,118.0625,118.0,118.03125,359
2026-03-09T04:05:00,118.0625,118.0625,118.0,118.0,427
2026-03-09T04:10:00,118.0,118.0,117.9375,117.96875,497
2026-03-09T04:15:00,117.96875,118.0,117.9375,117.96875,376
2026-03-09T04:20:00,117.96875,117.96875,117.96875,117.96875,89
2026-03-09T04:25:00,118.0,118.03125,118.0,118.0,252
2026-03-09T04:30:00,118.03125,118.03125,118.0,118.0,340
2026-03-09T04:35:00,118.0,118.0,117.96875,117.96875,184
2026-03-09T04:40:00,117.96875,117.96875,117.90625,117.90625,118
2026-03-09T04:45:00,117.875,117.90625,117.84375,117.875,479
2026-03-09T04:50:00,117.875,117.96875,117.875,117.96875,284
2026-03-09T04:55:00,117.9375,117.96875,117.9375,117.9375,153
2026-03-09T05:00:00,117.96875,117.96875,117.9375,117.96875,249
2026-03-09T05:05:00,118.0,118.09375,118.0,118.09375,453
2026-03-09T05:10:00,118.0625,118.09375,118.0,118.03125,133
2026-03-09T05:15:00,118.03125,118.0625,118.0,118.0,307
2026-03-09T05:20:00,118.03125,118.21875,118.0,118.1875,1411
2026-03-09T05:25:00,118.21875,118.21875,118.1875,118.1875,496
2026-03-09T05:30:00,118.1875,118.25,118.15625,118.21875,455
2026-03-09T05:35:00,118.21875,118.25,118.125,118.125,659
2026-03-09T05:40:00,118.125,118.21875,118.09375,118.1875,570
2026-03-09T05:45:00,118.21875,118.34375,118.1875,118.28125,1088
2026-03-09T05:50:00,118.3125,118.375,118.25,118.25,626
2026-03-09T05:55:00,118.21875,118.28125,118.21875,118.25,285
2026-03-09T06:00:00,118.28125,118.34375,118.25,118.34375,500
2026-03-09T06:05:00,118.34375,118.34375,118.28125,118.34375,738
2026-03-09T06:10:00,118.3125,118.40625,118.28125,118.28125,1142
2026-03-09T06:15:00,118.28125,118.375,118.21875,118.34375,947
2026-03-09T06:20:00,118.34375,118.34375,118.25,118.25,627
2026-03-09T06:25:00,118.28125,118.3125,118.21875,118.21875,829
2026-03-09T06:30:00,118.25,118.28125,118.25,118.25,671
2026-03-09T06:35:00,118.25,118.3125,118.25,118.3125,529
2026-03-09T06:40:00,118.3125,118.3125,118.28125,118.28125,490
2026-03-09T06:45:00,118.28125,118.28125,118.21875,118.25,769
2026-03-09T06:50:00,118.25,118.34375,118.21875,118.34375,139
2026-03-09T06:55:00,118.34375,118.40625,118.3125,118.40625,604
2026-03-09T07:00:00,118.40625,118.5,118.34375,118.46875,2388
2026-03-09T07:05:00,118.46875,118.5625,118.4375,118.4375,1182
2026-03-09T07:10:00,118.4375,118.46875,118.375,118.46875,870
2026-03-09T07:15:00,118.46875,118.5,118.46875,118.46875,622
2026-03-09T07:20:00,118.5,118.53125,118.46875,118.5,503
2026-03-09T07:25:00,118.5,118.5625,118.5,118.5,1055
2026-03-09T07:30:00,118.5,118.5625,118.40625,118.4375,828
2026-03-09T07:35:00,118.4375,118.53125,118.4375,118.46875,657
2026-03-09T07:40:00,118.46875,118.5,118.375,118.40625,927
2026-03-09T07:45:00,118.40625,118.46875,118.375,118.375,628
2026-03-09T07:50:00,118.40625,118.4375,118.34375,118.34375,787
2026-03-09T07:55:00,118.3125,118.34375,118.28125,118.28125,692
2026-03-09T08:00:00,118.28125,118.4375,118.28125,118.28125,2350
2026-03-09T08:05:00,118.3125,118.4375,118.3125,118.40625,1964
2026-03-09T08:10:00,118.4375,118.46875,118.34375,118.34375,1533
2026-03-09T08:15:00,118.34375,118.4375,118.3125,118.4375,1256
2026-03-09T08:20:00,118.40625,118.5,118.40625,118.46875,1569
2026-03-09T08:25:00,118.5,118.5,118.34375,118.375,1336
2026-03-09T08:30:00,118.40625,118.46875,118.375,118.4375,2484
2026-03-09T08:35:00,118.4375,118.46875,118.4375,118.46875,790
2026-03-09T08:40:00,118.46875,118.46875,118.40625,118.4375,925
2026-03-09T08:45:00,118.40625,118.5,118.40625,118.5,1237
2026-03-09T08:50:00,118.53125,118.53125,118.46875,118.5,733
2026-03-09T08:55:00,118.46875,118.5625,118.46875,118.5,1276
2026-03-09T09:00:00,118.46875,118.5,118.40625,118.5,792
2026-03-09T09:05:00,118.46875,118.53125,118.4375,118.5,697
2026-03-09T09:10:00,118.46875,118.46875,118.375,118.4375,1951
2026-03-09T09:15:00,118.4375,118.5625,118.4375,118.5625,1708
2026-03-09T09:20:00,118.5625,118.59375,118.5,118.5,1040
2026-03-09T09:25:00,118.53125,118.53125,118.46875,118.46875,1162
2026-03-09T09:30:00,118.46875,118.625,118.375,118.59375,3099
2026-03-09T09:35:00,118.59375,118.625,118.53125,118.625,1606
2026-03-09T09:40:00,118.625,118.625,118.53125,118.5625,930
2026-03-09T09:45:00,118.59375,118.65625,118.5625,118.59375,1159
2026-03-09T09:50:00,118.5625,118.65625,118.53125,118.625,1077
2026-03-09T09:55:00,118.625,118.625,118.53125,118.53125,2379
2026-03-09T10:00:00,118.5625,118.625,118.5625,118.5625,1657
2026-03-09T10:05:00,118.53125,118.65625,118.53125,118.65625,808
2026-03-09T10:10:00,118.625,118.65625,118.59375,118.59375,548
2026-03-09T10:15:00,118.59375,118.65625,118.59375,118.59375,519
2026-03-09T10:20:00,118.625,118.65625,118.5625,118.5625,1489
2026-03-09T10:25:00,118.5625,118.625,118.53125,118.59375,2025
2026-03-09T10:30:00,118.5625,118.5625,118.46875,118.5,1251
2026-03-09T10:35:00,118.53125,118.5625,118.4375,118.5,1650
2026-03-09T10:40:00,118.5,118.53125,118.40625,118.4375,787
2026-03-09T10:45:00,118.4375,118.46875,118.375,118.40625,590
2026-03-09T10:50:00,118.40625,118.46875,118.375,118.46875,987
2026-03-09T10:55:00,118.4375,118.46875,118.4375,118.4375,485
2026-03-09T11:00:00,118.4375,118.625,118.4375,118.625,1123
2026-03-09T11:05:00,118.625,118.6875,118.59375,118.59375,774
2026-03-09T11:10:00,118.625,118.65625,118.59375,118.65625,833
2026-03-09T11:15:00,118.625,118.6875,118.59375,118.59375,628
2026-03-09T11:20:00,118.625,118.65625,118.59375,118.65625,356
2026-03-09T11:25:00,118.625,118.65625,118.59375,118.59375,833
2026-03-09T11:30:00,118.625,118.625,118.5625,118.625,616
2026-03-09T11:35:00,118.65625,118.6875,118.59375,118.625,688
2026-03-09T11:40:00,118.59375,118.65625,118.59375,118.65625,713
2026-03-09T11:45:00,118.65625,118.65625,118.625,118.625,777
2026-03-09T11:50:00,118.625,118.71875,118.625,118.71875,2660
2026-03-09T11:55:00,118.71875,118.75,118.5625,118.5625,2631
2026-03-09T12:00:00,118.59375,118.71875,118.5625,118.6875,2107
2026-03-09T12:05:00,118.6875,118.71875,118.5625,118.5625,1526
2026-03-09T12:10:00,118.59375,118.59375,118.5625,118.59375,807
2026-03-09T12:15:00,118.59375,118.59375,118.53125,118.59375,1609
2026-03-09T12:20:00,118.5625,118.875,118.5625,118.875,4084
2026-03-09T12:25:00,118.84375,118.875,118.78125,118.78125,1340
2026-03-09T12:30:00,118.75,118.75,118.59375,118.625,2712
2026-03-09T12:35:00,118.65625,118.6875,118.53125,118.53125,2530
2026-03-09T12:40:00,118.53125,118.59375,118.53125,118.5625,2599
2026-03-09T12:45:00,118.5625,118.59375,118.53125,118.53125,1221
2026-03-09T12:50:00,118.53125,118.59375,118.5,118.53125,2042
2026-03-09T12:55:00,118.5,118.5625,118.5,118.53125,998
2026-03-09T13:00:00,118.53125,118.625,118.53125,118.59375,2512
2026-03-09T13:05:00,118.5625,118.65625,118.5625,118.65625,2033
2026-03-09T13:10:00,118.625,118.8125,118.625,118.8125,2960
2026-03-09T13:15:00,118.8125,118.84375,118.71875,118.78125,3703
2026-03-09T13:20:00,118.78125,118.78125,118.65625,118.6875,2169
2026-03-09T13:25:00,118.6875,118.71875,118.65625,118.71875,1961
2026-03-09T13:30:00,118.71875,118.90625,118.71875,118.875,4365
2026-03-09T13:35:00,118.84375,118.90625,118.75,118.78125,3577
2026-03-09T13:40:00,118.75,118.75,118.59375,118.6875,3526
2026-03-09T13:45:00,118.6875,118.90625,118.65625,118.875,2956
2026-03-09T13:50:00,118.875,118.96875,118.8125,118.90625,5952
2026-03-09T13:55:00,118.90625,119.03125,118.875,119.0,4098
2026-03-09T14:00:00,119.0,119.03125,118.9375,119.0,2502
2026-03-09T14:05:00,119.0,119.0,118.71875,118.75,8369
2026-03-09T14:10:00,118.75,118.84375,118.6875,118.84375,3483
2026-03-09T14:15:00,118.84375,118.96875,118.84375,118.96875,4677
2026-03-09T14:20:00,118.9375,119.09375,118.9375,119.0,4412
2026-03-09T14:25:00,119.0,119.0,118.875,119.0,2727
2026-03-09T14:30:00,118.96875,119.03125,118.96875,119.0,2958
2026-03-09T14:35:00,118.96875,119.0625,118.9375,119.0625,2767
2026-03-09T14:40:00,119.03125,119.125,119.0,119.125,2884
2026-03-09T14:45:00,119.09375,119.125,119.0,119.0,3537
2026-03-09T14:50:00,119.0,119.09375,119.0,119.0625,2699
2026-03-09T14:55:00,119.0625,119.125,118.96875,119.03125,5567
2026-03-09T15:00:00,119.03125,119.25,119.03125,119.25,4255
2026-03-09T15:05:00,119.28125,119.28125,119.1875,119.21875,4285
2026-03-09T15:10:00,119.21875,119.3125,119.1875,119.25,3487
2026-03-09T15:15:00,119.25,119.375,119.25,119.375,6295
2026-03-09T15:20:00,119.375,119.40625,119.3125,119.34375,3426
2026-03-09T15:25:00,119.34375,119.375,119.3125,119.34375,3683
2026-03-09T15:30:00,119.34375,119.5,119.34375,119.4375,5276
2026-03-09T15:35:00,119.4375,119.4375,119.375,119.40625,2549
2026-03-09T15:40:00,119.40625,119.4375,119.34375,119.40625,4383
2026-03-09T15:45:00,119.40625,119.46875,119.40625,119.4375,1757
2026-03-09T15:50:00,119.46875,119.5,119.46875,119.46875,2116
2026-03-09T15:55:00,119.46875,119.5,119.4375,119.46875,1755
2026-03-09T16:00:00,119.46875,119.5,119.40625,119.40625,3187
2026-03-09T16:05:00,119.40625,119.5,119.40625,119.5,1918
2026-03-09T16:10:00,119.5,119.5625,119.46875,119.46875,2651
2026-03-09T16:15:00,119.46875,119.53125,119.46875,119.46875,1102
2026-03-09T16:20:00,119.46875,119.53125,119.4375,119.53125,2006
2026-03-09T16:25:00,119.53125,119.5625,119.46875,119.5,1867
2026-03-09T16:30:00,119.46875,119.53125,119.46875,119.53125,5299
2026-03-09T16:35:00,119.53125,119.625,119.53125,119.625,2397
2026-03-09T16:40:00,119.625,119.6875,119.59375,119.6875,2496
2026-03-09T16:45:00,119.6875,119.75,119.6875,119.75,3420
2026-03-09T16:50:00,119.71875,119.75,119.625,119.65625,2598
2026-03-09T16:55:00,119.625,119.65625,119.5625,119.5625,2208
2026-03-09T17:00:00,119.5625,119.59375,119.53125,119.59375,4516
2026-03-09T17:05:00,119.5625,119.59375,119.53125,119.53125,2104
2026-03-09T17:10:00,119.5625,119.59375,119.5,119.53125,948
2026-03-09T17:15:00,119.53125,119.59375,119.53125,119.5625,3612
2026-03-09T17:20:00,119.5625,119.625,119.53125,119.59375,897
2026-03-09T17:25:00,119.625,119.65625,119.625,119.65625,1837
2026-03-09T17:30:00,119.65625,119.65625,119.59375,119.59375,2967
2026-03-09T17:35:00,119.59375,119.625,119.59375,119.59375,1354
2026-03-09T17:40:00,119.625,119.625,119.53125,119.5625,2536
2026-03-09T17:45:00,119.53125,119.5625,119.53125,119.5625,1591
2026-03-09T17:50:00,119.5625,119.59375,119.5625,119.5625,761
2026-03-09T17:55:00,119.5625,119.59375,119.5625,119.5625,643
2026-03-09T18:00:00,119.5625,119.65625,119.5625,119.65625,2272
2026-03-09T18:05:00,119.625,119.71875,119.625,119.6875,2864
2026-03-09T18:10:00,119.6875,119.71875,119.65625,119.65625,3153
2026-03-09T18:15:00,119.65625,119.6875,119.59375,119.59375,2686
2026-03-09T18:20:00,119.625,119.65625,119.59375,119.625,1078
2026-03-09T18:25:00,119.625,119.625,119.59375,119.625,969
2026-03-09T18:30:00,119.625,119.65625,119.59375,119.625,1258
2026-03-09T18:35:00,119.59375,119.625,119.5625,119.5625,1303
2026-03-09T18:40:00,119.5625,119.625,119.5625,119.59375,1581
2026-03-09T18:45:00,119.59375,119.625,119.5625,119.59375,482
2026-03-09T18:50:00,119.5625,119.625,119.5625,119.59375,1594
2026-03-09T18:55:00,119.5625,119.59375,119.5,119.5625,7205
2026-03-09T19:00:00,119.53125,119.59375,119.53125,119.5625,2106
2026-03-09T19:05:00,119.59375,119.59375,119.53125,119.5625,1364
2026-03-09T19:10:00,119.59375,119.59375,119.5625,119.59375,654
2026-03-09T19:15:00,119.5625,119.84375,119.5625,119.8125,6714
2026-03-09T19:20:00,119.84375,119.96875,119.78125,119.875,11547
2026-03-09T19:25:00,119.875,119.90625,119.78125,119.8125,5433
2026-03-09T19:30:00,119.8125,119.90625,119.75,119.875,3623
2026-03-09T19:35:00,119.875,120.0625,119.84375,120.03125,7418
2026-03-09T19:40:00,120.0,120.0625,119.9375,120.03125,5429
2026-03-09T19:45:00,120.03125,120.0625,119.96875,120.0625,2568
2026-03-09T19:50:00,120.0625,120.09375,120.03125,120.0625,4154
2026-03-09T19:55:00,120.03125,120.03125,119.9375,119.96875,10022
2026-03-09T20:00:00,119.9375,119.96875,119.875,119.875,5297
2026-03-09T20:05:00,119.90625,119.96875,119.90625,119.96875,2389
2026-03-09T20:10:00,119.96875,119.96875,119.875,119.875,3080
2026-03-09T20:15:00,119.84375,119.90625,119.84375,119.875,1060
2026-03-09T20:20:00,119.84375,119.875,119.84375,119.875,1828
2026-03-09T20:25:00,119.875,119.9375,119.84375,119.9375,2334
2026-03-09T20:30:00,119.90625,119.96875,119.875,119.9375,2940
2026-03-09T20:35:00,119.9375,119.96875,119.90625,119.96875,1453
2026-03-09T20:40:00,119.9375,120.03125,119.9375,120.03125,1912
2026-03-09T20:45:00,120.03125,120.03125,119.9375,119.96875,1536
2026-03-09T20:50:00,119.9375,119.96875,119.90625,119.96875,765
2026-03-09T20:55:00,119.9375,120.0,119.9375,120.0,1273
2026-03-09T22:00:00,119.96875,120.03125,119.875,119.875,280
2026-03-09T22:05:00,119.875,119.9375,119.84375,119.875,474
2026-03-09T22:10:00,119.875,119.90625,119.84375,119.875,479
2026-03-09T22:15:00,119.875,119.875,119.84375,119.84375,203
2026-03-09T22:20:00,119.8125,119.8125,119.78125,119.8125,139
2026-03-09T22:25:00,119.8125,119.8125,119.78125,119.8125,118
2026-03-09T22:30:00,119.8125,119.8125,119.8125,119.8125,55
2026-03-09T22:35:00,119.8125,119.8125,119.8125,119.8125,11
2026-03-09T22:40:00,119.8125,119.8125,119.8125,119.8125,37
2026-03-09T22:45:00,119.8125,119.8125,119.8125,119.8125,102
2026-03-09T22:50:00,119.8125,119.8125,119.8125,119.8125,58
2026-03-09T22:55:00,119.8125,119.8125,119.8125,119.8125,51
2026-03-09T23:00:00,119.78125,119.78125,119.78125,119.78125,2
2026-03-09T23:05:00,119.78125,119.84375,119.78125,119.84375,223
2026-03-09T23:10:00,119.8125,119.8125,119.8125,119.8125,93
2026-03-09T23:15:00,119.8125,119.8125,119.8125,119.8125,56
2026-03-09T23:30:00,119.78125,119.78125,119.78125,119.78125,118
2026-03-09T23:35:00,119.75,119.78125,119.75,119.78125,286
2026-03-09T23:40:00,119.78125,119.78125,119.75,119.75,292
2026-03-09T23:45:00,119.78125,119.78125,119.75,119.75,138
2026-03-09T23:50:00,119.75,119.75,119.75,119.75,37
2026-03-09T23:55:00,119.78125,119.78125,119.78125,119.78125,94
2026-03-10T00:00:00,119.78125,119.90625,119.78125,119.875,465
2026-03-10T00:05:00,119.875,119.875,119.84375,119.84375,152
2026-03-10T00:10:00,119.8125,119.875,119.78125,119.84375,321
2026-03-10T00:15:00,119.84375,119.875,119.8125,119.8125,538
2026-03-10T00:20:00,119.8125,119.90625,119.8125,119.90625,208
2026-03-10T00:25:00,119.9375,119.96875,119.9375,119.9375,139
2026-03-10T00:30:00,119.9375,119.96875,119.90625,119.9375,454
2026-03-10T00:35:00,119.9375,120.0,119.9375,120.0,215
2026-03-10T00:40:00,119.96875,120.0,119.96875,120.0,183
2026-03-10T00:45:00,120.0,120.0,119.9375,119.9375,286
2026-03-10T00:50:00,119.9375,119.9375,119.84375,119.875,340
2026-03-10T00:55:00,119.875,119.875,119.8125,119.8125,292
2026-03-10T01:00:00,119.8125,119.875,119.78125,119.8125,487
2026-03-10T01:05:00,119.8125,119.875,119.78125,119.875,303
2026-03-10T01:10:00,119.84375,119.875,119.8125,119.875,330
2026-03-10T01:15:00,119.875,119.9375,119.875,119.875,457
2026-03-10T01:20:00,119.84375,119.875,119.8125,119.8125,265
2026-03-10T01:25:00,119.84375,119.90625,119.8125,119.8125,535
2026-03-10T01:30:00,119.8125,119.8125,119.78125,119.8125,168
2026-03-10T01:35:00,119.8125,119.875,119.8125,119.8125,318
2026-03-10T01:40:00,119.8125,119.84375,119.75,119.75,463
2026-03-10T01:45:00,119.78125,119.78125,119.75,119.78125,212
2026-03-10T01:50:00,119.78125,119.78125,119.75,119.75,286
2026-03-10T01:55:00,119.75,119.84375,119.75,119.8125,393
2026-03-10T02:00:00,119.8125,119.875,119.8125,119.84375,155
2026-03-10T02:05:00,119.875,119.875,119.84375,119.875,306
2026-03-10T02:10:00,119.90625,119.90625,119.875,119.875,697
2026-03-10T02:15:00,119.84375,119.84375,119.8125,119.8125,150
2026-03-10T02:20:00,119.84375,119.84375,119.8125,119.84375,212
2026-03-10T02:25:00,119.8125,119.84375,119.78125,119.8125,554
2026-03-10T02:30:00,119.8125,119.84375,119.78125,119.84375,249
2026-03-10T02:35:00,119.8125,119.84375,119.78125,119.84375,133
2026-03-10T02:40:00,119.84375,119.875,119.84375,119.84375,57
2026-03-10T02:45:00,119.84375,119.90625,119.84375,119.84375,358
2026-03-10T02:50:00,119.84375,119.875,119.78125,119.84375,389
2026-03-10T02:55:00,119.84375,119.84375,119.78125,119.78125,322
2026-03-10T03:00:00,119.8125,119.8125,119.6875,119.71875,394
2026-03-10T03:05:00,119.71875,119.71875,119.6875,119.71875,210
2026-03-10T03:10:00,119.75,119.8125,119.71875,119.78125,498
2026-03-10T03:15:00,119.78125,119.78125,119.71875,119.78125,211
2026-03-10T03:20:00,119.78125,119.78125,119.6875,119.71875,262
2026-03-10T03:25:00,119.71875,119.71875,119.6875,119.6875,187
2026-03-10T03:30:00,119.6875,119.71875,119.6875,119.6875,109
2026-03-10T03:35:00,119.6875,119.71875,119.65625,119.6875,327
2026-03-10T03:40:00,119.6875,119.71875,119.65625,119.65625,272
2026-03-10T03:45:00,119.65625,119.65625,119.625,119.625,176
2026-03-10T03:50:00,119.625,119.65625,119.59375,119.625,728
2026-03-10T03:55:00,119.65625,119.65625,119.625,119.625,258
2026-03-10T04:00:00,119.65625,119.6875,119.625,119.65625,465
2026-03-10T04:05:00,119.65625,119.65625,119.625,119.65625,109
2026-03-10T04:10:00,119.625,119.6875,119.625,119.6875,56
2026-03-10T04:15:00,119.6875,119.6875,119.6875,119.6875,33
2026-03-10T04:20:00,119.6875,119.6875,119.625,119.625,56
2026-03-10T04:25:00,119.65625,119.65625,119.625,119.625,40
2026-03-10T04:30:00,119.625,119.65625,119.625,119.625,92
2026-03-10T04:35:00,119.625,119.625,119.625,119.625,147
2026-03-10T04:40:00,119.65625,119.6875,119.625,119.6875,93
2026-03-10T04:45:00,119.65625,119.6875,119.65625,119.65625,8
2026-03-10T04:50:00,119.65625,119.65625,119.625,119.625,101
2026-03-10T04:55:00,119.65625,119.65625,119.625,119.65625,113
2026-03-10T05:00:00,119.6875,119.75,119.6875,119.71875,485
2026-03-10T05:05:00,119.71875,119.71875,119.6875,119.6875,170
2026-03-10T05:10:00,119.71875,119.75,119.71875,119.71875,182
2026-03-10T05:15:00,119.71875,119.78125,119.71875,119.78125,322
2026-03-10T05:20:00,119.78125,119.8125,119.75,119.75,720
2026-03-10T05:25:00,119.75,119.78125,119.75,119.75,131
2026-03-10T05:30:00,119.78125,119.8125,119.75,119.78125,323
2026-03-10T05:35:00,119.78125,119.78125,119.78125,119.78125,172
2026-03-10T05:40:00,119.78125,119.8125,119.78125,119.8125,21
2026-03-10T05:45:00,119.78125,119.78125,119.75,119.78125,340
2026-03-10T05:50:00,119.78125,119.78125,119.75,119.78125,66
2026-03-10T05:55:00,119.75,119.75,119.75,119.75,3
2026-03-10T06:00:00,119.75,119.84375,119.75,119.84375,579
2026-03-10T06:05:00,119.8125,119.84375,119.8125,119.8125,301
2026-03-10T06:10:00,119.8125,119.8125,119.78125,119.8125,284
2026-03-10T06:15:00,119.8125,119.8125,119.78125,119.78125,169
2026-03-10T06:20:00,119.78125,119.78125,119.78125,119.78125,389
2026-03-10T06:25:00,119.78125,119.78125,119.75,119.78125,93
2026-03-10T06:30:00,119.78125,119.8125,119.78125,119.8125,200
2026-03-10T06:35:00,119.8125,119.84375,119.8125,119.8125,65
2026-03-10T06:40:00,119.8125,119.8125,119.78125,119.78125,238
2026-03-10T06:45:00,119.8125,119.84375,119.8125,119.8125,343
2026-03-10T06:50:00,119.8125,119.8125,119.78125,119.78125,510
2026-03-10T06:55:00,119.78125,119.78125,119.71875,119.75,327
2026-03-10T07:00:00,119.71875,119.78125,119.6875,119.6875,672
2026-03-10T07:05:00,119.6875,119.75,119.6875,119.71875,314
2026-03-10T07:10:00,119.71875,119.75,119.625,119.6875,583
2026-03-10T07:15:00,119.65625,119.6875,119.65625,119.65625,298
2026-03-10T07:20:00,119.65625,119.8125,119.65625,119.8125,1044
2026-03-10T07:25:00,119.8125,119.96875,119.8125,119.9375,1073
2026-03-10T07:30:00,119.9375,119.9375,119.75,119.75,864
2026-03-10T07:35:00,119.75,119.8125,119.75,119.8125,507
2026-03-10T07:40:00,119.84375,119.9375,119.84375,119.875,690
2026-03-10T07:45:00,119.90625,120.0,119.875,120.0,2320
2026-03-10T07:50:00,120.0,120.03125,119.96875,120.0,1133
2026-03-10T07:55:00,120.0,120.0,119.9375,120.0,1231
2026-03-10T08:00:00,120.0,120.03125,119.90625,119.90625,1853
2026-03-10T08:05:00,119.9375,119.9375,119.84375,119.875,1358
2026-03-10T08:10:00,119.875,119.9375,119.875,119.9375,667
2026-03-10T08:15:00,119.9375,119.96875,119.90625,119.96875,1325
2026-03-10T08:20:00,119.96875,120.03125,119.96875,120.0,654
2026-03-10T08:25:00,120.0,120.0,119.9375,119.9375,1658
2026-03-10T08:30:00,119.90625,119.9375,119.875,119.90625,879
2026-03-10T08:35:00,119.9375,119.9375,119.90625,119.90625,533
2026-03-10T08:40:00,119.90625,119.96875,119.875,119.875,803
2026-03-10T08:45:00,119.875,119.90625,119.84375,119.875,1272
2026-03-10T08:50:00,119.875,119.875,119.78125,119.8125,975
2026-03-10T08:55:00,119.8125,119.8125,119.71875,119.71875,1153
2026-03-10T09:00:00,119.75,119.75,119.6875,119.71875,778
2026-03-10T09:05:00,119.6875,119.75,119.6875,119.75,417
2026-03-10T09:10:00,119.75,119.8125,119.75,119.8125,660
2026-03-10T09:15:00,119.84375,119.84375,119.8125,119.8125,1050
2026-03-10T09:20:00,119.78125,119.78125,119.71875,119.71875,1116
2026-03-10T09:25:00,119.71875,119.75,119.71875,119.75,819
2026-03-10T09:30:00,119.75,119.75,119.65625,119.6875,1763
2026-03-10T09:35:00,119.6875,119.71875,119.65625,119.65625,2833
2026-03-10T09:40:00,119.6875,119.6875,119.5625,119.59375,1695
2026-03-10T09:45:00,119.59375,119.625,119.46875,119.5625,2846
2026-03-10T09:50:00,119.5625,119.625,119.53125,119.5625,3610
2026-03-10T09:55:00,119.5625,119.59375,119.5,119.5,1012
2026-03-10T10:00:00,119.5,119.53125,119.46875,119.5,1191
2026-03-10T10:05:00,119.5,119.5,119.375,119.40625,1717
2026-03-10T10:10:00,119.40625,119.40625,119.3125,119.34375,1567
2026-03-10T10:15:00,119.3125,119.34375,119.25,119.28125,1750
2026-03-10T10:20:00,119.28125,119.28125,119.1875,119.21875,713
2026-03-10T10:25:00,119.21875,119.28125,119.21875,119.25,729
2026-03-10T10:30:00,119.25,119.28125,119.21875,119.21875,891
2026-03-10T10:35:00,119.21875,119.28125,119.21875,119.28125,1405
2026-03-10T10:40:00,119.28125,119.3125,119.28125,119.3125,883
2026-03-10T10:45:00,119.3125,119.3125,119.25,119.3125,369
2026-03-10T10:50:00,119.28125,119.3125,119.28125,119.28125,739
2026-03-10T10:55:00,119.28125,119.34375,119.28125,119.34375,1162
2026-03-10T11:00:00,119.3125,119.40625,119.28125,119.375,1925
2026-03-10T11:05:00,119.375,119.40625,119.25,119.28125,1956
2026-03-10T11:10:00,119.28125,119.34375,119.28125,119.28125,1132
2026-03-10T11:15:00,119.28125,119.28125,119.125,119.15625,2942
2026-03-10T11:20:00,119.15625,119.21875,119.125,119.1875,2135
2026-03-10T11:25:00,119.1875,119.1875,119.125,119.15625,713
2026-03-10T11:30:00,119.15625,119.15625,119.0,119.0625,2262
2026-03-10T11:35:00,119.0625,119.15625,119.0625,119.09375,2031
2026-03-10T11:40:00,119.125,119.125,118.90625,119.0,6664
2026-03-10T11:45:00,119.0,119.0625,119.0,119.03125,2047
2026-03-10T11:50:00,119.0625,119.15625,119.0625,119.09375,2384
2026-03-10T11:55:00,119.09375,119.09375,119.03125,119.09375,1754
2026-03-10T12:00:00,119.09375,119.125,119.03125,119.0625,2003
2026-03-10T12:05:00,119.0625,119.09375,119.03125,119.0625,3424
2026-03-10T12:10:00,119.0625,119.1875,119.0625,119.1875,2248
2026-03-10T12:15:00,119.15625,119.15625,119.0625,119.125,2661
2026-03-10T12:20:00,119.15625,119.25,119.125,119.1875,2487
2026-03-10T12:25:00,119.1875,119.1875,119.0,119.0,1855
2026-03-10T12:30:00,119.0,119.21875,119.0,119.1875,2202
2026-03-10T12:35:00,119.1875,119.25,119.09375,119.09375,2008
2026-03-10T12:40:00,119.09375,119.15625,119.03125,119.09375,1815
2026-03-10T12:45:00,119.09375,119.21875,119.09375,119.21875,2278
2026-03-10T12:50:00,119.25,119.28125,119.15625,119.21875,2703
2026-03-10T12:55:00,119.25,119.25,119.15625,119.15625,2959
2026-03-10T13:00:00,119.15625,119.28125,119.15625,119.28125,2401
2026-03-10T13:05:00,119.28125,119.3125,119.25,119.28125,2254
2026-03-10T13:10:00,119.25,119.375,119.25,119.34375,3279
2026-03-10T13:15:00,119.375,119.40625,119.3125,119.3125,2730
2026-03-10T13:20:00,119.3125,119.375,119.28125,119.375,2974
2026-03-10T13:25:00,119.375,119.375,119.28125,119.375,2104
2026-03-10T13:30:00,119.34375,119.40625,119.21875,119.25,4839
2026-03-10T13:35:00,119.25,119.40625,119.25,119.40625,3378
2026-03-10T13:40:00,119.375,119.4375,119.34375,119.40625,2367
2026-03-10T13:45:00,119.40625,119.4375,119.25,119.3125,4029
2026-03-10T13:50:00,119.3125,119.34375,119.21875,119.3125,2318
2026-03-10T13:55:00,119.34375,119.375,119.3125,119.34375,1186
2026-03-10T14:00:00,119.34375,119.375,119.28125,119.34375,2550
2026-03-10T14:05:00,119.34375,119.375,119.15625,119.15625,3869
2026-03-10T14:10:00,119.15625,119.34375,119.15625,119.34375,2651
2026-03-10T14:15:00,119.3125,119.375,119.25,119.25,3647
2026-03-10T14:20:00,119.28125,119.3125,119.25,119.25,2254
2026-03-10T14:25:00,119.28125,119.375,119.28125,119.28125,2888
2026-03-10T14:30:00,119.3125,119.375,119.28125,119.375,1933
2026-03-10T14:35:00,119.34375,119.46875,119.3125,119.4375,2214
2026-03-10T14:40:00,119.46875,119.46875,119.375,119.375,2806
2026-03-10T14:45:00,119.40625,119.40625,119.34375,119.375,1251
2026-03-10T14:50:00,119.34375,119.40625,119.3125,119.40625,3941
2026-03-10T14:55:00,119.375,119.40625,119.25,119.28125,5507
2026-03-10T15:00:00,119.3125,119.4375,119.3125,119.4375,4021
2026-03-10T15:05:00,119.4375,119.5,119.40625,119.4375,2436
2026-03-10T15:10:00,119.4375,119.5,119.40625,119.5,2103
2026-03-10T15:15:00,119.46875,119.5,119.40625,119.46875,2643
2026-03-10T15:20:00,119.46875,119.5,119.40625,119.40625,1372
2026-03-10T15:25:00,119.40625,119.40625,119.34375,119.375,1636
2026-03-10T15:30:00,119.375,119.375,119.28125,119.3125,1673
2026-03-10T15:35:00,119.3125,119.5,119.3125,119.46875,1661
2026-03-10T15:40:00,119.46875,119.53125,119.4375,119.46875,2066
2026-03-10T15:45:00,119.46875,119.46875,119.40625,119.4375,1541
2026-03-10T15:50:00,119.46875,119.5,119.4375,119.5,674
2026-03-10T15:55:00,119.5,119.53125,119.46875,119.5,1036
2026-03-10T16:00:00,119.53125,119.5625,119.46875,119.53125,2498
2026-03-10T16:05:00,119.5,119.53125,119.375,119.375,3114
2026-03-10T16:10:00,119.375,119.40625,119.3125,119.375,3422
2026-03-10T16:15:00,119.375,119.4375,119.375,119.4375,1071
2026-03-10T16:20:00,119.40625,119.46875,119.40625,119.4375,1485
2026-03-10T16:25:00,119.4375,119.46875,119.375,119.40625,2339
2026-03-10T16:30:00,119.375,119.46875,119.375,119.46875,2909
2026-03-10T16:35:00,119.5,119.5,119.46875,119.5,1289
2026-03-10T16:40:00,119.5,119.5,119.375,119.40625,2172
2026-03-10T16:45:00,119.40625,119.40625,119.3125,119.34375,2935
2026-03-10T16:50:00,119.3125,119.40625,119.3125,119.375,914
2026-03-10T16:55:00,119.375,119.4375,119.3125,119.375,1722
2026-03-10T17:00:00,119.34375,119.375,119.25,119.28125,2308
2026-03-10T17:05:00,119.3125,119.375,119.28125,119.375,1961
2026-03-10T17:10:00,119.375,119.4375,119.3125,119.3125,2307
2026-03-10T17:15:00,119.34375,119.46875,119.3125,119.40625,1578
2026-03-10T17:20:00,119.4375,119.46875,119.3125,119.3125,1827
2026-03-10T17:25:00,119.34375,119.34375,119.28125,119.3125,2750
2026-03-10T17:30:00,119.3125,119.34375,119.21875,119.21875,2964
2026-03-10T17:35:00,119.21875,119.21875,119.09375,119.15625,4104
2026-03-10T17:40:00,119.15625,119.1875,119.125,119.125,1522
2026-03-10T17:45:00,119.125,119.21875,119.09375,119.15625,2323
2026-03-10T17:50:00,119.15625,119.1875,119.125,119.1875,977
2026-03-10T17:55:00,119.1875,119.1875,119.125,119.15625,3309
2026-03-10T18:00:00,119.15625,119.1875,119.15625,119.15625,3702
2026-03-10T18:05:00,119.15625,119.15625,119.0,119.0,4508
2026-03-10T18:10:00,119.0,119.09375,118.9375,118.9375,4411
2026-03-10T18:15:00,118.9375,118.9375,118.71875,118.78125,9789
2026-03-10T18:20:00,118.78125,118.90625,118.65625,118.875,10369
2026-03-10T18:25:00,118.875,118.96875,118.84375,118.96875,5525
2026-03-10T18:30:00,118.96875,119.03125,118.9375,119.0,1847
2026-03-10T18:35:00,119.0,119.0625,118.96875,119.0,2924
2026-03-10T18:40:00,118.96875,118.96875,118.90625,118.90625,2647
2026-03-10T18:45:00,118.90625,118.9375,118.84375,118.90625,4014
2026-03-10T18:50:00,118.90625,118.96875,118.875,118.96875,2665
2026-03-10T18:55:00,118.9375,119.0,118.90625,118.9375,3709
2026-03-10T19:00:00,118.9375,118.96875,118.875,118.90625,2677
2026-03-10T19:05:00,118.90625,118.9375,118.875,118.9375,1769
2026-03-10T19:10:00,118.9375,118.96875,118.9375,118.96875,1401
2026-03-10T19:15:00,118.96875,119.0,118.90625,118.90625,1411
2026-03-10T19:20:00,118.90625,118.9375,118.875,118.90625,1703
2026-03-10T19:25:00,118.875,118.90625,118.78125,118.8125,4881
2026-03-10T19:30:00,118.8125,118.84375,118.71875,118.75,10191
2026-03-10T19:35:00,118.75,118.8125,118.65625,118.65625,7897
2026-03-10T19:40:00,118.6875,118.78125,118.65625,118.6875,7849
2026-03-10T19:45:00,118.71875,118.78125,118.65625,118.75,7999
2026-03-10T19:50:00,118.75,118.78125,118.6875,118.6875,2995
2026-03-10T19:55:00,118.6875,118.75,118.65625,118.71875,10296
2026-03-10T20:00:00,118.71875,118.75,118.65625,118.6875,7524
2026-03-10T20:05:00,118.6875,118.71875,118.65625,118.6875,2370
2026-03-10T20:10:00,118.6875,118.71875,118.625,118.6875,3468
2026-03-10T20:15:00,118.6875,118.75,118.65625,118.71875,1571
2026-03-10T20:20:00,118.71875,118.75,118.65625,118.65625,1217
2026-03-10T20:25:00,118.65625,118.65625,118.625,118.65625,1676
2026-03-10T20:30:00,118.65625,118.65625,118.625,118.625,1646
2026-03-10T20:35:00,118.625,118.65625,118.5625,118.65625,2326
2026-03-10T20:40:00,118.65625,118.6875,118.625,118.6875,1049
2026-03-10T20:45:00,118.6875,118.71875,118.625,118.6875,1644
2026-03-10T20:50:00,118.6875,118.6875,118.5625,118.625,3352
2026-03-10T20:55:00,118.625,118.65625,118.53125,118.59375,3218
2026-03-10T22:00:00,118.59375,118.6875,118.59375,118.65625,186
2026-03-10T22:05:00,118.6875,118.71875,118.65625,118.65625,103
2026-03-10T22:10:00,118.6875,118.6875,118.625,118.625,145
2026-03-10T22:15:00,118.59375,118.59375,118.5625,118.59375,445
2026-03-10T22:20:00,118.59375,118.59375,118.59375,118.59375,4
2026-03-10T22:25:00,118.625,118.625,118.59375,118.59375,198
2026-03-10T22:30:00,118.59375,118.59375,118.59375,118.59375,12
2026-03-10T22:35:00,118.5625,118.59375,118.5625,118.5625,36
2026-03-10T22:40:00,118.5625,118.5625,118.5625,118.5625,62
2026-03-10T22:45:00,118.5625,118.5625,118.53125,118.53125,106
2026-03-10T22:50:00,118.53125,118.53125,118.53125,118.53125,32
2026-03-10T22:55:00,118.53125,118.5625,118.5,118.5625,191
2026-03-10T23:00:00,118.5625,118.5625,118.5625,118.5625,25
2026-03-10T23:05:00,118.53125,118.53125,118.5,118.5,307
2026-03-10T23:10:00,118.53125,118.5625,118.53125,118.5625,276
2026-03-10T23:15:00,118.59375,118.59375,118.59375,118.59375,4
2026-03-10T23:20:00,118.59375,118.59375,118.5625,118.59375,18
2026-03-10T23:25:00,118.5625,118.5625,118.5625,118.5625,208
2026-03-10T23:30:00,118.59375,118.59375,118.59375,118.59375,273
2026-03-10T23:35:00,118.59375,118.59375,118.5625,118.5625,126
2026-03-10T23:40:00,118.59375,118.59375,118.59375,118.59375,100
2026-03-10T23:45:00,118.5625,118.5625,118.5625,118.5625,183
2026-03-10T23:50:00,118.53125,118.59375,118.53125,118.59375,140
2026-03-10T23:55:00,118.59375,118.59375,118.59375,118.59375,63
2026-03-11T00:00:00,118.5625,118.625,118.5625,118.59375,241
2026-03-11T00:05:00,118.59375,118.71875,118.5625,118.6875,707
2026-03-11T00:10:00,118.6875,118.78125,118.65625,118.75,1016
2026-03-11T00:15:00,118.71875,118.78125,118.71875,118.71875,1118
2026-03-11T00:20:00,118.71875,118.71875,118.6875,118.71875,385
2026-03-11T00:25:00,118.71875,118.71875,118.71875,118.71875,129
2026-03-11T00:30:00,118.6875,118.71875,118.65625,118.6875,360
2026-03-11T00:35:00,118.71875,118.71875,118.71875,118.71875,506
2026-03-11T00:40:00,118.71875,118.75,118.71875,118.75,63
2026-03-11T00:45:00,118.75,118.75,118.75,118.75,154
2026-03-11T00:50:00,118.75,118.75,118.6875,118.71875,409
2026-03-11T00:55:00,118.71875,118.71875,118.6875,118.71875,168
2026-03-11T01:00:00,118.6875,118.71875,118.65625,118.65625,336
2026-03-11T01:05:00,118.65625,118.71875,118.65625,118.65625,403
2026-03-11T01:10:00,118.65625,118.6875,118.65625,118.6875,285
2026-03-11T01:15:00,118.71875,118.75,118.71875,118.71875,271
2026-03-11T01:20:00,118.75,118.75,118.6875,118.6875,225
2026-03-11T01:25:00,118.71875,118.75,118.71875,118.75,541
2026-03-11T01:30:00,118.78125,118.78125,118.71875,118.71875,305
2026-03-11T01:35:00,118.71875,118.71875,118.6875,118.71875,331
2026-03-11T01:40:00,118.71875,118.75,118.71875,118.71875,124
2026-03-11T01:45:00,118.75,118.75,118.71875,118.75,343
2026-03-11T01:50:00,118.75,118.75,118.71875,118.71875,246
2026-03-11T01:55:00,118.71875,118.75,118.71875,118.75,2
2026-03-11T02:00:00,118.75,118.78125,118.6875,118.6875,519
2026-03-11T02:05:00,118.71875,118.71875,118.6875,118.71875,79
2026-03-11T02:10:00,118.71875,118.75,118.71875,118.71875,166
2026-03-11T02:15:00,118.75,118.8125,118.71875,118.75,380
2026-03-11T02:20:00,118.78125,118.8125,118.78125,118.78125,564
2026-03-11T02:25:00,118.78125,118.8125,118.75,118.75,159
2026-03-11T02:30:00,118.78125,118.78125,118.75,118.75,257
2026-03-11T02:35:00,118.78125,118.78125,118.78125,118.78125,11
2026-03-11T02:40:00,118.75,118.78125,118.75,118.78125,350
2026-03-11T02:45:00,118.78125,118.8125,118.75,118.8125,330
2026-03-11T02:50:00,118.8125,118.8125,118.78125,118.78125,19
2026-03-11T02:55:00,118.8125,118.8125,118.78125,118.78125,14
2026-03-11T03:00:00,118.8125,118.84375,118.8125,118.8125,145
2026-03-11T03:05:00,118.8125,118.875,118.8125,118.875,255
2026-03-11T03:10:00,118.875,118.875,118.875,118.875,211
2026-03-11T03:15:00,118.875,118.875,118.84375,118.875,96
2026-03-11T03:20:00,118.875,118.875,118.84375,118.875,133
2026-03-11T03:25:00,118.875,118.875,118.84375,118.84375,272
2026-03-11T03:30:00,118.84375,118.875,118.8125,118.8125,152
2026-03-11T03:35:00,118.8125,118.875,118.8125,118.875,167
2026-03-11T03:40:00,118.875,118.90625,118.84375,118.84375,73
2026-03-11T03:45:00,118.84375,118.875,118.84375,118.875,2
2026-03-11T03:50:00,118.84375,118.84375,118.84375,118.84375,231
2026-03-11T03:55:00,118.8125,118.84375,118.8125,118.84375,103
2026-03-11T04:00:00,118.84375,118.84375,118.8125,118.8125,167
2026-03-11T04:05:00,118.8125,118.8125,118.78125,118.78125,199
2026-03-11T04:10:00,118.78125,118.78125,118.78125,118.78125,63
2026-03-11T04:15:00,118.78125,118.78125,118.75,118.78125,41
2026-03-11T04:20:00,118.78125,118.78125,118.78125,118.78125,148
2026-03-11T04:25:00,118.78125,118.78125,118.75,118.78125,65
2026-03-11T04:30:00,118.78125,118.78125,118.71875,118.75,265
2026-03-11T04:35:00,118.75,118.78125,118.71875,118.75,602
2026-03-11T04:40:00,118.71875,118.75,118.71875,118.75,37
2026-03-11T04:45:00,118.71875,118.75,118.71875,118.75,47
2026-03-11T04:50:00,118.75,118.75,118.71875,118.75,69
2026-03-11T04:55:00,118.71875,118.75,118.71875,118.71875,42
2026-03-11T05:00:00,118.71875,118.78125,118.71875,118.78125,64
2026-03-11T05:05:00,118.78125,118.78125,118.75,118.78125,555
2026-03-11T05:10:00,118.78125,118.8125,118.78125,118.78125,229
2026-03-11T05:15:00,118.78125,118.8125,118.78125,118.78125,191
2026-03-11T05:20:00,118.75,118.78125,118.75,118.75,104
2026-03-11T05:25:00,118.78125,118.78125,118.75,118.78125,7
2026-03-11T05:30:00,118.75,118.78125,118.71875,118.71875,64
2026-03-11T05:35:00,118.71875,118.75,118.71875,118.75,247
2026-03-11T05:40:00,118.75,118.75,118.71875,118.71875,304
2026-03-11T05:45:00,118.71875,118.71875,118.6875,118.71875,121
2026-03-11T05:50:00,118.71875,118.71875,118.6875,118.71875,232
2026-03-11T05:55:00,118.71875,118.71875,118.71875,118.71875,21
2026-03-11T06:00:00,118.71875,118.71875,118.71875,118.71875,236
2026-03-11T06:05:00,118.71875,118.75,118.71875,118.75,70
2026-03-11T06:10:00,118.71875,118.75,118.71875,118.75,279
2026-03-11T06:15:00,118.75,118.75,118.71875,118.71875,374
2026-03-11T06:20:00,118.71875,118.75,118.71875,118.71875,174
2026-03-11T06:25:00,118.71875,118.75,118.6875,118.71875,149
2026-03-11T06:30:00,118.75,118.75,118.71875,118.75,291
2026-03-11T06:35:00,118.75,118.78125,118.75,118.78125,99
2026-03-11T06:40:00,118.75,118.75,118.71875,118.71875,101
2026-03-11T06:45:00,118.71875,118.71875,118.6875,118.71875,321
2026-03-11T06:50:00,118.71875,118.75,118.71875,118.75,71
2026-03-11T06:55:00,118.71875,118.78125,118.71875,118.75,402
2026-03-11T07:00:00,118.75,118.78125,118.65625,118.65625,1034
2026-03-11T07:05:00,118.65625,118.65625,118.59375,118.65625,477
2026-03-11T07:10:00,118.6875,118.71875,118.625,118.625,348
2026-03-11T07:15:00,118.65625,118.65625,118.5625,118.625,2015
2026-03-11T07:20:00,118.625,118.625,118.5625,118.5625,314
2026-03-11T07:25:00,118.5625,118.59375,118.5625,118.59375,385
2026-03-11T07:30:00,118.59375,118.59375,118.5625,118.5625,337
2026-03-11T07:35:00,118.5625,118.5625,118.46875,118.46875,917
2026-03-11T07:40:00,118.5,118.53125,118.5,118.5,609
2026-03-11T07:45:00,118.5,118.5,118.46875,118.46875,323
2026-03-11T07:50:00,118.5,118.5,118.46875,118.5,405
2026-03-11T07:55:00,118.5,118.5,118.4375,118.46875,282
2026-03-11T08:00:00,118.46875,118.46875,118.4375,118.4375,605
2026-03-11T08:05:00,118.46875,118.5,118.4375,118.46875,448
2026-03-11T08:10:00,118.46875,118.46875,118.4375,118.4375,215
2026-03-11T08:15:00,118.4375,118.4375,118.375,118.375,549
2026-03-11T08:20:00,118.375,118.40625,118.34375,118.375,384
2026-03-11T08:25:00,118.375,118.40625,118.375,118.40625,352
2026-03-11T08:30:00,118.375,118.375,118.34375,118.34375,624
2026-03-11T08:35:00,118.34375,118.375,118.3125,118.375,697
2026-03-11T08:40:00,118.375,118.40625,118.375,118.40625,210
2026-03-11T08:45:00,118.375,118.40625,118.375,118.40625,337
2026-03-11T08:50:00,118.40625,118.40625,118.34375,118.375,1315
2026-03-11T08:55:00,118.34375,118.40625,118.34375,118.375,1300
2026-03-11T09:00:00,118.375,118.375,118.28125,118.28125,415
2026-03-11T09:05:00,118.28125,118.375,118.28125,118.34375,1079
2026-03-11T09:10:00,118.3125,118.375,118.3125,118.375,489
2026-03-11T09:15:00,118.375,118.40625,118.34375,118.34375,423
2026-03-11T09:20:00,118.34375,118.375,118.34375,118.34375,444
2026-03-11T09:25:00,118.34375,118.34375,118.28125,118.28125,513
2026-03-11T09:30:00,118.3125,118.375,118.28125,118.375,711
2026-03-11T09:35:00,118.375,118.375,118.34375,118.375,467
2026-03-11T09:40:00,118.375,118.375,118.34375,118.34375,368
2026-03-11T09:45:00,118.375,118.375,118.34375,118.34375,419
2026-03-11T09:50:00,118.3125,118.34375,118.28125,118.28125,463
2026-03-11T09:55:00,118.3125,118.3125,118.25,118.3125,689
2026-03-11T10:00:00,118.3125,118.375,118.3125,118.3125,709
2026-03-11T10:05:00,118.34375,118.375,118.3125,118.375,709
2026-03-11T10:10:00,118.375,118.375,118.3125,118.34375,213
2026-03-11T10:15:00,118.34375,118.34375,118.3125,118.3125,352
2026-03-11T10:20:00,118.3125,118.34375,118.28125,118.28125,396
2026-03-11T10:25:00,118.28125,118.28125,118.25,118.28125,272
2026-03-11T10:30:00,118.28125,118.3125,118.28125,118.3125,269
2026-03-11T10:35:00,118.3125,118.34375,118.3125,118.34375,223
2026-03-11T10:40:00,118.34375,118.375,118.3125,118.3125,403
2026-03-11T10:45:00,118.34375,118.40625,118.3125,118.375,561
2026-03-11T10:50:00,118.375,118.375,118.3125,118.34375,609
2026-03-11T10:55:00,118.375,118.375,118.3125,118.34375,312
2026-03-11T11:00:00,118.34375,118.40625,118.3125,118.34375,592
2026-03-11T11:05:00,118.375,118.375,118.3125,118.3125,572
2026-03-11T11:10:00,118.3125,118.375,118.3125,118.34375,485
2026-03-11T11:15:00,118.3125,118.375,118.28125,118.28125,621
2026-03-11T11:20:00,118.28125,118.28125,118.25,118.28125,645
2026-03-11T11:25:00,118.28125,118.28125,118.21875,118.21875,688
2026-03-11T11:30:00,118.25,118.28125,118.21875,118.25,805
2026-03-11T11:35:00,118.25,118.28125,118.25,118.25,482
2026-03-11T11:40:00,118.25,118.28125,118.1875,118.21875,839
2026-03-11T11:45:00,118.25,118.28125,118.1875,118.21875,1213
2026-03-11T11:50:00,118.21875,118.28125,118.21875,118.21875,1924
2026-03-11T11:55:00,118.21875,118.25,118.1875,118.1875,2044
2026-03-11T12:00:00,118.1875,118.21875,118.1875,118.21875,1066
2026-03-11T12:05:00,118.21875,118.25,118.1875,118.25,1384
2026-03-11T12:10:00,118.25,118.25,118.125,118.15625,3345
2026-03-11T12:15:00,118.15625,118.25,118.15625,118.15625,2964
2026-03-11T12:20:00,118.15625,118.1875,118.125,118.15625,1851
2026-03-11T12:25:00,118.15625,118.28125,118.125,118.28125,2079
2026-03-11T12:30:00,118.28125,118.5,117.96875,118.0625,5562
2026-03-11T12:35:00,118.0625,118.0625,117.96875,118.03125,5090
2026-03-11T12:40:00,118.0,118.0625,117.8125,117.84375,5934
2026-03-11T12:45:00,117.875,117.875,117.75,117.84375,3996
2026-03-11T12:50:00,117.84375,117.875,117.78125,117.84375,2922
2026-03-11T12:55:00,117.875,117.90625,117.8125,117.84375,3179
2026-03-11T13:00:00,117.8125,117.9375,117.8125,117.90625,5845
2026-03-11T13:05:00,117.90625,117.96875,117.875,117.90625,2785
2026-03-11T13:10:00,117.875,117.90625,117.875,117.90625,2274
2026-03-11T13:15:00,117.90625,117.96875,117.875,117.9375,3105
2026-03-11T13:20:00,117.90625,117.9375,117.875,117.9375,3356
2026-03-11T13:25:00,117.96875,117.96875,117.90625,117.9375,980
2026-03-11T13:30:00,117.96875,117.96875,117.90625,117.9375,2694
2026-03-11T13:35:00,117.9375,117.96875,117.875,117.875,3014
2026-03-11T13:40:00,117.875,117.90625,117.78125,117.78125,1856
2026-03-11T13:45:00,117.78125,117.84375,117.75,117.8125,2784
2026-03-11T13:50:00,117.84375,117.84375,117.78125,117.8125,1796
2026-03-11T13:55:00,117.8125,117.90625,117.8125,117.875,5059
2026-03-11T14:00:00,117.90625,118.03125,117.84375,117.84375,6340
2026-03-11T14:05:00,117.875,117.875,117.78125,117.78125,3233
2026-03-11T14:10:00,117.78125,117.8125,117.78125,117.78125,1830
2026-03-11T14:15:00,117.78125,117.90625,117.78125,117.84375,1814
2026-03-11T14:20:00,117.875,117.90625,117.75,117.78125,2466
2026-03-11T14:25:00,117.78125,117.8125,117.71875,117.78125,1834
2026-03-11T14:30:00,117.75,117.78125,117.59375,117.625,5441
2026-03-11T14:35:00,117.59375,117.65625,117.59375,117.625,3522
2026-03-11T14:40:00,117.625,117.6875,117.59375,117.59375,2733
2026-03-11T14:45:00,117.59375,117.65625,117.59375,117.59375,1576
2026-03-11T14:50:00,117.59375,117.625,117.5625,117.59375,2239
2026-03-11T14:55:00,117.59375,117.65625,117.59375,117.625,2271
2026-03-11T15:00:00,117.625,117.6875,117.5,117.5625,3778
2026-03-11T15:05:00,117.5625,117.59375,117.5625,117.5625,1483
2026-03-11T15:10:00,117.5625,117.5625,117.5,117.53125,2932
2026-03-11T15:15:00,117.53125,117.53125,117.5,117.5,1386
2026-03-11T15:20:00,117.53125,117.5625,117.46875,117.53125,2739
2026-03-11T15:25:00,117.53125,117.53125,117.46875,117.46875,3360
2026-03-11T15:30:00,117.46875,117.46875,117.40625,117.40625,2017
2026-03-11T15:35:00,117.4375,117.5,117.4375,117.46875,3586
2026-03-11T15:40:00,117.46875,117.46875,117.3125,117.34375,2672
2026-03-11T15:45:00,117.34375,117.375,117.3125,117.3125,3069
2026-03-11T15:50:00,117.3125,117.375,117.28125,117.375,3715
2026-03-11T15:55:00,117.34375,117.34375,117.25,117.25,2945
2026-03-11T16:00:00,117.28125,117.3125,117.25,117.28125,1397
2026-03-11T16:05:00,117.25,117.3125,117.25,117.28125,1740
2026-03-11T16:10:00,117.28125,117.375,117.28125,117.375,2059
2026-03-11T16:15:00,117.40625,117.40625,117.3125,117.3125,3092
2026-03-11T16:20:00,117.3125,117.375,117.28125,117.375,2096
2026-03-11T16:25:00,117.375,117.375,117.3125,117.34375,666
2026-03-11T16:30:00,117.375,117.4375,117.375,117.40625,2912
2026-03-11T16:35:00,117.4375,117.5,117.4375,117.4375,4269
2026-03-11T16:40:00,117.4375,117.5,117.4375,117.4375,1762
2026-03-11T16:45:00,117.4375,117.4375,117.375,117.375,1178
2026-03-11T16:50:00,117.375,117.46875,117.34375,117.46875,2655
2026-03-11T16:55:00,117.4375,117.46875,117.375,117.375,2011
2026-03-11T17:00:00,117.375,117.375,117.28125,117.34375,2867
2026-03-11T17:05:00,117.34375,117.40625,117.34375,117.34375,1843
2026-03-11T17:10:00,117.3125,117.3125,117.21875,117.25,2203
2026-03-11T17:15:00,117.28125,117.28125,117.15625,117.15625,2749
2026-03-11T17:20:00,117.1875,117.21875,117.15625,117.21875,2454
2026-03-11T17:25:00,117.25,117.25,117.21875,117.21875,1601
2026-03-11T17:30:00,117.21875,117.25,117.15625,117.1875,2855
2026-03-11T17:35:00,117.1875,117.1875,117.0625,117.09375,3970
2026-03-11T17:40:00,117.125,117.1875,117.09375,117.15625,1957
2026-03-11T17:45:00,117.15625,117.34375,117.15625,117.3125,4394
2026-03-11T17:50:00,117.3125,117.375,117.28125,117.28125,2481
2026-03-11T17:55:00,117.28125,117.34375,117.28125,117.3125,2487
2026-03-11T18:00:00,117.3125,117.34375,117.28125,117.34375,2157
2026-03-11T18:05:00,117.34375,117.40625,117.34375,117.375,2364
2026-03-11T18:10:00,117.375,117.40625,117.375,117.40625,2409
2026-03-11T18:15:00,117.375,117.40625,117.375,117.375,774
2026-03-11T18:20:00,117.375,117.4375,117.375,117.40625,1694
2026-03-11T18:25:00,117.375,117.40625,117.34375,117.375,1834
2026-03-11T18:30:00,117.34375,117.40625,117.34375,117.375,1947
2026-03-11T18:35:00,117.375,117.375,117.34375,117.34375,3311
2026-03-11T18:40:00,117.34375,117.375,117.34375,117.34375,993
2026-03-11T18:45:00,117.375,117.4375,117.375,117.4375,2869
2026-03-11T18:50:00,117.40625,117.46875,117.40625,117.46875,2575
2026-03-11T18:55:00,117.46875,117.46875,117.34375,117.375,4347
2026-03-11T19:00:00,117.375,117.40625,117.34375,117.34375,1736
2026-03-11T19:05:00,117.34375,117.375,117.3125,117.34375,1926
2026-03-11T19:10:00,117.375,117.4375,117.3125,117.3125,5504
2026-03-11T19:15:00,117.34375,117.4375,117.34375,117.40625,1401
2026-03-11T19:20:00,117.40625,117.4375,117.375,117.375,1348
2026-03-11T19:25:00,117.375,117.375,117.28125,117.3125,4566
2026-03-11T19:30:00,117.3125,117.3125,117.25,117.28125,4976
2026-03-11T19:35:00,117.28125,117.3125,117.25,117.3125,1745
2026-03-11T19:40:00,117.3125,117.34375,117.28125,117.28125,1163
2026-03-11T19:45:00,117.3125,117.34375,117.28125,117.28125,2095
2026-03-11T19:50:00,117.28125,117.28125,117.1875,117.1875,2371
2026-03-11T19:55:00,117.21875,117.25,117.15625,117.1875,7952
2026-03-11T20:00:00,117.1875,117.1875,117.09375,117.125,2715
2026-03-11T20:05:00,117.09375,117.125,116.96875,117.0,4434
2026-03-11T20:10:00,117.0,117.03125,116.9375,116.96875,3615
2026-03-11T20:15:00,116.96875,117.0,116.9375,116.96875,1942
2026-03-11T20:20:00,116.96875,117.0625,116.96875,117.0625,2166
2026-03-11T20:25:00,117.0625,117.0625,117.03125,117.0625,1401
2026-03-11T20:30:00,117.0625,117.0625,117.0,117.0625,1079
2026-03-11T20:35:00,117.0625,117.0625,117.0,117.03125,1328
2026-03-11T20:40:00,117.0,117.03125,116.96875,117.0,1958
2026-03-11T20:45:00,117.0,117.0,116.9375,116.9375,1460
2026-03-11T20:50:00,116.96875,117.0,116.9375,117.0,2391
2026-03-11T20:55:00,116.96875,117.0,116.90625,116.90625,1593
2026-03-11T22:00:00,116.90625,117.0,116.90625,116.96875,340
2026-03-11T22:05:00,116.9375,116.9375,116.8125,116.8125,203
2026-03-11T22:10:00,116.84375,116.84375,116.75,116.75,227
2026-03-11T22:15:00,116.75,116.84375,116.75,116.8125,268
2026-03-11T22:20:00,116.84375,116.84375,116.8125,116.84375,6
2026-03-11T22:25:00,116.84375,116.84375,116.78125,116.78125,290
2026-03-11T22:30:00,116.78125,116.78125,116.625,116.625,693
2026-03-11T22:35:00,116.625,116.625,116.5625,116.5625,563
2026-03-11T22:40:00,116.5625,116.59375,116.5625,116.5625,122
2026-03-11T22:45:00,116.5625,116.625,116.5625,116.625,134
2026-03-11T22:50:00,116.65625,116.6875,116.65625,116.6875,678
2026-03-11T22:55:00,116.6875,116.71875,116.65625,116.71875,471
2026-03-11T23:00:00,116.71875,116.75,116.6875,116.71875,237
2026-03-11T23:05:00,116.71875,116.71875,116.6875,116.71875,236
2026-03-11T23:10:00,116.6875,116.71875,116.6875,116.6875,72
2026-03-11T23:15:00,116.6875,116.6875,116.625,116.65625,282
2026-03-11T23:20:00,116.625,116.625,116.625,116.625,19
2026-03-11T23:25:00,116.625,116.65625,116.59375,116.625,108
2026-03-11T23:30:00,116.59375,116.59375,116.5625,116.59375,337
2026-03-11T23:35:00,116.59375,116.65625,116.5625,116.65625,426
2026-03-11T23:40:00,116.65625,116.65625,116.625,116.65625,788
2026-03-11T23:45:00,116.65625,116.6875,116.65625,116.6875,214
2026-03-11T23:50:00,116.6875,116.71875,116.6875,116.71875,489
2026-03-11T23:55:00,116.75,116.75,116.71875,116.75,488
2026-03-12T00:00:00,116.71875,116.75,116.6875,116.71875,827
2026-03-12T00:05:00,116.71875,116.71875,116.6875,116.71875,272
2026-03-12T00:10:00,116.71875,116.78125,116.6875,116.75,456
2026-03-12T00:15:00,116.78125,116.78125,116.6875,116.71875,339
2026-03-12T00:20:00,116.71875,116.75,116.71875,116.75,98
2026-03-12T00:25:00,116.75,116.78125,116.75,116.78125,137
2026-03-12T00:30:00,116.78125,116.78125,116.75,116.78125,419
2026-03-12T00:35:00,116.8125,116.84375,116.78125,116.8125,410
2026-03-12T00:40:00,116.8125,116.84375,116.8125,116.84375,397
2026-03-12T00:45:00,116.84375,116.90625,116.84375,116.875,1012
2026-03-12T00:50:00,116.875,116.9375,116.875,116.9375,890
2026-03-12T00:55:00,116.9375,116.9375,116.90625,116.90625,980
2026-03-12T01:00:00,116.90625,116.96875,116.875,116.96875,352
2026-03-12T01:05:00,116.9375,116.96875,116.9375,116.96875,842
2026-03-12T01:10:00,116.96875,116.96875,116.90625,116.9375,1140
2026-03-12T01:15:00,116.9375,116.9375,116.875,116.9375,626
2026-03-12T01:20:00,116.9375,117.0,116.9375,117.0,660
2026-03-12T01:25:00,117.0,117.03125,116.96875,117.0,869
2026-03-12T01:30:00,117.03125,117.03125,116.96875,117.0,431
2026-03-12T01:35:00,117.0,117.03125,117.0,117.0,37
2026-03-12T01:40:00,117.03125,117.0625,117.03125,117.0625,438
2026-03-12T01:45:00,117.0625,117.09375,117.03125,117.03125,541
2026-03-12T01:50:00,117.03125,117.09375,117.03125,117.09375,284
2026-03-12T01:55:00,117.09375,117.09375,117.03125,117.03125,359
2026-03-12T02:00:00,117.0625,117.0625,117.03125,117.03125,146
2026-03-12T02:05:00,117.0625,117.0625,117.03125,117.03125,107
2026-03-12T02:10:00,117.03125,117.03125,117.0,117.03125,117
2026-03-12T02:15:00,117.0,117.0,116.96875,116.96875,466
2026-03-12T02:20:00,117.0,117.0,116.9375,116.96875,437
2026-03-12T02:25:00,116.96875,116.96875,116.875,116.90625,324
2026-03-12T02:30:00,116.90625,116.90625,116.84375,116.875,1215
2026-03-12T02:35:00,116.875,116.90625,116.8125,116.875,933
2026-03-12T02:40:00,116.90625,116.9375,116.875,116.90625,933
2026-03-12T02:45:00,116.90625,116.90625,116.875,116.90625,365
2026-03-12T02:50:00,116.875,116.90625,116.875,116.875,520
2026-03-12T02:55:00,116.90625,116.90625,116.875,116.875,307
2026-03-12T03:00:00,116.90625,116.90625,116.90625,116.90625,458
2026-03-12T03:05:00,116.90625,116.9375,116.875,116.875,272
2026-03-12T03:10:00,116.90625,116.90625,116.875,116.90625,112
2026-03-12T03:15:00,116.875,116.90625,116.84375,116.84375,222
2026-03-12T03:20:00,116.84375,116.84375,116.78125,116.8125,580
2026-03-12T03:25:00,116.8125,116.875,116.8125,116.875,119
2026-03-12T03:30:00,116.84375,116.90625,116.84375,116.90625,165
2026-03-12T03:35:00,116.90625,116.9375,116.90625,116.90625,170
2026-03-12T03:40:00,116.90625,116.9375,116.90625,116.9375,203
2026-03-12T03:45:00,116.9375,116.9375,116.84375,116.875,1015
2026-03-12T03:50:00,116.875,116.90625,116.84375,116.84375,294
2026-03-12T03:55:00,116.84375,116.875,116.84375,116.875,466
2026-03-12T04:00:00,116.84375,116.84375,116.8125,116.84375,439
2026-03-12T04:05:00,116.84375,116.84375,116.8125,116.8125,192
2026-03-12T04:10:00,116.8125,116.84375,116.8125,116.84375,407
2026-03-12T04:15:00,116.84375,116.84375,116.8125,116.84375,113
2026-03-12T04:20:00,116.84375,116.84375,116.84375,116.84375,207
2026-03-12T04:25:00,116.84375,116.84375,116.84375,116.84375,115
2026-03-12T04:30:00,116.875,116.875,116.84375,116.875,72
2026-03-12T04:35:00,116.875,116.875,116.8125,116.8125,483
2026-03-12T04:40:00,116.84375,116.84375,116.84375,116.84375,32
2026-03-12T04:45:00,116.84375,116.84375,116.78125,116.8125,200
2026-03-12T04:50:00,116.8125,116.8125,116.8125,116.8125,98
2026-03-12T04:55:00,116.8125,116.8125,116.8125,116.8125,130
2026-03-12T05:00:00,116.84375,116.875,116.84375,116.875,199
2026-03-12T05:05:00,116.875,116.90625,116.875,116.90625,128
2026-03-12T05:10:00,116.90625,116.9375,116.875,116.90625,804
2026-03-12T05:15:00,116.90625,116.90625,116.875,116.875,6
2026-03-12T05:20:00,116.875,116.875,116.84375,116.84375,172
2026-03-12T05:25:00,116.875,116.875,116.8125,116.84375,121
2026-03-12T05:30:00,116.84375,116.875,116.84375,116.84375,173
2026-03-12T05:35:00,116.8125,116.84375,116.8125,116.84375,13
2026-03-12T05:40:00,116.8125,116.84375,116.8125,116.84375,185
2026-03-12T05:45:00,116.84375,116.84375,116.78125,116.8125,529
2026-03-12T05:50:00,116.78125,116.8125,116.78125,116.8125,413
2026-03-12T05:55:00,116.8125,116.84375,116.8125,116.8125,187
2026-03-12T06:00:00,116.8125,116.84375,116.8125,116.84375,437
2026-03-12T06:05:00,116.84375,116.84375,116.8125,116.8125,324
2026-03-12T06:10:00,116.84375,116.875,116.8125,116.8125,213
2026-03-12T06:15:00,116.8125,116.90625,116.8125,116.875,291
2026-03-12T06:20:00,116.875,116.90625,116.875,116.875,1056
2026-03-12T06:25:00,116.875,116.90625,116.8125,116.90625,1280
2026-03-12T06:30:00,116.90625,116.9375,116.90625,116.9375,300
2026-03-12T06:35:00,116.9375,116.9375,116.90625,116.9375,21
2026-03-12T06:40:00,116.90625,116.96875,116.875,116.90625,1076
2026-03-12T06:45:00,116.9375,117.0,116.9375,116.96875,441
2026-03-12T06:50:00,116.96875,117.0,116.96875,117.0,217
2026-03-12T06:55:00,116.96875,117.0,116.96875,116.96875,293
2026-03-12T07:00:00,116.96875,116.96875,116.84375,116.875,1382
2026-03-12T07:05:00,116.84375,116.90625,116.84375,116.84375,574
2026-03-12T07:10:00,116.8125,116.875,116.8125,116.875,560
2026-03-12T07:15:00,116.84375,116.84375,116.8125,116.8125,397
2026-03-12T07:20:00,116.84375,116.875,116.8125,116.84375,498
2026-03-12T07:25:00,116.875,116.90625,116.8125,116.8125,561
2026-03-12T07:30:00,116.8125,116.84375,116.75,116.78125,1052
2026-03-12T07:35:00,116.78125,116.84375,116.78125,116.84375,542
2026-03-12T07:40:00,116.84375,116.875,116.84375,116.875,901
2026-03-12T07:45:00,116.875,116.875,116.78125,116.78125,1054
2026-03-12T07:50:00,116.78125,116.78125,116.75,116.78125,678
2026-03-12T07:55:00,116.78125,116.875,116.78125,116.875,508
2026-03-12T08:00:00,116.875,116.90625,116.84375,116.90625,1516
2026-03-12T08:05:00,116.875,116.90625,116.84375,116.875,971
2026-03-12T08:10:00,116.90625,116.96875,116.90625,116.9375,408
2026-03-12T08:15:00,116.9375,116.96875,116.90625,116.9375,885
2026-03-12T08:20:00,116.90625,116.90625,116.84375,116.875,540
2026-03-12T08:25:00,116.84375,116.9375,116.84375,116.875,516
2026-03-12T08:30:00,116.90625,116.96875,116.90625,116.90625,1273
2026-03-12T08:35:00,116.9375,116.9375,116.875,116.875,593
2026-03-12T08:40:00,116.875,116.875,116.84375,116.875,707
2026-03-12T08:45:00,116.875,116.9375,116.875,116.90625,570
2026-03-12T08:50:00,116.90625,116.90625,116.84375,116.84375,403
2026-03-12T08:55:00,116.84375,116.875,116.75,116.75,436
2026-03-12T09:00:00,116.78125,116.8125,116.75,116.78125,1358
2026-03-12T09:05:00,116.78125,116.8125,116.75,116.78125,529
2026-03-12T09:10:00,116.78125,116.8125,116.75,116.8125,376
2026-03-12T09:15:00,116.78125,116.84375,116.75,116.75,361
2026-03-12T09:20:00,116.78125,116.84375,116.75,116.8125,337
2026-03-12T09:25:00,116.84375,116.875,116.8125,116.875,334
2026-03-12T09:30:00,116.875,116.90625,116.84375,116.875,815
2026-03-12T09:35:00,116.875,116.90625,116.875,116.875,270
2026-03-12T09:40:00,116.90625,116.96875,116.90625,116.9375,976
2026-03-12T09:45:00,116.96875,117.0,116.96875,117.0,374
2026-03-12T09:50:00,117.0,117.03125,117.0,117.0,525
2026-03-12T09:55:00,117.0,117.03125,116.96875,117.0,781
2026-03-12T10:00:00,116.96875,117.0,116.96875,116.96875,825
2026-03-12T10:05:00,116.96875,117.0,116.875,116.875,424
2026-03-12T10:10:00,116.90625,116.96875,116.875,116.96875,411
2026-03-12T10:15:00,116.9375,116.9375,116.875,116.875,1421
2026-03-12T10:20:00,116.90625,116.90625,116.8125,116.84375,558
2026-03-12T10:25:00,116.8125,116.875,116.8125,116.875,284
2026-03-12T10:30:00,116.875,116.9375,116.875,116.9375,1035
2026-03-12T10:35:00,116.9375,116.96875,116.90625,116.9375,540
2026-03-12T10:40:00,116.9375,116.96875,116.9375,116.9375,313
2026-03-12T10:45:00,116.90625,116.96875,116.90625,116.9375,264
2026-03-12T10:50:00,116.9375,116.9375,116.78125,116.8125,663
2026-03-12T10:55:00,116.8125,116.84375,116.8125,116.8125,208
2026-03-12T11:00:00,116.8125,116.875,116.78125,116.84375,526
2026-03-12T11:05:00,116.84375,116.84375,116.75,116.78125,710
2026-03-12T11:10:00,116.78125,116.84375,116.78125,116.78125,781
2026-03-12T11:15:00,116.78125,116.84375,116.78125,116.8125,832
2026-03-12T11:20:00,116.84375,116.90625,116.8125,116.90625,1069
2026-03-12T11:25:00,116.90625,116.9375,116.84375,116.9375,547
2026-03-12T11:30:00,116.9375,117.03125,116.9375,117.0,1475
2026-03-12T11:35:00,117.0,117.09375,116.96875,117.09375,2330
2026-03-12T11:40:00,117.09375,117.1875,117.09375,117.1875,3847
2026-03-12T11:45:00,117.15625,117.15625,117.03125,117.03125,2312
2026-03-12T11:50:00,117.03125,117.03125,116.9375,116.96875,1365
2026-03-12T11:55:00,116.96875,117.0,116.9375,116.96875,1432
2026-03-12T12:00:00,116.96875,116.96875,116.90625,116.9375,1871
2026-03-12T12:05:00,116.9375,117.0625,116.84375,117.03125,3828
2026-03-12T12:10:00,117.03125,117.09375,116.96875,117.0625,3342
2026-03-12T12:15:00,117.0625,117.09375,117.0,117.0,1999
2026-03-12T12:20:00,117.0,117.0,116.90625,116.9375,3046
2026-03-12T12:25:00,116.9375,117.0,116.875,116.9375,2007
2026-03-12T12:30:00,116.9375,117.0625,116.875,116.96875,4233
2026-03-12T12:35:00,116.96875,117.0,116.875,116.875,1515
2026-03-12T12:40:00,116.90625,117.09375,116.90625,117.09375,3323
2026-03-12T12:45:00,117.09375,117.125,117.0625,117.09375,2180
2026-03-12T12:50:00,117.09375,117.125,116.96875,117.03125,2402
2026-03-12T12:55:00,117.03125,117.09375,116.96875,117.0,2035
2026-03-12T13:00:00,117.03125,117.1875,117.0,117.15625,3357
2026-03-12T13:05:00,117.125,117.125,117.03125,117.03125,2427
2026-03-12T13:10:00,117.03125,117.0625,116.9375,116.9375,2471
2026-03-12T13:15:00,116.9375,116.9375,116.78125,116.8125,5561
2026-03-12T13:20:00,116.8125,116.96875,116.8125,116.9375,5367
2026-03-12T13:25:00,116.90625,116.9375,116.8125,116.8125,2860
2026-03-12T13:30:00,116.84375,116.84375,116.65625,116.78125,5898
2026-03-12T13:35:00,116.78125,116.875,116.71875,116.84375,5038
2026-03-12T13:40:00,116.84375,116.84375,116.75,116.84375,3357
2026-03-12T13:45:00,116.84375,116.875,116.78125,116.875,3804
2026-03-12T13:50:00,116.875,117.0,116.875,117.0,4033
2026-03-12T13:55:00,116.96875,117.03125,116.9375,117.03125,3241
2026-03-12T14:00:00,117.03125,117.125,117.03125,117.09375,3934
2026-03-12T14:05:00,117.09375,117.125,117.03125,117.0625,3853
2026-03-12T14:10:00,117.09375,117.09375,117.0,117.03125,3772
2026-03-12T14:15:00,117.03125,117.09375,117.03125,117.09375,5705
2026-03-12T14:20:00,117.09375,117.15625,117.03125,117.09375,3776
2026-03-12T14:25:00,117.09375,117.1875,117.0625,117.0625,3982
2026-03-12T14:30:00,117.0625,117.0625,117.0,117.03125,3532
2026-03-12T14:35:00,117.03125,117.09375,117.0,117.03125,3275
2026-03-12T14:40:00,117.03125,117.125,117.0,117.125,1817
2026-03-12T14:45:00,117.125,117.21875,117.03125,117.0625,5281
2026-03-12T14:50:00,117.0625,117.1875,117.0625,117.15625,3801
2026-03-12T14:55:00,117.15625,117.1875,117.125,117.15625,3187
2026-03-12T15:00:00,117.15625,117.1875,116.9375,116.96875,6262
2026-03-12T15:05:00,116.96875,117.0,116.875,116.875,3908
2026-03-12T15:10:00,116.875,116.9375,116.8125,116.9375,3656
2026-03-12T15:15:00,116.90625,116.9375,116.8125,116.84375,1949
2026-03-12T15:20:00,116.84375,116.875,116.8125,116.8125,4061
2026-03-12T15:25:00,116.84375,116.875,116.78125,116.8125,3281
2026-03-12T15:30:00,116.8125,116.875,116.8125,116.875,6218
2026-03-12T15:35:00,116.875,117.09375,116.875,117.09375,6486
2026-03-12T15:40:00,117.0625,117.125,117.0,117.09375,5888
2026-03-12T15:45:00,117.09375,117.125,116.96875,117.0,3526
2026-03-12T15:50:00,116.96875,117.0625,116.96875,117.0,3027
2026-03-12T15:55:00,116.96875,117.0,116.9375,116.96875,1935
2026-03-12T16:00:00,116.96875,116.96875,116.875,116.90625,2262
2026-03-12T16:05:00,116.90625,116.96875,116.84375,116.84375,2763
2026-03-12T16:10:00,116.84375,116.9375,116.84375,116.90625,4064
2026-03-12T16:15:00,116.90625,116.96875,116.875,116.96875,4020
2026-03-12T16:20:00,116.9375,117.0625,116.9375,116.96875,5464
2026-03-12T16:25:00,116.96875,116.96875,116.90625,116.90625,5756
2026-03-12T16:30:00,116.90625,117.0,116.875,116.96875,4490
2026-03-12T16:35:00,117.0,117.09375,116.96875,117.09375,6815
2026-03-12T16:40:00,117.0625,117.125,117.0625,117.09375,3707
2026-03-12T16:45:00,117.0625,117.125,117.0625,117.09375,6281
2026-03-12T16:50:00,117.125,117.15625,117.03125,117.03125,4104
2026-03-12T16:55:00,117.0625,117.0625,116.96875,117.0,3560
2026-03-12T17:00:00,117.0,117.1875,116.96875,117.15625,6157
2026-03-12T17:05:00,117.125,117.21875,117.09375,117.125,4744
2026-03-12T17:10:00,117.125,117.1875,117.09375,117.125,2185
2026-03-12T17:15:00,117.09375,117.125,117.0625,117.09375,1215
2026-03-12T17:20:00,117.09375,117.15625,117.09375,117.09375,1406
2026-03-12T17:25:00,117.125,117.21875,117.125,117.1875,3779
2026-03-12T17:30:00,117.1875,117.28125,117.1875,117.25,3558
2026-03-12T17:35:00,117.25,117.3125,117.21875,117.28125,7871
2026-03-12T17:40:00,117.28125,117.3125,117.15625,117.15625,3111
2026-03-12T17:45:00,117.15625,117.21875,117.125,117.21875,3399
2026-03-12T17:50:00,117.1875,117.21875,117.125,117.1875,2781
2026-03-12T17:55:00,117.1875,117.1875,117.09375,117.125,2799
2026-03-12T18:00:00,117.09375,117.125,117.0625,117.09375,2211
2026-03-12T18:05:00,117.0625,117.15625,117.03125,117.125,2450
2026-03-12T18:10:00,117.15625,117.1875,117.125,117.125,4117
2026-03-12T18:15:00,117.15625,117.15625,117.09375,117.09375,1478
2026-03-12T18:20:00,117.09375,117.09375,117.03125,117.09375,1317
2026-03-12T18:25:00,117.09375,117.15625,117.0625,117.09375,2139
2026-03-12T18:30:00,117.0625,117.125,117.0625,117.09375,1419
2026-03-12T18:35:00,117.09375,117.125,117.09375,117.125,348
2026-03-12T18:40:00,117.09375,117.125,117.0625,117.125,1537
2026-03-12T18:45:00,117.09375,117.125,117.0625,117.09375,1404
2026-03-12T18:50:00,117.0625,117.09375,117.03125,117.03125,1220
2026-03-12T18:55:00,117.03125,117.03125,116.8125,116.875,8407
2026-03-12T19:00:00,116.84375,116.875,116.75,116.84375,5981
2026-03-12T19:05:00,116.84375,116.90625,116.84375,116.875,2170
2026-03-12T19:10:00,116.84375,116.90625,116.8125,116.84375,2876
2026-03-12T19:15:00,116.84375,116.875,116.8125,116.84375,836
2026-03-12T19:20:00,116.875,116.90625,116.8125,116.875,3559
2026-03-12T19:25:00,116.875,116.875,116.8125,116.875,1969
2026-03-12T19:30:00,116.84375,117.0,116.84375,117.0,4733
2026-03-12T19:35:00,116.96875,117.03125,116.96875,117.0,4421
2026-03-12T19:40:00,117.0,117.03125,117.0,117.03125,2142
2026-03-12T19:45:00,117.03125,117.09375,117.0,117.0625,2932
2026-03-12T19:50:00,117.0625,117.09375,117.03125,117.0625,1271
2026-03-12T19:55:00,117.03125,117.03125,116.9375,116.9375,5391
2026-03-12T20:00:00,116.96875,117.0,116.84375,116.90625,7258
2026-03-12T20:05:00,116.9375,116.9375,116.875,116.875,2040
2026-03-12T20:10:00,116.875,116.875,116.84375,116.84375,1203
2026-03-12T20:15:00,116.875,116.875,116.84375,116.84375,1974
2026-03-12T20:20:00,116.84375,116.875,116.8125,116.8125,897
2026-03-12T20:25:00,116.8125,116.84375,116.75,116.78125,2288
2026-03-12T20:30:00,116.78125,116.84375,116.75,116.84375,2997
2026-03-12T20:35:00,116.84375,116.90625,116.84375,116.90625,534
2026-03-12T20:40:00,116.90625,116.9375,116.90625,116.90625,1483
2026-03-12T20:45:00,116.9375,116.96875,116.90625,116.9375,2527
2026-03-12T20:50:00,116.9375,116.9375,116.84375,116.90625,3996
2026-03-12T20:55:00,116.90625,116.90625,116.8125,116.84375,678
2026-03-12T22:00:00,116.84375,116.90625,116.75,116.8125,474
2026-03-12T22:05:00,116.8125,116.8125,116.78125,116.8125,40
2026-03-12T22:10:00,116.8125,116.90625,116.8125,116.90625,273
2026-03-12T22:15:00,116.90625,116.9375,116.90625,116.9375,64
2026-03-12T22:20:00,116.9375,116.96875,116.90625,116.90625,173
2026-03-12T22:25:00,116.90625,116.90625,116.875,116.875,269
2026-03-12T22:30:00,116.875,116.90625,116.84375,116.90625,42
2026-03-12T22:35:00,116.875,116.875,116.875,116.875,8
2026-03-12T22:40:00,116.90625,116.9375,116.90625,116.9375,230
2026-03-12T22:45:00,116.90625,116.90625,116.90625,116.90625,127
2026-03-12T22:55:00,116.875,116.875,116.875,116.875,3
2026-03-12T23:00:00,116.875,116.90625,116.875,116.875,378
2026-03-12T23:05:00,116.875,116.875,116.78125,116.8125,545
2026-03-12T23:10:00,116.78125,116.78125,116.78125,116.78125,147
2026-03-12T23:15:00,116.8125,116.8125,116.8125,116.8125,129
2026-03-12T23:20:00,116.8125,116.84375,116.8125,116.84375,150
2026-03-12T23:25:00,116.84375,116.875,116.84375,116.875,81
2026-03-12T23:30:00,116.875,116.90625,116.84375,116.84375,110
2026-03-12T23:35:00,116.875,116.875,116.84375,116.84375,115
2026-03-12T23:40:00,116.84375,116.84375,116.84375,116.84375,63
2026-03-12T23:45:00,116.84375,116.875,116.78125,116.875,537
2026-03-12T23:50:00,116.875,116.875,116.875,116.875,266
2026-03-12T23:55:00,116.875,116.875,116.875,116.875,101
2026-03-13T00:00:00,116.875,116.90625,116.84375,116.90625,625
2026-03-13T00:05:00,116.875,116.875,116.8125,116.8125,385
2026-03-13T00:10:00,116.8125,116.84375,116.78125,116.84375,280
2026-03-13T00:15:00,116.84375,116.90625,116.84375,116.875,295
2026-03-13T00:20:00,116.875,116.875,116.84375,116.84375,188
2026-03-13T00:25:00,116.84375,116.875,116.84375,116.84375,159
2026-03-13T00:30:00,116.875,116.875,116.84375,116.84375,64
2026-03-13T00:35:00,116.84375,116.84375,116.8125,116.8125,224
2026-03-13T00:40:00,116.78125,116.84375,116.78125,116.84375,91
2026-03-13T00:45:00,116.84375,116.84375,116.8125,116.84375,271
2026-03-13T00:50:00,116.84375,116.875,116.84375,116.875,237
2026-03-13T00:55:00,116.875,116.90625,116.875,116.90625,92
2026-03-13T01:00:00,116.875,116.9375,116.875,116.9375,209
2026-03-13T01:05:00,116.9375,116.96875,116.90625,116.96875,331
2026-03-13T01:10:00,116.9375,116.9375,116.90625,116.90625,186
2026-03-13T01:15:00,116.90625,116.9375,116.90625,116.9375,251
2026-03-13T01:20:00,116.9375,117.0,116.9375,116.96875,283
2026-03-13T01:25:00,116.96875,117.0,116.90625,116.90625,124
2026-03-13T01:30:00,116.90625,116.90625,116.875,116.875,39
2026-03-13T01:35:00,116.90625,116.96875,116.875,116.9375,247
2026-03-13T01:40:00,116.9375,116.9375,116.875,116.90625,166
2026-03-13T01:45:00,116.90625,116.90625,116.875,116.90625,184
2026-03-13T01:50:00,116.90625,116.9375,116.84375,116.875,719
2026-03-13T01:55:00,116.84375,116.875,116.84375,116.875,214
2026-03-13T02:00:00,116.875,116.90625,116.84375,116.90625,483
2026-03-13T02:05:00,116.875,116.875,116.84375,116.84375,42
2026-03-13T02:10:00,116.84375,116.875,116.84375,116.84375,286
2026-03-13T02:15:00,116.84375,116.84375,116.8125,116.84375,20
2026-03-13T02:20:00,116.8125,116.84375,116.78125,116.8125,188
2026-03-13T02:25:00,116.8125,116.84375,116.8125,116.84375,29
2026-03-13T02:30:00,116.8125,116.84375,116.8125,116.84375,203
2026-03-13T02:35:00,116.875,116.875,116.8125,116.8125,125
2026-03-13T02:40:00,116.8125,116.875,116.8125,116.84375,101
2026-03-13T02:45:00,116.84375,116.84375,116.8125,116.8125,19
2026-03-13T02:50:00,116.84375,116.875,116.8125,116.875,121
2026-03-13T02:55:00,116.875,116.875,116.84375,116.84375,15
2026-03-13T03:00:00,116.84375,116.875,116.84375,116.84375,1247
2026-03-13T03:05:00,116.875,116.875,116.875,116.875,86
2026-03-13T03:10:00,116.84375,116.84375,116.84375,116.84375,229
2026-03-13T03:15:00,116.84375,116.875,116.84375,116.875,276
2026-03-13T03:20:00,116.875,116.875,116.84375,116.84375,78
2026-03-13T03:25:00,116.84375,116.875,116.84375,116.875,94
2026-03-13T03:30:00,116.84375,116.875,116.8125,116.875,295
2026-03-13T03:35:00,116.84375,116.875,116.84375,116.875,69
2026-03-13T03:40:00,116.875,116.875,116.875,116.875,54
2026-03-13T03:45:00,116.84375,116.875,116.84375,116.875,504
2026-03-13T03:50:00,116.875,116.875,116.875,116.875,195
2026-03-13T03:55:00,116.875,116.875,116.78125,116.8125,360
2026-03-13T04:00:00,116.78125,116.8125,116.75,116.78125,302
2026-03-13T04:05:00,116.78125,116.8125,116.78125,116.78125,177
2026-03-13T04:15:00,116.78125,116.78125,116.75,116.78125,67
2026-03-13T04:20:00,116.75,116.78125,116.75,116.75,280
2026-03-13T04:25:00,116.71875,116.75,116.6875,116.6875,236
2026-03-13T04:30:00,116.6875,116.71875,116.65625,116.6875,431
2026-03-13T04:35:00,116.6875,116.71875,116.6875,116.71875,277
2026-03-13T04:40:00,116.71875,116.75,116.6875,116.71875,70
2026-03-13T04:45:00,116.71875,116.71875,116.6875,116.71875,161
2026-03-13T04:50:00,116.71875,116.71875,116.71875,116.71875,138
2026-03-13T04:55:00,116.71875,116.71875,116.71875,116.71875,336
2026-03-13T05:00:00,116.71875,116.71875,116.6875,116.71875,111
2026-03-13T05:05:00,116.71875,116.75,116.6875,116.71875,821
2026-03-13T05:10:00,116.6875,116.71875,116.6875,116.6875,269
2026-03-13T05:15:00,116.71875,116.71875,116.6875,116.6875,117
2026-03-13T05:20:00,116.6875,116.71875,116.6875,116.6875,181
2026-03-13T05:25:00,116.71875,116.71875,116.6875,116.6875,262
2026-03-13T05:30:00,116.71875,116.71875,116.6875,116.6875,76
2026-03-13T05:35:00,116.71875,116.71875,116.71875,116.71875,1
2026-03-13T05:40:00,116.71875,116.71875,116.6875,116.6875,230
2026-03-13T05:45:00,116.65625,116.6875,116.65625,116.6875,181
2026-03-13T05:50:00,116.6875,116.71875,116.65625,116.65625,91
2026-03-13T05:55:00,116.65625,116.6875,116.65625,116.6875,5
2026-03-13T06:00:00,116.6875,116.71875,116.65625,116.71875,280
2026-03-13T06:05:00,116.71875,116.78125,116.71875,116.75,204
2026-03-13T06:10:00,116.75,116.78125,116.71875,116.71875,302
2026-03-13T06:15:00,116.71875,116.71875,116.6875,116.6875,144
2026-03-13T06:20:00,116.6875,116.6875,116.6875,116.6875,473
2026-03-13T06:25:00,116.6875,116.6875,116.59375,116.65625,981
2026-03-13T06:30:00,116.65625,116.6875,116.65625,116.6875,208
2026-03-13T06:35:00,116.65625,116.65625,116.59375,116.65625,343
2026-03-13T06:40:00,116.65625,116.65625,116.625,116.625,403
2026-03-13T06:45:00,116.625,116.625,116.5625,116.5625,464
2026-03-13T06:50:00,116.5625,116.59375,116.53125,116.59375,592
2026-03-13T06:55:00,116.59375,116.625,116.5625,116.59375,186
2026-03-13T07:00:00,116.5625,116.5625,116.53125,116.5625,926
2026-03-13T07:05:00,116.5625,116.5625,116.5,116.53125,535
2026-03-13T07:10:00,116.5,116.59375,116.5,116.59375,762
2026-03-13T07:15:00,116.59375,116.59375,116.5625,116.5625,492
2026-03-13T07:20:00,116.53125,116.53125,116.5,116.53125,535
2026-03-13T07:25:00,116.5625,116.59375,116.5625,116.59375,1117
2026-03-13T07:30:00,116.59375,116.59375,116.59375,116.59375,616
2026-03-13T07:35:00,116.625,116.625,116.59375,116.59375,560
2026-03-13T07:40:00,116.59375,116.59375,116.53125,116.59375,1743
2026-03-13T07:45:00,116.59375,116.59375,116.53125,116.53125,612
2026-03-13T07:50:00,116.53125,116.5625,116.5,116.5,1118
2026-03-13T07:55:00,116.46875,116.5,116.40625,116.46875,1610
2026-03-13T08:00:00,116.4375,116.53125,116.4375,116.46875,1321
2026-03-13T08:05:00,116.46875,116.5,116.4375,116.46875,538
2026-03-13T08:10:00,116.5,116.53125,116.40625,116.53125,1947
2026-03-13T08:15:00,116.53125,116.5625,116.53125,116.53125,336
2026-03-13T08:20:00,116.53125,116.59375,116.5,116.5,895
2026-03-13T08:25:00,116.5,116.5625,116.46875,116.5625,652
2026-03-13T08:30:00,116.53125,116.625,116.5,116.625,419
2026-03-13T08:35:00,116.625,116.65625,116.59375,116.625,1006
2026-03-13T08:40:00,116.59375,116.625,116.59375,116.59375,387
2026-03-13T08:45:00,116.59375,116.625,116.5625,116.625,377
2026-03-13T08:50:00,116.625,116.625,116.59375,116.625,51
2026-03-13T08:55:00,116.59375,116.625,116.5625,116.5625,676
2026-03-13T09:00:00,116.59375,116.625,116.5625,116.625,706
2026-03-13T09:05:00,116.625,116.625,116.59375,116.59375,450
2026-03-13T09:10:00,116.59375,116.59375,116.59375,116.59375,743
2026-03-13T09:15:00,116.5625,116.625,116.5625,116.59375,466
2026-03-13T09:20:00,116.59375,116.59375,116.5625,116.5625,287
2026-03-13T09:25:00,116.5625,116.5625,116.5,116.5,631
2026-03-13T09:30:00,116.5,116.53125,116.4375,116.53125,729
2026-03-13T09:35:00,116.53125,116.5625,116.53125,116.53125,283
2026-03-13T09:40:00,116.53125,116.53125,116.5,116.5,680
2026-03-13T09:45:00,116.5,116.5625,116.5,116.5625,365
2026-03-13T09:50:00,116.5625,116.5625,116.53125,116.5625,185
2026-03-13T09:55:00,116.53125,116.5625,116.53125,116.5625,74
2026-03-13T10:00:00,116.5625,116.625,116.5625,116.59375,1244
2026-03-13T10:05:00,116.59375,116.625,116.59375,116.59375,322
2026-03-13T10:10:00,116.5625,116.59375,116.53125,116.53125,1383
2026-03-13T10:15:00,116.53125,116.5625,116.53125,116.5625,643
2026-03-13T10:20:00,116.53125,116.5625,116.53125,116.5625,217
2026-03-13T10:25:00,116.5625,116.59375,116.53125,116.59375,1375
2026-03-13T10:30:00,116.59375,116.59375,116.59375,116.59375,77
2026-03-13T10:35:00,116.59375,116.59375,116.5625,116.5625,1261
2026-03-13T10:40:00,116.59375,116.59375,116.5625,116.5625,1325
2026-03-13T10:45:00,116.59375,116.78125,116.59375,116.78125,1255
2026-03-13T10:50:00,116.75,116.75,116.6875,116.71875,1308
2026-03-13T10:55:00,116.71875,116.75,116.6875,116.75,747
2026-03-13T11:00:00,116.78125,116.8125,116.75,116.8125,1086
2026-03-13T11:05:00,116.8125,116.875,116.75,116.75,1878
2026-03-13T11:10:00,116.78125,116.78125,116.6875,116.71875,1117
2026-03-13T11:15:00,116.75,116.78125,116.71875,116.78125,655
2026-03-13T11:20:00,116.78125,116.875,116.75,116.84375,1697
2026-03-13T11:25:00,116.8125,116.875,116.8125,116.84375,1785
2026-03-13T11:30:00,116.84375,116.84375,116.8125,116.84375,721
2026-03-13T11:35:00,116.84375,116.875,116.8125,116.84375,1393
2026-03-13T11:40:00,116.8125,116.84375,116.78125,116.84375,1366
2026-03-13T11:45:00,116.84375,116.875,116.78125,116.78125,3182
2026-03-13T11:50:00,116.78125,116.78125,116.71875,116.71875,1766
2026-03-13T11:55:00,116.71875,116.8125,116.6875,116.8125,679
2026-03-13T12:00:00,116.78125,116.8125,116.71875,116.75,2181
2026-03-13T12:05:00,116.71875,116.71875,116.65625,116.65625,1105
2026-03-13T12:10:00,116.6875,116.6875,116.59375,116.625,3116
2026-03-13T12:15:00,116.625,116.65625,116.5625,116.59375,2502
2026-03-13T12:20:00,116.59375,116.59375,116.5,116.53125,2669
2026-03-13T12:25:00,116.53125,116.53125,116.5,116.53125,2009
2026-03-13T12:30:00,116.53125,116.71875,116.5,116.6875,5245
2026-03-13T12:35:00,116.65625,116.78125,116.625,116.78125,4792
2026-03-13T12:40:00,116.8125,116.90625,116.8125,116.875,6006
2026-03-13T12:45:00,116.875,117.0,116.875,116.875,6101
2026-03-13T12:50:00,116.875,116.90625,116.78125,116.8125,3041
2026-03-13T12:55:00,116.8125,116.875,116.78125,116.875,1776
2026-03-13T13:00:00,116.875,116.9375,116.8125,116.84375,3592
2026-03-13T13:05:00,116.84375,116.84375,116.71875,116.78125,1520
2026-03-13T13:10:00,116.78125,116.875,116.75,116.8125,2393
2026-03-13T13:15:00,116.8125,116.84375,116.75,116.84375,1386
2026-03-13T13:20:00,116.8125,116.84375,116.78125,116.8125,3744
2026-03-13T13:25:00,116.8125,116.875,116.78125,116.8125,1910
2026-03-13T13:30:00,116.84375,116.9375,116.84375,116.84375,3200
2026-03-13T13:35:00,116.84375,117.0,116.84375,116.96875,2654
2026-03-13T13:40:00,116.96875,116.96875,116.90625,116.96875,2509
2026-03-13T13:45:00,116.96875,117.0,116.9375,116.96875,4146
2026-03-13T13:50:00,117.0,117.125,117.0,117.09375,5452
2026-03-13T13:55:00,117.09375,117.125,117.0625,117.0625,4172
2026-03-13T14:00:00,117.0625,117.125,117.03125,117.0625,3218
2026-03-13T14:05:00,117.0625,117.09375,116.96875,117.0,2402
2026-03-13T14:10:00,117.0,117.0,116.9375,116.96875,3813
2026-03-13T14:15:00,116.96875,117.09375,116.90625,117.0625,3918
2026-03-13T14:20:00,117.0625,117.125,116.96875,117.0,2987
2026-03-13T14:25:00,117.0,117.03125,116.90625,116.96875,4336
2026-03-13T14:30:00,116.96875,117.09375,116.96875,117.0625,2807
2026-03-13T14:35:00,117.03125,117.0625,116.90625,116.90625,3082
2026-03-13T14:40:00,116.90625,116.90625,116.78125,116.78125,4231
2026-03-13T14:45:00,116.78125,116.875,116.78125,116.84375,3906
2026-03-13T14:50:00,116.84375,116.9375,116.8125,116.8125,2742
2026-03-13T14:55:00,116.84375,116.90625,116.78125,116.875,1731
2026-03-13T15:00:00,116.875,116.875,116.5625,116.65625,6282
2026-03-13T15:05:00,116.65625,116.6875,116.59375,116.625,2603
2026-03-13T15:10:00,116.625,116.625,116.5,116.5625,2106
2026-03-13T15:15:00,116.59375,116.59375,116.53125,116.5625,3155
2026-03-13T15:20:00,116.5625,116.59375,116.4375,116.46875,2787
2026-03-13T15:25:00,116.46875,116.53125,116.40625,116.5,4007
2026-03-13T15:30:00,116.46875,116.5625,116.4375,116.5625,2622
2026-03-13T15:35:00,116.53125,116.53125,116.375,116.40625,5022
2026-03-13T15:40:00,116.375,116.375,116.3125,116.375,2998
2026-03-13T15:45:00,116.34375,116.46875,116.3125,116.40625,6049
2026-03-13T15:50:00,116.375,116.40625,116.28125,116.28125,2653
2026-03-13T15:55:00,116.28125,116.3125,116.25,116.28125,1591
2026-03-13T16:00:00,116.28125,116.34375,116.28125,116.3125,1724
2026-03-13T16:05:00,116.3125,116.34375,116.28125,116.28125,1080
2026-03-13T16:10:00,116.3125,116.34375,116.25,116.25,2510
2026-03-13T16:15:00,116.28125,116.375,116.25,116.3125,3332
2026-03-13T16:20:00,116.34375,116.375,116.3125,116.34375,2555
2026-03-13T16:25:00,116.3125,116.375,116.28125,116.28125,2542
2026-03-13T16:30:00,116.28125,116.34375,116.25,116.28125,2552
2026-03-13T16:35:00,116.28125,116.34375,116.25,116.25,1590
2026-03-13T16:40:00,116.28125,116.28125,116.25,116.25,1739
2026-03-13T16:45:00,116.28125,116.3125,116.25,116.28125,915
2026-03-13T16:50:00,116.3125,116.34375,116.28125,116.34375,1122
2026-03-13T16:55:00,116.34375,116.34375,116.28125,116.3125,1843
2026-03-13T17:00:00,116.34375,116.34375,116.25,116.25,1569
2026-03-13T17:05:00,116.25,116.3125,116.21875,116.25,1543
2026-03-13T17:10:00,116.25,116.375,116.21875,116.34375,1661
2026-03-13T17:15:00,116.34375,116.375,116.34375,116.34375,650
2026-03-13T17:20:00,116.375,116.375,116.3125,116.375,1331
2026-03-13T17:25:00,116.34375,116.375,116.3125,116.3125,591
2026-03-13T17:30:00,116.3125,116.375,116.28125,116.3125,1639
2026-03-13T17:35:00,116.34375,116.40625,116.34375,116.375,948
2026-03-13T17:40:00,116.375,116.4375,116.375,116.4375,1711
2026-03-13T17:45:00,116.4375,116.4375,116.375,116.375,1694
2026-03-13T17:50:00,116.34375,116.375,116.3125,116.34375,839
2026-03-13T17:55:00,116.3125,116.375,116.3125,116.3125,574
2026-03-13T18:00:00,116.34375,116.34375,116.28125,116.34375,1666
2026-03-13T18:05:00,116.3125,116.34375,116.3125,116.3125,105
2026-03-13T18:10:00,116.34375,116.34375,116.3125,116.3125,1465
2026-03-13T18:15:00,116.3125,116.34375,116.3125,116.3125,462
2026-03-13T18:20:00,116.3125,116.34375,116.28125,116.34375,901
2026-03-13T18:25:00,116.34375,116.34375,116.3125,116.34375,704
2026-03-13T18:30:00,116.34375,116.375,116.3125,116.34375,1246
2026-03-13T18:35:00,116.375,116.375,116.34375,116.34375,913
2026-03-13T18:40:00,116.34375,116.40625,116.34375,116.40625,5040
2026-03-13T18:45:00,116.375,116.4375,116.375,116.4375,540
2026-03-13T18:50:00,116.40625,116.4375,116.375,116.375,1857
2026-03-13T18:55:00,116.375,116.4375,116.34375,116.34375,3927
2026-03-13T19:00:00,116.34375,116.4375,116.34375,116.40625,2228
2026-03-13T19:05:00,116.40625,116.4375,116.375,116.4375,1801
2026-03-13T19:10:00,116.4375,116.46875,116.40625,116.40625,455
2026-03-13T19:15:00,116.40625,116.5,116.40625,116.4375,6462
2026-03-13T19:20:00,116.4375,116.46875,116.40625,116.4375,1842
2026-03-13T19:25:00,116.46875,116.46875,116.375,116.375,1477
2026-03-13T19:30:00,116.375,116.40625,116.375,116.40625,1999
2026-03-13T19:35:00,116.40625,116.4375,116.40625,116.40625,201
2026-03-13T19:40:00,116.40625,116.4375,116.375,116.40625,2146
2026-03-13T19:45:00,116.375,116.40625,116.34375,116.375,2538
2026-03-13T19:50:00,116.375,116.40625,116.3125,116.3125,3606
2026-03-13T19:55:00,116.3125,116.375,116.3125,116.3125,12141
2026-03-13T20:00:00,116.34375,116.34375,116.28125,116.3125,3760
2026-03-13T20:05:00,116.3125,116.40625,116.3125,116.375,2175
2026-03-13T20:10:00,116.375,116.40625,116.34375,116.375,2489
2026-03-13T20:15:00,116.34375,116.375,116.3125,116.34375,1239
2026-03-13T20:20:00,116.34375,116.34375,116.3125,116.3125,812
2026-03-13T20:25:00,116.3125,116.375,116.3125,116.375,402
2026-03-13T20:30:00,116.375,116.40625,116.34375,116.34375,633
2026-03-13T20:35:00,116.375,116.375,116.3125,116.3125,422
2026-03-13T20:40:00,116.34375,116.34375,116.3125,116.34375,1179
2026-03-13T20:45:00,116.375,116.375,116.3125,116.375,1091
2026-03-13T20:50:00,116.34375,116.375,116.3125,116.34375,2230
2026-03-13T20:55:00,116.3125,116.4375,116.3125,116.40625,1484
2026-03-15T22:00:00,116.40625,116.5,116.34375,116.34375,501
2026-03-15T22:05:00,116.34375,116.34375,116.25,116.3125,530
2026-03-15T22:10:00,116.3125,116.4375,116.3125,116.4375,312
2026-03-15T22:15:00,116.46875,116.5,116.46875,116.46875,125
2026-03-15T22:20:00,116.46875,116.5,116.46875,116.5,27
2026-03-15T22:25:00,116.5,116.53125,116.5,116.53125,122
2026-03-15T22:30:00,116.53125,116.59375,116.53125,116.5625,165
2026-03-15T22:35:00,116.59375,116.65625,116.5625,116.625,348
2026-03-15T22:40:00,116.625,116.625,116.59375,116.59375,74
2026-03-15T22:45:00,116.625,116.625,116.59375,116.59375,56
2026-03-15T22:50:00,116.59375,116.59375,116.53125,116.53125,267
2026-03-15T22:55:00,116.53125,116.625,116.53125,116.625,372
2026-03-15T23:00:00,116.625,116.65625,116.59375,116.65625,192
2026-03-15T23:05:00,116.6875,116.71875,116.65625,116.65625,338
2026-03-15T23:10:00,116.65625,116.6875,116.65625,116.6875,378
2026-03-15T23:15:00,116.65625,116.65625,116.625,116.625,27
2026-03-15T23:20:00,116.625,116.65625,116.625,116.65625,18
2026-03-15T23:25:00,116.625,116.625,116.59375,116.59375,124
2026-03-15T23:30:00,116.59375,116.625,116.5625,116.59375,215
2026-03-15T23:35:00,116.59375,116.59375,116.5625,116.5625,429
2026-03-15T23:40:00,116.5625,116.59375,116.5625,116.59375,73
2026-03-15T23:45:00,116.5625,116.59375,116.5625,116.59375,289
2026-03-15T23:50:00,116.59375,116.65625,116.59375,116.65625,181
2026-03-15T23:55:00,116.65625,116.65625,116.59375,116.625,253
2026-03-16T00:00:00,116.625,116.65625,116.5625,116.59375,439
2026-03-16T00:05:00,116.59375,116.65625,116.5625,116.59375,603
2026-03-16T00:10:00,116.59375,116.625,116.59375,116.625,189
2026-03-16T00:15:00,116.625,116.71875,116.59375,116.625,469
2026-03-16T00:20:00,116.625,116.65625,116.59375,116.65625,137
2026-03-16T00:25:00,116.6875,116.71875,116.65625,116.71875,178
2026-03-16T00:30:00,116.71875,116.75,116.6875,116.6875,248
2026-03-16T00:35:00,116.6875,116.71875,116.65625,116.6875,303
2026-03-16T00:40:00,116.6875,116.71875,116.6875,116.71875,254
2026-03-16T00:45:00,116.71875,116.71875,116.6875,116.6875,227
2026-03-16T00:50:00,116.6875,116.78125,116.6875,116.75,383
2026-03-16T00:55:00,116.78125,116.84375,116.78125,116.8125,323
2026-03-16T01:00:00,116.8125,116.84375,116.75,116.78125,524
2026-03-16T01:05:00,116.78125,116.8125,116.75,116.78125,302
2026-03-16T01:10:00,116.78125,116.78125,116.75,116.75,111
2026-03-16T01:15:00,116.75,116.78125,116.71875,116.71875,468
2026-03-16T01:20:00,116.75,116.75,116.6875,116.75,180
2026-03-16T01:25:00,116.71875,116.75,116.71875,116.75,111
2026-03-16T01:30:00,116.71875,116.75,116.6875,116.6875,172
2026-03-16T01:35:00,116.6875,116.71875,116.6875,116.6875,166
2026-03-16T01:40:00,116.6875,116.71875,116.65625,116.65625,136
2026-03-16T01:45:00,116.65625,116.65625,116.625,116.625,42
2026-03-16T01:50:00,116.65625,116.6875,116.625,116.6875,83
2026-03-16T01:55:00,116.6875,116.6875,116.65625,116.6875,37
2026-03-16T02:00:00,116.65625,116.65625,116.59375,116.65625,406
2026-03-16T02:05:00,116.65625,116.65625,116.625,116.65625,378
2026-03-16T02:10:00,116.625,116.625,116.625,116.625,2
2026-03-16T02:15:00,116.65625,116.65625,116.625,116.65625,95
2026-03-16T02:20:00,116.65625,116.6875,116.65625,116.6875,237
2026-03-16T02:25:00,116.6875,116.71875,116.625,116.625,41
2026-03-16T02:30:00,116.65625,116.65625,116.625,116.65625,26
2026-03-16T02:35:00,116.625,116.6875,116.625,116.65625,243
2026-03-16T02:40:00,116.65625,116.6875,116.65625,116.6875,15
2026-03-16T02:45:00,116.6875,116.71875,116.65625,116.6875,131
2026-03-16T02:50:00,116.6875,116.71875,116.6875,116.6875,77
2026-03-16T02:55:00,116.6875,116.71875,116.6875,116.71875,237
2026-03-16T03:00:00,116.6875,116.71875,116.6875,116.71875,296
2026-03-16T03:05:00,116.71875,116.78125,116.71875,116.78125,125
2026-03-16T03:10:00,116.78125,116.78125,116.71875,116.78125,860
2026-03-16T03:15:00,116.78125,116.8125,116.78125,116.78125,153
2026-03-16T03:20:00,116.78125,116.8125,116.78125,116.8125,155
2026-03-16T03:25:00,116.8125,116.84375,116.8125,116.84375,241
2026-03-16T03:30:00,116.84375,116.875,116.84375,116.84375,310
2026-03-16T03:35:00,116.84375,116.84375,116.78125,116.78125,622
2026-03-16T03:40:00,116.78125,116.84375,116.78125,116.84375,162
2026-03-16T03:45:00,116.8125,116.84375,116.78125,116.8125,132
2026-03-16T03:50:00,116.78125,116.78125,116.75,116.75,456
2026-03-16T03:55:00,116.78125,116.8125,116.75,116.8125,220
2026-03-16T04:00:00,116.78125,116.8125,116.75,116.75,68
2026-03-16T04:05:00,116.78125,116.78125,116.71875,116.75,91
2026-03-16T04:10:00,116.78125,116.8125,116.78125,116.8125,94
2026-03-16T04:15:00,116.78125,116.78125,116.75,116.75,70
2026-03-16T04:20:00,116.71875,116.75,116.71875,116.75,7
2026-03-16T04:25:00,116.75,116.78125,116.75,116.78125,43
2026-03-16T04:30:00,116.75,116.75,116.71875,116.75,157
2026-03-16T04:35:00,116.75,116.78125,116.71875,116.71875,82
2026-03-16T04:40:00,116.75,116.75,116.75,116.75,21
2026-03-16T04:45:00,116.75,116.75,116.6875,116.71875,378
2026-03-16T04:50:00,116.71875,116.75,116.6875,116.71875,95
2026-03-16T04:55:00,116.6875,116.6875,116.65625,116.65625,88
2026-03-16T05:00:00,116.6875,116.6875,116.625,116.625,283
2026-03-16T05:05:00,116.625,116.65625,116.625,116.65625,38
2026-03-16T05:10:00,116.65625,116.6875,116.625,116.6875,151
2026-03-16T05:15:00,116.65625,116.65625,116.59375,116.59375,393
2026-03-16T05:20:00,116.59375,116.625,116.59375,116.625,29
2026-03-16T05:25:00,116.625,116.625,116.5625,116.5625,423
2026-03-16T05:30:00,116.59375,116.59375,116.5625,116.59375,195
2026-03-16T05:35:00,116.59375,116.625,116.59375,116.625,44
2026-03-16T05:40:00,116.625,116.65625,116.59375,116.625,60
2026-03-16T05:45:00,116.59375,116.59375,116.5625,116.5625,82
2026-03-16T05:50:00,116.59375,116.625,116.59375,116.59375,243
2026-03-16T05:55:00,116.59375,116.625,116.59375,116.625,72
2026-03-16T06:00:00,116.625,116.625,116.59375,116.625,70
2026-03-16T06:05:00,116.625,116.625,116.59375,116.625,190
2026-03-16T06:10:00,116.625,116.65625,116.59375,116.65625,128
2026-03-16T06:15:00,116.65625,116.6875,116.65625,116.65625,241
2026-03-16T06:20:00,116.65625,116.65625,116.625,116.625,53
2026-03-16T06:25:00,116.65625,116.6875,116.625,116.6875,466
2026-03-16T06:30:00,116.6875,116.71875,116.65625,116.6875,347
2026-03-16T06:35:00,116.6875,116.71875,116.65625,116.71875,76
2026-03-16T06:40:00,116.71875,116.71875,116.65625,116.65625,169
2026-03-16T06:45:00,116.65625,116.6875,116.625,116.65625,188
2026-03-16T06:50:00,116.65625,116.71875,116.65625,116.71875,110
2026-03-16T06:55:00,116.6875,116.75,116.6875,116.75,379
2026-03-16T07:00:00,116.71875,116.71875,116.625,116.6875,1536
2026-03-16T07:05:00,116.6875,116.6875,116.59375,116.59375,688
2026-03-16T07:10:00,116.625,116.65625,116.5625,116.59375,493
2026-03-16T07:15:00,116.5625,116.5625,116.5,116.53125,1498
2026-03-16T07:20:00,116.5625,116.5625,116.53125,116.53125,435
2026-03-16T07:25:00,116.53125,116.5625,116.53125,116.5625,520
2026-03-16T07:30:00,116.53125,116.59375,116.53125,116.5625,373
2026-03-16T07:35:00,116.59375,116.65625,116.59375,116.625,308
2026-03-16T07:40:00,116.625,116.625,116.5625,116.59375,469
2026-03-16T07:45:00,116.59375,116.59375,116.5625,116.59375,525
2026-03-16T07:50:00,116.5625,116.59375,116.5625,116.59375,389
2026-03-16T07:55:00,116.59375,116.625,116.5625,116.59375,255
2026-03-16T08:00:00,116.625,116.65625,116.53125,116.59375,2700
2026-03-16T08:05:00,116.5625,116.59375,116.53125,116.5625,828
2026-03-16T08:10:00,116.59375,116.59375,116.53125,116.5625,280
2026-03-16T08:15:00,116.53125,116.59375,116.53125,116.59375,225
2026-03-16T08:20:00,116.59375,116.625,116.53125,116.625,335
2026-03-16T08:25:00,116.59375,116.59375,116.53125,116.53125,160
2026-03-16T08:30:00,116.5625,116.5625,116.46875,116.46875,718
2026-03-16T08:35:00,116.5,116.5,116.46875,116.46875,544
2026-03-16T08:40:00,116.46875,116.46875,116.4375,116.4375,525
2026-03-16T08:45:00,116.4375,116.46875,116.4375,116.46875,515
2026-03-16T08:50:00,116.46875,116.5,116.46875,116.46875,780
2026-03-16T08:55:00,116.5,116.5625,116.46875,116.5,893
2026-03-16T09:00:00,116.5,116.5625,116.5,116.53125,246
2026-03-16T09:05:00,116.5,116.5625,116.5,116.53125,790
2026-03-16T09:10:00,116.53125,116.5625,116.5,116.53125,357
2026-03-16T09:15:00,116.53125,116.53125,116.5,116.53125,381
2026-03-16T09:20:00,116.53125,116.5625,116.53125,116.5625,332
2026-03-16T09:25:00,116.5625,116.59375,116.53125,116.53125,346
2026-03-16T09:30:00,116.5,116.5,116.46875,116.46875,536
2026-03-16T09:35:00,116.46875,116.46875,116.4375,116.4375,167
2026-03-16T09:40:00,116.4375,116.5,116.4375,116.5,886
2026-03-16T09:45:00,116.5,116.625,116.5,116.625,1014
2026-03-16T09:50:00,116.65625,116.6875,116.625,116.6875,1639
2026-03-16T09:55:00,116.6875,116.6875,116.625,116.625,143
2026-03-16T10:00:00,116.65625,116.65625,116.625,116.65625,371
2026-03-16T10:05:00,116.625,116.6875,116.625,116.65625,245
2026-03-16T10:10:00,116.65625,116.71875,116.65625,116.65625,279
2026-03-16T10:15:00,116.65625,116.65625,116.625,116.65625,82
2026-03-16T10:20:00,116.6875,116.71875,116.65625,116.65625,769
2026-03-16T10:25:00,116.6875,116.71875,116.65625,116.65625,1127
2026-03-16T10:30:00,116.65625,116.65625,116.625,116.625,537
2026-03-16T10:35:00,116.625,116.625,116.53125,116.5625,482
2026-03-16T10:40:00,116.5625,116.65625,116.53125,116.625,1507
2026-03-16T10:45:00,116.625,116.6875,116.59375,116.65625,751
2026-03-16T10:50:00,116.625,116.65625,116.625,116.65625,590
2026-03-16T10:55:00,116.65625,116.6875,116.59375,116.625,1022
2026-03-16T11:00:00,116.625,116.625,116.59375,116.625,527
2026-03-16T11:05:00,116.65625,116.71875,116.65625,116.71875,313
2026-03-16T11:10:00,116.6875,116.78125,116.6875,116.75,1326
2026-03-16T11:15:00,116.75,116.8125,116.75,116.8125,663
2026-03-16T11:20:00,116.78125,116.8125,116.71875,116.71875,316
2026-03-16T11:25:00,116.75,116.78125,116.71875,116.75,451
2026-03-16T11:30:00,116.75,116.78125,116.6875,116.78125,2800
2026-03-16T11:35:00,116.78125,116.84375,116.78125,116.78125,1137
2026-03-16T11:40:00,116.8125,116.84375,116.8125,116.8125,443
2026-03-16T11:45:00,116.78125,116.84375,116.78125,116.84375,1209
2026-03-16T11:50:00,116.84375,116.875,116.71875,116.78125,1867
2026-03-16T11:55:00,116.8125,116.84375,116.8125,116.84375,2012
2026-03-16T12:00:00,116.84375,116.90625,116.84375,116.90625,1651
2026-03-16T12:05:00,116.90625,116.9375,116.875,116.90625,2270
2026-03-16T12:10:00,116.90625,116.96875,116.90625,116.96875,2248
2026-03-16T12:15:00,116.96875,116.96875,116.9375,116.9375,1210
2026-03-16T12:20:00,116.9375,116.9375,116.8125,116.84375,3561
2026-03-16T12:25:00,116.84375,116.875,116.8125,116.84375,1739
2026-03-16T12:30:00,116.84375,117.0,116.8125,116.96875,3279
2026-03-16T12:35:00,116.96875,117.0625,116.96875,117.0625,2911
2026-03-16T12:40:00,117.0625,117.0625,116.96875,116.96875,2735
2026-03-16T12:45:00,117.0,117.09375,117.0,117.0625,2276
2026-03-16T12:50:00,117.0625,117.0625,116.96875,117.0,1660
2026-03-16T12:55:00,117.0,117.03125,116.9375,117.03125,1774
2026-03-16T13:00:00,117.03125,117.1875,117.03125,117.15625,5327
2026-03-16T13:05:00,117.1875,117.21875,117.125,117.125,2077
2026-03-16T13:10:00,117.125,117.15625,117.09375,117.125,1516
2026-03-16T13:15:00,117.15625,117.1875,117.09375,117.125,3497
2026-03-16T13:20:00,117.09375,117.1875,117.09375,117.15625,2142
2026-03-16T13:25:00,117.15625,117.21875,117.15625,117.15625,2149
2026-03-16T13:30:00,117.125,117.15625,117.09375,117.125,2129
2026-03-16T13:35:00,117.125,117.1875,117.0625,117.1875,3143
2026-03-16T13:40:00,117.15625,117.28125,117.15625,117.28125,3146
2026-03-16T13:45:00,117.25,117.3125,117.25,117.28125,5384
2026-03-16T13:50:00,117.3125,117.34375,117.25,117.25,4610
2026-03-16T13:55:00,117.25,117.375,117.25,117.34375,2536
2026-03-16T14:05:00,117.28125,117.34375,117.25,117.3125,4474
2026-03-16T14:10:00,117.34375,117.375,117.3125,117.3125,2858
2026-03-16T14:15:00,117.3125,117.3125,117.21875,117.25,1980
2026-03-16T14:20:00,117.25,117.3125,117.25,117.28125,1515
2026-03-16T14:25:00,117.28125,117.3125,117.28125,117.3125,1488
2026-03-16T14:30:00,117.28125,117.3125,117.1875,117.1875,1434
2026-03-16T14:35:00,117.1875,117.21875,117.09375,117.125,2872
2026-03-16T14:40:00,117.125,117.15625,117.03125,117.09375,2746
2026-03-16T14:45:00,117.09375,117.125,117.0,117.09375,2717
2026-03-16T14:50:00,117.09375,117.09375,117.0625,117.09375,2664
2026-03-16T14:55:00,117.125,117.15625,117.09375,117.125,4596
2026-03-16T15:00:00,117.125,117.1875,117.125,117.15625,2569
2026-03-16T15:05:00,117.125,117.15625,117.0625,117.125,1968
2026-03-16T15:10:00,117.125,117.125,117.0625,117.09375,1714
2026-03-16T15:15:00,117.09375,117.125,117.0625,117.125,1554
2026-03-16T15:20:00,117.125,117.15625,117.09375,117.125,1043
2026-03-16T15:25:00,117.125,117.1875,117.09375,117.15625,1657
2026-03-16T15:30:00,117.1875,117.21875,117.125,117.15625,1527
2026-03-16T15:35:00,117.1875,117.25,117.1875,117.1875,1060
2026-03-16T15:40:00,117.1875,117.21875,117.15625,117.1875,1277
2026-03-16T15:45:00,117.1875,117.25,117.1875,117.21875,1657
2026-03-16T15:50:00,117.1875,117.1875,117.09375,117.09375,3667
2026-03-16T15:55:00,117.09375,117.09375,116.96875,117.03125,2282
2026-03-16T16:00:00,117.0,117.03125,116.96875,116.96875,2908
2026-03-16T16:05:00,116.96875,117.03125,116.96875,117.0,554
2026-03-16T16:10:00,117.03125,117.03125,116.96875,117.03125,1738
2026-03-16T16:15:00,117.0,117.0625,117.0,117.0625,3125
2026-03-16T16:20:00,117.0625,117.0625,116.9375,116.9375,3648
2026-03-16T16:25:00,116.96875,117.0,116.90625,116.90625,2872
2026-03-16T16:30:00,116.9375,116.96875,116.84375,116.875,2322
2026-03-16T16:35:00,116.90625,116.9375,116.90625,116.9375,1629
2026-03-16T16:40:00,116.9375,116.96875,116.9375,116.9375,1706
2026-03-16T16:45:00,116.9375,116.9375,116.875,116.9375,2068
2026-03-16T16:50:00,116.9375,116.96875,116.90625,116.9375,1229
2026-03-16T16:55:00,116.9375,116.9375,116.875,116.875,1677
2026-03-16T17:00:00,116.90625,117.0,116.90625,116.90625,3183
2026-03-16T17:05:00,116.9375,116.96875,116.9375,116.9375,1231
2026-03-16T17:10:00,116.96875,117.03125,116.9375,117.0,1690
2026-03-16T17:15:00,116.96875,117.0,116.9375,116.96875,1947
2026-03-16T17:20:00,116.96875,117.03125,116.96875,117.0,795
2026-03-16T17:25:00,117.0,117.0625,117.0,117.03125,1652
2026-03-16T17:30:00,117.03125,117.0625,117.0,117.03125,1607
2026-03-16T17:35:00,117.0,117.0625,117.0,117.03125,1181
2026-03-16T17:40:00,117.0625,117.09375,117.0625,117.0625,1341
2026-03-16T17:45:00,117.09375,117.15625,117.09375,117.125,2601
2026-03-16T17:50:00,117.125,117.1875,117.09375,117.15625,2053
2026-03-16T17:55:00,117.1875,117.1875,117.15625,117.15625,371
2026-03-16T18:00:00,117.1875,117.21875,117.1875,117.1875,1319
2026-03-16T18:05:00,117.21875,117.25,117.1875,117.21875,2790
2026-03-16T18:10:00,117.21875,117.25,117.15625,117.21875,1566
2026-03-16T18:15:00,117.1875,117.25,117.1875,117.1875,2030
2026-03-16T18:20:00,117.1875,117.21875,117.15625,117.21875,1126
2026-03-16T18:25:00,117.21875,117.28125,117.1875,117.28125,1568
2026-03-16T18:30:00,117.28125,117.28125,117.21875,117.25,3659
2026-03-16T18:35:00,117.25,117.28125,117.21875,117.25,2158
2026-03-16T18:40:00,117.25,117.3125,117.25,117.3125,1154
2026-03-16T18:45:00,117.3125,117.3125,117.25,117.28125,906
2026-03-16T18:50:00,117.28125,117.3125,117.28125,117.3125,356
2026-03-16T18:55:00,117.3125,117.34375,117.28125,117.28125,8848
2026-03-16T19:00:00,117.28125,117.3125,117.25,117.3125,1878
2026-03-16T19:05:00,117.28125,117.3125,117.28125,117.28125,1106
2026-03-16T19:10:00,117.28125,117.34375,117.25,117.28125,2876
2026-03-16T19:15:00,117.25,117.3125,117.21875,117.25,4571
2026-03-16T19:20:00,117.28125,117.3125,117.25,117.3125,1127
2026-03-16T19:25:00,117.3125,117.3125,117.25,117.28125,2516
2026-03-16T19:30:00,117.28125,117.28125,117.21875,117.25,1688
2026-03-16T19:35:00,117.25,117.28125,117.21875,117.25,1997
2026-03-16T19:40:00,117.25,117.25,117.21875,117.21875,2395
2026-03-16T19:45:00,117.21875,117.21875,117.15625,117.1875,2308
2026-03-16T19:50:00,117.1875,117.1875,117.125,117.15625,2904
2026-03-16T19:55:00,117.15625,117.21875,117.15625,117.15625,7275
2026-03-16T20:00:00,117.15625,117.21875,117.125,117.15625,7407
2026-03-16T20:05:00,117.15625,117.21875,117.15625,117.15625,2413
2026-03-16T20:10:00,117.1875,117.1875,117.15625,117.1875,876
2026-03-16T20:15:00,117.1875,117.1875,117.15625,117.1875,660
2026-03-16T20:20:00,117.15625,117.15625,117.125,117.15625,770
2026-03-16T20:25:00,117.15625,117.1875,117.125,117.1875,2237
2026-03-16T20:30:00,117.15625,117.15625,117.09375,117.09375,3648
2026-03-16T20:35:00,117.125,117.125,117.09375,117.09375,754
2026-03-16T20:40:00,117.09375,117.125,117.09375,117.09375,1380
2026-03-16T20:45:00,117.09375,117.125,117.0625,117.09375,1442
2026-03-16T20:50:00,117.09375,117.09375,117.0625,117.09375,551
2026-03-16T20:55:00,117.09375,117.15625,117.09375,117.125,1035
2026-03-16T22:00:00,117.09375,117.09375,117.03125,117.0625,154
2026-03-16T22:05:00,117.0625,117.0625,117.0625,117.0625,15
2026-03-16T22:10:00,117.03125,117.09375,117.03125,117.0625,119
2026-03-16T22:15:00,117.0625,117.0625,117.0625,117.0625,320
2026-03-16T22:20:00,117.0625,117.09375,117.0625,117.09375,8
2026-03-16T22:25:00,117.09375,117.125,117.09375,117.125,45
2026-03-16T22:30:00,117.09375,117.09375,117.0625,117.0625,223
2026-03-16T22:35:00,117.0625,117.0625,117.0,117.0,148
2026-03-16T22:40:00,117.0,117.0,117.0,117.0,115
2026-03-16T22:45:00,117.0,117.0,117.0,117.0,11
2026-03-16T22:50:00,117.0,117.0,117.0,117.0,4
2026-03-16T22:55:00,117.0,117.0,116.96875,116.96875,57
2026-03-16T23:00:00,116.96875,116.96875,116.96875,116.96875,10
2026-03-16T23:05:00,117.0,117.0,117.0,117.0,2
2026-03-16T23:10:00,117.0,117.0,117.0,117.0,10
2026-03-16T23:15:00,117.0,117.0,117.0,117.0,1
2026-03-16T23:25:00,116.96875,117.0,116.96875,117.0,26
2026-03-16T23:30:00,116.96875,117.0,116.96875,116.96875,123
2026-03-16T23:35:00,117.0,117.03125,117.0,117.03125,73
2026-03-16T23:40:00,117.03125,117.03125,117.03125,117.03125,7
2026-03-16T23:45:00,117.03125,117.0625,117.03125,117.03125,91
2026-03-16T23:50:00,117.0625,117.09375,117.0625,117.09375,150
2026-03-16T23:55:00,117.0625,117.0625,117.0625,117.0625,144
2026-03-17T00:00:00,117.0625,117.09375,117.03125,117.03125,319
2026-03-17T00:05:00,117.0625,117.09375,117.0625,117.09375,97
2026-03-17T00:10:00,117.09375,117.09375,117.0625,117.0625,148
2026-03-17T00:15:00,117.0625,117.09375,117.03125,117.0625,151
2026-03-17T00:20:00,117.0625,117.0625,117.03125,117.03125,192
2026-03-17T00:25:00,117.03125,117.03125,116.96875,117.0,601
2026-03-17T00:30:00,117.0,117.03125,116.96875,117.03125,276
2026-03-17T00:35:00,117.03125,117.0625,117.03125,117.0625,92
2026-03-17T00:40:00,117.09375,117.09375,117.0625,117.09375,145
2026-03-17T00:45:00,117.125,117.125,117.03125,117.03125,313
2026-03-17T00:50:00,117.03125,117.03125,117.0,117.0,154
2026-03-17T00:55:00,117.0,117.0,116.96875,117.0,400
2026-03-17T01:00:00,116.96875,116.96875,116.90625,116.9375,823
2026-03-17T01:05:00,116.9375,116.9375,116.90625,116.9375,364
2026-03-17T01:10:00,116.9375,116.96875,116.9375,116.96875,187
2026-03-17T01:15:00,116.9375,116.9375,116.875,116.875,257
2026-03-17T01:20:00,116.875,116.90625,116.875,116.90625,356
2026-03-17T01:25:00,116.90625,116.90625,116.84375,116.875,234
2026-03-17T01:30:00,116.875,116.90625,116.875,116.875,160
2026-03-17T01:35:00,116.875,116.90625,116.875,116.875,308
2026-03-17T01:40:00,116.875,116.90625,116.84375,116.875,178
2026-03-17T01:45:00,116.84375,116.90625,116.84375,116.875,442
2026-03-17T01:50:00,116.875,116.90625,116.875,116.90625,329
2026-03-17T01:55:00,116.90625,116.9375,116.875,116.875,272
2026-03-17T02:00:00,116.875,116.90625,116.875,116.875,208
2026-03-17T02:05:00,116.90625,116.90625,116.875,116.875,150
2026-03-17T02:10:00,116.90625,116.9375,116.875,116.90625,234
2026-03-17T02:15:00,116.90625,116.90625,116.875,116.90625,316
2026-03-17T02:20:00,116.875,116.90625,116.875,116.90625,10
2026-03-17T02:30:00,116.90625,116.90625,116.84375,116.90625,619
2026-03-17T02:35:00,116.90625,116.90625,116.875,116.875,275
2026-03-17T02:40:00,116.90625,116.90625,116.875,116.875,568
2026-03-17T02:45:00,116.875,116.90625,116.875,116.90625,326
2026-03-17T02:50:00,116.875,116.875,116.875,116.875,146
2026-03-17T02:55:00,116.875,116.875,116.84375,116.84375,203
2026-03-17T03:00:00,116.84375,116.84375,116.8125,116.8125,179
2026-03-17T03:05:00,116.8125,116.8125,116.8125,116.8125,59
2026-03-17T03:10:00,116.84375,116.84375,116.84375,116.84375,37
2026-03-17T03:15:00,116.84375,116.875,116.84375,116.84375,383
2026-03-17T03:20:00,116.84375,116.84375,116.84375,116.84375,324
2026-03-17T03:25:00,116.8125,116.84375,116.8125,116.84375,88
2026-03-17T03:30:00,116.875,116.90625,116.84375,116.875,555
2026-03-17T03:35:00,116.875,116.90625,116.875,116.875,94
2026-03-17T03:40:00,116.875,116.875,116.875,116.875,30
2026-03-17T03:45:00,116.84375,116.84375,116.84375,116.84375,110
2026-03-17T03:50:00,116.84375,116.875,116.84375,116.875,55
2026-03-17T03:55:00,116.84375,116.875,116.84375,116.84375,165
2026-03-17T04:00:00,116.84375,116.84375,116.84375,116.84375,24
2026-03-17T04:05:00,116.875,116.875,116.875,116.875,10
2026-03-17T04:10:00,116.875,116.90625,116.875,116.875,79
2026-03-17T04:15:00,116.875,116.875,116.875,116.875,81
2026-03-17T04:20:00,116.90625,116.90625,116.90625,116.90625,51
2026-03-17T04:25:00,116.90625,116.9375,116.875,116.875,88
2026-03-17T04:30:00,116.90625,116.9375,116.875,116.90625,123
2026-03-17T04:35:00,116.875,116.875,116.875,116.875,48
2026-03-17T04:40:00,116.875,116.875,116.84375,116.875,139
2026-03-17T04:45:00,116.875,116.9375,116.875,116.9375,101
2026-03-17T04:50:00,116.9375,116.9375,116.90625,116.9375,70
2026-03-17T04:55:00,116.9375,116.9375,116.90625,116.9375,226
2026-03-17T05:00:00,116.9375,116.9375,116.9375,116.9375,38
2026-03-17T05:05:00,116.9375,116.9375,116.90625,116.90625,14
2026-03-17T05:10:00,116.90625,116.9375,116.90625,116.90625,5
2026-03-17T05:15:00,116.9375,116.9375,116.875,116.875,149
2026-03-17T05:20:00,116.90625,116.90625,116.90625,116.90625,37
2026-03-17T05:25:00,116.875,116.90625,116.875,116.875,340
2026-03-17T05:30:00,116.875,116.90625,116.875,116.90625,137
2026-03-17T05:35:00,116.90625,116.90625,116.875,116.875,59
2026-03-17T05:40:00,116.875,116.875,116.8125,116.84375,99
2026-03-17T05:45:00,116.8125,116.84375,116.8125,116.84375,193
2026-03-17T05:50:00,116.84375,116.84375,116.75,116.78125,794
2026-03-17T05:55:00,116.78125,116.78125,116.75,116.75,485
2026-03-17T06:00:00,116.75,116.75,116.6875,116.75,693
2026-03-17T06:05:00,116.75,116.75,116.71875,116.71875,107
2026-03-17T06:10:00,116.6875,116.71875,116.6875,116.71875,230
2026-03-17T06:15:00,116.75,116.75,116.71875,116.71875,5
2026-03-17T06:20:00,116.75,116.75,116.71875,116.75,475
2026-03-17T06:25:00,116.71875,116.75,116.6875,116.6875,209
2026-03-17T06:30:00,116.71875,116.71875,116.6875,116.71875,310
2026-03-17T06:35:00,116.71875,116.71875,116.6875,116.6875,54
2026-03-17T06:40:00,116.71875,116.71875,116.6875,116.6875,443
2026-03-17T06:45:00,116.71875,116.71875,116.6875,116.6875,410
2026-03-17T06:50:00,116.6875,116.6875,116.6875,116.6875,377
2026-03-17T06:55:00,116.6875,116.71875,116.6875,116.6875,334
2026-03-17T07:00:00,116.6875,116.6875,116.65625,116.65625,295
2026-03-17T07:05:00,116.65625,116.65625,116.65625,116.65625,162
2026-03-17T07:10:00,116.65625,116.6875,116.65625,116.6875,296
2026-03-17T07:15:00,116.71875,116.75,116.6875,116.75,865
2026-03-17T07:20:00,116.75,116.78125,116.75,116.78125,423
2026-03-17T07:25:00,116.75,116.78125,116.71875,116.78125,477
2026-03-17T07:30:00,116.78125,116.78125,116.75,116.75,318
2026-03-17T07:35:00,116.78125,116.78125,116.78125,116.78125,195
2026-03-17T07:40:00,116.8125,116.8125,116.78125,116.78125,229
2026-03-17T07:45:00,116.78125,116.78125,116.75,116.78125,217
2026-03-17T07:50:00,116.75,116.78125,116.75,116.75,340
2026-03-17T07:55:00,116.78125,116.84375,116.78125,116.8125,312
2026-03-17T08:00:00,116.84375,116.90625,116.84375,116.875,702
2026-03-17T08:05:00,116.875,116.90625,116.875,116.875,488
2026-03-17T08:10:00,116.875,116.90625,116.875,116.90625,170
2026-03-17T08:15:00,116.90625,116.90625,116.875,116.875,262
2026-03-17T08:20:00,116.90625,116.90625,116.875,116.90625,494
2026-03-17T08:25:00,116.9375,117.0,116.9375,116.96875,437
2026-03-17T08:30:00,116.96875,117.0,116.90625,116.90625,380
2026-03-17T08:35:00,116.90625,117.0,116.875,117.0,550
2026-03-17T08:40:00,116.96875,117.03125,116.96875,117.03125,624
2026-03-17T08:45:00,117.03125,117.0625,117.03125,117.0625,172
2026-03-17T08:50:00,117.0625,117.0625,117.0,117.03125,391
2026-03-17T08:55:00,117.03125,117.0625,117.03125,117.03125,273
2026-03-17T09:00:00,117.0625,117.0625,117.03125,117.03125,478
2026-03-17T09:05:00,117.0,117.0,116.9375,116.96875,616
2026-03-17T09:10:00,116.9375,116.96875,116.9375,116.96875,620
2026-03-17T09:15:00,116.96875,117.0,116.90625,116.9375,816
2026-03-17T09:20:00,116.9375,117.0,116.9375,116.96875,576
2026-03-17T09:25:00,116.96875,117.03125,116.96875,117.03125,502
2026-03-17T09:30:00,117.0,117.03125,117.0,117.03125,1151
2026-03-17T09:35:00,117.03125,117.03125,116.9375,116.96875,436
2026-03-17T09:40:00,116.96875,117.03125,116.96875,117.03125,451
2026-03-17T09:45:00,117.03125,117.0625,117.03125,117.0625,184
2026-03-17T09:50:00,117.0625,117.09375,117.0625,117.09375,1164
2026-03-17T09:55:00,117.09375,117.125,117.09375,117.09375,587
2026-03-17T10:00:00,117.09375,117.15625,117.09375,117.125,629
2026-03-17T10:05:00,117.09375,117.09375,117.0,117.03125,549
2026-03-17T10:10:00,117.0,117.0,116.96875,116.96875,617
2026-03-17T10:15:00,117.0,117.03125,116.96875,117.03125,401
2026-03-17T10:20:00,117.0,117.03125,117.0,117.03125,90
2026-03-17T10:25:00,117.0625,117.0625,117.03125,117.03125,471
2026-03-17T10:30:00,117.03125,117.0625,117.03125,117.03125,1232
2026-03-17T10:35:00,117.03125,117.03125,117.0,117.0,262
2026-03-17T10:40:00,117.0,117.03125,117.0,117.03125,254
2026-03-17T10:45:00,117.0625,117.0625,117.0,117.0,89
2026-03-17T10:50:00,117.0,117.0,116.9375,116.96875,172
2026-03-17T10:55:00,116.96875,117.0,116.9375,116.96875,696
2026-03-17T11:00:00,116.96875,116.96875,116.9375,116.96875,653
2026-03-17T11:05:00,117.0,117.0,116.9375,117.0,324
2026-03-17T11:10:00,117.0,117.03125,117.0,117.03125,541
2026-03-17T11:15:00,117.03125,117.15625,117.03125,117.09375,1333
2026-03-17T11:20:00,117.09375,117.15625,117.0625,117.15625,610
2026-03-17T11:25:00,117.1875,117.1875,117.15625,117.15625,224
2026-03-17T11:30:00,117.15625,117.15625,117.09375,117.09375,1053
2026-03-17T11:35:00,117.09375,117.1875,117.09375,117.15625,321
2026-03-17T11:40:00,117.15625,117.1875,117.15625,117.1875,752
2026-03-17T11:45:00,117.1875,117.21875,117.15625,117.15625,1023
2026-03-17T11:50:00,117.15625,117.1875,117.15625,117.15625,575
2026-03-17T11:55:00,117.15625,117.1875,117.125,117.15625,1538
2026-03-17T12:00:00,117.125,117.125,117.03125,117.0625,1513
2026-03-17T12:05:00,117.09375,117.09375,117.03125,117.0625,1845
2026-03-17T12:10:00,117.0625,117.1875,117.0625,117.1875,1136
2026-03-17T12:15:00,117.1875,117.21875,117.15625,117.15625,2935
2026-03-17T12:20:00,117.15625,117.25,117.125,117.1875,3350
2026-03-17T12:25:00,117.1875,117.25,117.1875,117.21875,1801
2026-03-17T12:30:00,117.1875,117.3125,117.15625,117.28125,2406
2026-03-17T12:35:00,117.28125,117.34375,117.28125,117.34375,2245
2026-03-17T12:40:00,117.34375,117.40625,117.3125,117.40625,2055
2026-03-17T12:45:00,117.40625,117.40625,117.3125,117.3125,1805
2026-03-17T12:50:00,117.3125,117.34375,117.28125,117.3125,2220
2026-03-17T12:55:00,117.34375,117.40625,117.34375,117.375,2550
2026-03-17T13:00:00,117.375,117.40625,117.34375,117.375,3113
2026-03-17T13:05:00,117.375,117.4375,117.3125,117.4375,3909
2026-03-17T13:10:00,117.4375,117.53125,117.4375,117.46875,3193
2026-03-17T13:15:00,117.4375,117.46875,117.375,117.4375,3953
2026-03-17T13:20:00,117.40625,117.4375,117.375,117.40625,1118
2026-03-17T13:25:00,117.40625,117.40625,117.34375,117.34375,1668
2026-03-17T13:30:00,117.375,117.46875,117.375,117.46875,2806
2026-03-17T13:35:00,117.4375,117.46875,117.375,117.375,2129
2026-03-17T13:40:00,117.375,117.40625,117.28125,117.3125,2765
2026-03-17T13:45:00,117.3125,117.375,117.3125,117.375,2188
2026-03-17T13:50:00,117.34375,117.375,117.3125,117.375,2116
2026-03-17T13:55:00,117.375,117.40625,117.34375,117.375,1548
2026-03-17T14:00:00,117.375,117.4375,117.34375,117.4375,2546
2026-03-17T14:05:00,117.4375,117.5,117.375,117.5,2136
2026-03-17T14:10:00,117.46875,117.46875,117.40625,117.4375,2115
2026-03-17T14:15:00,117.4375,117.46875,117.375,117.40625,2818
2026-03-17T14:20:00,117.40625,117.46875,117.40625,117.46875,693
2026-03-17T14:25:00,117.4375,117.46875,117.40625,117.40625,2035
2026-03-17T14:30:00,117.4375,117.46875,117.375,117.46875,1876
2026-03-17T14:35:00,117.46875,117.5,117.40625,117.40625,1641
2026-03-17T14:40:00,117.40625,117.46875,117.40625,117.46875,804
2026-03-17T14:45:00,117.46875,117.5625,117.46875,117.5625,1579
2026-03-17T14:50:00,117.5625,117.5625,117.46875,117.46875,2026
2026-03-17T14:55:00,117.5,117.53125,117.46875,117.5,1026
2026-03-17T15:00:00,117.5,117.5625,117.46875,117.53125,2595
2026-03-17T15:05:00,117.53125,117.53125,117.46875,117.46875,1995
2026-03-17T15:10:00,117.5,117.53125,117.46875,117.5,1323
2026-03-17T15:15:00,117.5,117.5625,117.5,117.5625,2946
2026-03-17T15:20:00,117.5625,117.625,117.53125,117.59375,3833
2026-03-17T15:25:00,117.59375,117.625,117.53125,117.53125,1685
2026-03-17T15:30:00,117.5625,117.59375,117.46875,117.46875,2753
2026-03-17T15:35:00,117.5,117.5,117.46875,117.5,1335
2026-03-17T15:40:00,117.5,117.53125,117.46875,117.5,1376
2026-03-17T15:45:00,117.53125,117.53125,117.46875,117.5,1175
2026-03-17T15:50:00,117.5,117.53125,117.46875,117.53125,954
2026-03-17T15:55:00,117.5,117.53125,117.5,117.5,410
2026-03-17T16:00:00,117.53125,117.5625,117.46875,117.46875,2456
2026-03-17T16:05:00,117.5,117.53125,117.4375,117.46875,2138
2026-03-17T16:10:00,117.46875,117.5,117.46875,117.46875,1610
2026-03-17T16:15:00,117.46875,117.5625,117.4375,117.5625,2932
2026-03-17T16:20:00,117.53125,117.59375,117.53125,117.59375,1955
2026-03-17T16:25:00,117.5625,117.625,117.5625,117.625,2016
2026-03-17T16:30:00,117.625,117.65625,117.5625,117.59375,1206
2026-03-17T16:35:00,117.625,117.625,117.46875,117.46875,970
2026-03-17T16:40:00,117.46875,117.5,117.4375,117.46875,1537
2026-03-17T16:45:00,117.5,117.5,117.4375,117.5,1312
2026-03-17T16:50:00,117.46875,117.5,117.46875,117.46875,1455
2026-03-17T16:55:00,117.46875,117.5,117.46875,117.46875,1686
2026-03-17T17:00:00,117.46875,117.59375,117.46875,117.59375,4221
2026-03-17T17:05:00,117.59375,117.59375,117.53125,117.59375,1996
2026-03-17T17:10:00,117.5625,117.5625,117.5,117.5,2000
2026-03-17T17:15:00,117.5,117.5625,117.5,117.5,1126
2026-03-17T17:20:00,117.53125,117.53125,117.5,117.53125,218
2026-03-17T17:25:00,117.53125,117.5625,117.5,117.5625,1434
2026-03-17T17:30:00,117.53125,117.59375,117.53125,117.5625,1456
2026-03-17T17:35:00,117.5625,117.59375,117.53125,117.5625,249
2026-03-17T17:40:00,117.5625,117.5625,117.5,117.53125,495
2026-03-17T17:45:00,117.53125,117.53125,117.46875,117.5,670
2026-03-17T17:50:00,117.53125,117.53125,117.5,117.5,599
2026-03-17T17:55:00,117.5,117.5625,117.5,117.5625,652
2026-03-17T18:00:00,117.53125,117.53125,117.46875,117.5,3671
2026-03-17T18:05:00,117.5,117.53125,117.5,117.53125,972
2026-03-17T18:10:00,117.53125,117.53125,117.5,117.5,12
2026-03-17T18:15:00,117.53125,117.53125,117.5,117.5,959
2026-03-17T18:20:00,117.5,117.53125,117.46875,117.5,1280
2026-03-17T18:25:00,117.46875,117.5,117.4375,117.5,908
2026-03-17T18:30:00,117.5,117.5,117.4375,117.4375,349
2026-03-17T18:35:00,117.4375,117.4375,117.40625,117.40625,829
2026-03-17T18:40:00,117.40625,117.4375,117.375,117.40625,2486
2026-03-17T18:45:00,117.40625,117.4375,117.40625,117.40625,869
2026-03-17T18:50:00,117.4375,117.4375,117.40625,117.4375,481
2026-03-17T18:55:00,117.46875,117.5,117.40625,117.40625,4375
2026-03-17T19:00:00,117.40625,117.46875,117.40625,117.46875,991
2026-03-17T19:05:00,117.46875,117.46875,117.46875,117.46875,76
2026-03-17T19:10:00,117.46875,117.46875,117.4375,117.46875,216
2026-03-17T19:15:00,117.46875,117.5,117.4375,117.46875,1451
2026-03-17T19:20:00,117.5,117.5,117.46875,117.5,2125
2026-03-17T19:25:00,117.5,117.5,117.46875,117.5,102
2026-03-17T19:30:00,117.5,117.5,117.46875,117.46875,1923
2026-03-17T19:35:00,117.46875,117.46875,117.4375,117.46875,2577
2026-03-17T19:40:00,117.46875,117.5,117.4375,117.5,593
2026-03-17T19:45:00,117.46875,117.5625,117.46875,117.5625,3248
2026-03-17T19:50:00,117.5625,117.59375,117.5,117.5,8474
2026-03-17T19:55:00,117.53125,117.5625,117.46875,117.46875,7587
2026-03-17T20:00:00,117.5,117.53125,117.46875,117.46875,3431
2026-03-17T20:05:00,117.46875,117.5,117.46875,117.5,773
2026-03-17T20:10:00,117.53125,117.5625,117.53125,117.53125,318
2026-03-17T20:15:00,117.53125,117.59375,117.53125,117.59375,850
2026-03-17T20:20:00,117.59375,117.625,117.5625,117.625,1044
2026-03-17T20:25:00,117.625,117.625,117.59375,117.59375,44
2026-03-17T20:30:00,117.625,117.625,117.59375,117.625,1880
2026-03-17T20:35:00,117.625,117.625,117.59375,117.59375,1732
2026-03-17T20:40:00,117.625,117.625,117.5625,117.5625,456
2026-03-17T20:45:00,117.5625,117.59375,117.53125,117.53125,526
2026-03-17T20:50:00,117.5625,117.5625,117.53125,117.53125,523
2026-03-17T20:55:00,117.53125,117.59375,117.53125,117.59375,1168
2026-03-17T22:00:00,117.5625,117.59375,117.5625,117.5625,56
2026-03-17T22:10:00,117.59375,117.59375,117.5625,117.5625,5
2026-03-17T22:15:00,117.5625,117.5625,117.5625,117.5625,33
2026-03-17T22:20:00,117.5625,117.5625,117.53125,117.53125,77
2026-03-17T22:25:00,117.53125,117.53125,117.53125,117.53125,32
2026-03-17T22:40:00,117.53125,117.5625,117.53125,117.5625,172
2026-03-17T22:45:00,117.5625,117.5625,117.5625,117.5625,8
2026-03-17T22:50:00,117.5625,117.5625,117.53125,117.53125,39
2026-03-17T22:55:00,117.53125,117.53125,117.53125,117.53125,4
2026-03-17T23:00:00,117.5625,117.5625,117.5625,117.5625,250
2026-03-17T23:05:00,117.5625,117.5625,117.5625,117.5625,64
2026-03-17T23:10:00,117.5625,117.5625,117.5625,117.5625,60
2026-03-17T23:25:00,117.53125,117.53125,117.53125,117.53125,181
2026-03-17T23:30:00,117.5,117.5,117.46875,117.46875,208
2026-03-17T23:35:00,117.46875,117.46875,117.46875,117.46875,1
2026-03-17T23:40:00,117.46875,117.5,117.46875,117.5,45
2026-03-17T23:45:00,117.5,117.5,117.46875,117.5,98
2026-03-17T23:50:00,117.5,117.5,117.5,117.5,15
2026-03-17T23:55:00,117.46875,117.46875,117.46875,117.46875,72
2026-03-18T00:00:00,117.46875,117.5,117.4375,117.4375,302
2026-03-18T00:05:00,117.4375,117.5,117.4375,117.4375,180
2026-03-18T00:10:00,117.4375,117.46875,117.4375,117.46875,29
2026-03-18T00:15:00,117.5,117.5,117.5,117.5,136
2026-03-18T00:20:00,117.53125,117.59375,117.53125,117.5625,390
2026-03-18T00:25:00,117.5625,117.5625,117.53125,117.53125,113
2026-03-18T00:30:00,117.5,117.53125,117.5,117.53125,2
2026-03-18T00:35:00,117.5,117.5,117.46875,117.46875,341
2026-03-18T00:40:00,117.4375,117.5,117.4375,117.46875,142
2026-03-18T00:45:00,117.46875,117.46875,117.46875,117.46875,113
2026-03-18T00:50:00,117.46875,117.46875,117.46875,117.46875,226
2026-03-18T00:55:00,117.5,117.5,117.46875,117.5,36
2026-03-18T01:00:00,117.5,117.5,117.46875,117.46875,125
2026-03-18T01:05:00,117.46875,117.53125,117.46875,117.53125,219
2026-03-18T01:10:00,117.5625,117.5625,117.5,117.5,58
2026-03-18T01:15:00,117.5,117.5,117.46875,117.5,195
2026-03-18T01:20:00,117.5,117.5,117.5,117.5,232
2026-03-18T01:25:00,117.5,117.5,117.5,117.5,253
2026-03-18T01:30:00,117.5,117.5,117.46875,117.5,261
2026-03-18T01:35:00,117.5,117.5,117.5,117.5,22
2026-03-18T01:40:00,117.5,117.5,117.5,117.5,8
2026-03-18T01:45:00,117.5,117.5,117.5,117.5,10
2026-03-18T01:50:00,117.5,117.5625,117.5,117.53125,438
2026-03-18T01:55:00,117.53125,117.5625,117.53125,117.53125,404
2026-03-18T02:00:00,117.53125,117.53125,117.53125,117.53125,251
2026-03-18T02:05:00,117.53125,117.53125,117.53125,117.53125,120
2026-03-18T02:10:00,117.5625,117.5625,117.53125,117.5625,138
2026-03-18T02:15:00,117.5625,117.625,117.5625,117.625,352
2026-03-18T02:20:00,117.59375,117.65625,117.59375,117.625,730
2026-03-18T02:25:00,117.625,117.6875,117.625,117.65625,193
2026-03-18T02:30:00,117.6875,117.78125,117.6875,117.78125,1027
2026-03-18T02:35:00,117.78125,117.84375,117.75,117.84375,523
2026-03-18T02:40:00,117.84375,117.875,117.8125,117.875,429
2026-03-18T02:45:00,117.875,117.875,117.78125,117.8125,681
2026-03-18T02:50:00,117.8125,117.875,117.78125,117.84375,277
2026-03-18T02:55:00,117.84375,117.875,117.84375,117.875,215
2026-03-18T03:00:00,117.875,117.9375,117.875,117.9375,524
2026-03-18T03:05:00,117.9375,117.9375,117.875,117.90625,233
2026-03-18T03:10:00,117.875,117.90625,117.8125,117.8125,548
2026-03-18T03:15:00,117.84375,117.84375,117.8125,117.8125,248
2026-03-18T03:20:00,117.8125,117.84375,117.8125,117.8125,424
2026-03-18T03:25:00,117.8125,117.8125,117.8125,117.8125,64
2026-03-18T03:30:00,117.78125,117.8125,117.78125,117.8125,20
2026-03-18T03:35:00,117.84375,117.875,117.84375,117.84375,165
2026-03-18T03:40:00,117.875,117.875,117.8125,117.84375,101
2026-03-18T03:45:00,117.84375,117.875,117.84375,117.84375,89
2026-03-18T03:50:00,117.84375,117.84375,117.8125,117.8125,35
2026-03-18T03:55:00,117.84375,117.875,117.84375,117.84375,129
2026-03-18T04:00:00,117.875,117.90625,117.875,117.875,181
2026-03-18T04:05:00,117.875,117.90625,117.875,117.875,55
2026-03-18T04:10:00,117.875,117.90625,117.875,117.875,241
2026-03-18T04:15:00,117.875,117.90625,117.875,117.90625,229
2026-03-18T04:20:00,117.875,117.875,117.84375,117.84375,108
2026-03-18T04:25:00,117.84375,117.90625,117.84375,117.875,585
2026-03-18T04:30:00,117.875,117.9375,117.875,117.90625,531
2026-03-18T04:35:00,117.90625,117.90625,117.84375,117.875,183
2026-03-18T04:40:00,117.84375,117.90625,117.84375,117.875,141
2026-03-18T04:45:00,117.90625,117.90625,117.875,117.875,7
2026-03-18T04:50:00,117.875,117.90625,117.875,117.875,118
2026-03-18T04:55:00,117.875,117.90625,117.875,117.875,28
2026-03-18T05:00:00,117.875,117.875,117.84375,117.84375,98
2026-03-18T05:05:00,117.84375,117.875,117.84375,117.84375,230
2026-03-18T05:10:00,117.84375,117.90625,117.84375,117.90625,114
2026-03-18T05:15:00,117.875,117.90625,117.84375,117.84375,31
2026-03-18T05:20:00,117.84375,117.875,117.84375,117.875,39
2026-03-18T05:25:00,117.875,117.875,117.84375,117.875,14
2026-03-18T05:30:00,117.875,117.875,117.84375,117.875,96
2026-03-18T05:35:00,117.84375,117.84375,117.84375,117.84375,5
2026-03-18T05:40:00,117.84375,117.84375,117.84375,117.84375,1
2026-03-18T05:45:00,117.84375,117.875,117.84375,117.875,75
2026-03-18T05:50:00,117.875,117.90625,117.875,117.875,32
2026-03-18T05:55:00,117.90625,117.90625,117.875,117.875,70
2026-03-18T06:00:00,117.875,117.875,117.84375,117.875,80
2026-03-18T06:05:00,117.875,117.90625,117.875,117.90625,360
2026-03-18T06:10:00,117.875,117.90625,117.875,117.90625,144
2026-03-18T06:15:00,117.90625,117.96875,117.90625,117.9375,650
2026-03-18T06:20:00,117.9375,117.96875,117.9375,117.9375,254
2026-03-18T06:25:00,117.96875,117.96875,117.90625,117.90625,231
2026-03-18T06:30:00,117.90625,117.9375,117.90625,117.90625,87
2026-03-18T06:35:00,117.90625,117.90625,117.875,117.875,172
2026-03-18T06:40:00,117.875,117.90625,117.875,117.90625,107
2026-03-18T06:45:00,117.90625,117.90625,117.875,117.875,58
2026-03-18T06:50:00,117.875,117.90625,117.875,117.90625,159
2026-03-18T06:55:00,117.90625,117.90625,117.875,117.875,223
2026-03-18T07:00:00,117.90625,117.96875,117.875,117.9375,222
2026-03-18T07:05:00,117.96875,117.96875,117.90625,117.9375,434
2026-03-18T07:10:00,117.9375,117.96875,117.90625,117.90625,308
2026-03-18T07:15:00,117.9375,117.9375,117.875,117.875,200
2026-03-18T07:20:00,117.875,117.875,117.84375,117.84375,275
2026-03-18T07:25:00,117.84375,117.875,117.84375,117.84375,398
2026-03-18T07:30:00,117.875,117.875,117.84375,117.84375,460
2026-03-18T07:35:00,117.84375,117.84375,117.8125,117.8125,359
2026-03-18T07:40:00,117.84375,117.90625,117.84375,117.875,377
2026-03-18T07:45:00,117.90625,117.96875,117.90625,117.9375,712
2026-03-18T07:50:00,117.9375,117.9375,117.9375,117.9375,42
2026-03-18T07:55:00,117.9375,117.96875,117.9375,117.9375,1209
2026-03-18T08:00:00,117.96875,117.96875,117.9375,117.9375,904
2026-03-18T08:05:00,117.9375,117.96875,117.9375,117.9375,664
2026-03-18T08:10:00,117.9375,117.96875,117.90625,117.90625,285
2026-03-18T08:15:00,117.9375,117.96875,117.9375,117.96875,246
2026-03-18T08:20:00,118.0,118.03125,117.96875,118.03125,1002
2026-03-18T08:25:00,118.0,118.0,117.90625,117.9375,1061
2026-03-18T08:30:00,117.90625,117.90625,117.875,117.875,440
2026-03-18T08:35:00,117.875,117.90625,117.875,117.90625,559
2026-03-18T08:40:00,117.90625,117.9375,117.875,117.875,332
2026-03-18T08:45:00,117.875,117.875,117.875,117.875,217
2026-03-18T08:50:00,117.875,117.875,117.84375,117.875,687
2026-03-18T08:55:00,117.90625,117.96875,117.90625,117.96875,263
2026-03-18T09:00:00,117.9375,117.9375,117.90625,117.90625,664
2026-03-18T09:05:00,117.875,117.875,117.875,117.875,143
2026-03-18T09:10:00,117.875,117.875,117.8125,117.8125,586
2026-03-18T09:15:00,117.8125,117.84375,117.8125,117.84375,288
2026-03-18T09:20:00,117.84375,117.90625,117.84375,117.90625,438
2026-03-18T09:25:00,117.90625,117.9375,117.90625,117.90625,324
2026-03-18T09:30:00,117.90625,117.90625,117.90625,117.90625,224
2026-03-18T09:35:00,117.875,117.90625,117.875,117.90625,194
2026-03-18T09:40:00,117.90625,117.90625,117.875,117.90625,120
2026-03-18T09:45:00,117.90625,117.90625,117.875,117.875,15
2026-03-18T09:50:00,117.90625,117.90625,117.875,117.90625,226
2026-03-18T09:55:00,117.875,117.90625,117.84375,117.84375,551
2026-03-18T10:00:00,117.875,117.875,117.8125,117.8125,164
2026-03-18T10:05:00,117.8125,117.90625,117.8125,117.90625,599
2026-03-18T10:10:00,117.90625,117.90625,117.84375,117.84375,155
2026-03-18T10:15:00,117.84375,117.875,117.84375,117.875,254
2026-03-18T10:20:00,117.875,117.90625,117.875,117.875,332
2026-03-18T10:25:00,117.875,117.875,117.84375,117.875,346
2026-03-18T10:30:00,117.875,117.9375,117.875,117.9375,360
2026-03-18T10:35:00,117.9375,117.9375,117.90625,117.9375,303
2026-03-18T10:40:00,117.9375,117.9375,117.90625,117.9375,28
2026-03-18T10:45:00,117.96875,117.96875,117.9375,117.9375,184
2026-03-18T10:50:00,117.9375,117.9375,117.90625,117.9375,665
2026-03-18T10:55:00,117.9375,117.96875,117.9375,117.9375,339
2026-03-18T11:00:00,117.9375,117.96875,117.9375,117.96875,933
2026-03-18T11:05:00,117.96875,118.0,117.96875,118.0,1208
2026-03-18T11:10:00,118.0,118.0,117.9375,117.9375,531
2026-03-18T11:15:00,117.9375,117.96875,117.9375,117.9375,466
2026-03-18T11:20:00,117.9375,118.0,117.90625,118.0,285
2026-03-18T11:25:00,117.96875,117.96875,117.78125,117.78125,2024
2026-03-18T11:30:00,117.78125,117.78125,117.75,117.75,1890
2026-03-18T11:35:00,117.78125,117.84375,117.78125,117.8125,950
2026-03-18T11:40:00,117.84375,117.90625,117.84375,117.90625,1091
2026-03-18T11:45:00,117.90625,117.9375,117.875,117.9375,1372
2026-03-18T11:50:00,117.9375,118.0,117.90625,117.9375,693
2026-03-18T11:55:00,117.9375,117.96875,117.9375,117.9375,883
2026-03-18T12:00:00,117.9375,117.9375,117.90625,117.90625,1508
2026-03-18T12:05:00,117.90625,118.0,117.84375,117.875,3568
2026-03-18T12:10:00,117.90625,117.9375,117.84375,117.84375,1133
2026-03-18T12:15:00,117.84375,117.84375,117.71875,117.75,3274
2026-03-18T12:20:00,117.75,117.8125,117.71875,117.78125,4791
2026-03-18T12:25:00,117.78125,117.78125,117.75,117.75,1446
2026-03-18T12:30:00,117.78125,117.78125,117.53125,117.5625,4471
2026-03-18T12:35:00,117.5625,117.625,117.53125,117.59375,1882
2026-03-18T12:40:00,117.625,117.65625,117.4375,117.5,4116
2026-03-18T12:45:00,117.5,117.53125,117.40625,117.46875,3786
2026-03-18T12:50:00,117.46875,117.5625,117.4375,117.46875,1430
2026-03-18T12:55:00,117.46875,117.5,117.34375,117.34375,2318
2026-03-18T13:00:00,117.375,117.375,117.3125,117.34375,5590
2026-03-18T13:05:00,117.34375,117.375,117.28125,117.3125,3075
2026-03-18T13:10:00,117.3125,117.3125,117.25,117.28125,2717
2026-03-18T13:15:00,117.3125,117.375,117.28125,117.375,4442
2026-03-18T13:20:00,117.34375,117.40625,117.3125,117.34375,3052
2026-03-18T13:25:00,117.375,117.375,117.34375,117.34375,2001
2026-03-18T13:30:00,117.34375,117.375,117.28125,117.3125,2802
2026-03-18T13:35:00,117.3125,117.3125,117.21875,117.3125,2604
2026-03-18T13:40:00,117.3125,117.34375,117.25,117.25,2131
2026-03-18T13:45:00,117.25,117.3125,117.21875,117.25,3291
2026-03-18T13:50:00,117.25,117.25,117.15625,117.1875,2953
2026-03-18T13:55:00,117.21875,117.28125,117.21875,117.25,2504
2026-03-18T14:00:00,117.28125,117.3125,117.21875,117.3125,3226
2026-03-18T14:05:00,117.3125,117.34375,117.25,117.25,1992
2026-03-18T14:10:00,117.25,117.25,117.125,117.15625,2817
2026-03-18T14:15:00,117.15625,117.21875,117.15625,117.1875,1155
2026-03-18T14:20:00,117.1875,117.21875,117.125,117.1875,2438
2026-03-18T14:25:00,117.15625,117.21875,117.125,117.15625,1443
2026-03-18T14:30:00,117.15625,117.1875,117.15625,117.15625,2052
2026-03-18T14:35:00,117.15625,117.1875,117.125,117.15625,1249
2026-03-18T14:40:00,117.1875,117.1875,117.0625,117.125,2696
2026-03-18T14:45:00,117.15625,117.15625,117.0625,117.125,1386
2026-03-18T14:50:00,117.125,117.21875,117.125,117.21875,2093
2026-03-18T14:55:00,117.21875,117.25,117.1875,117.21875,2099
2026-03-18T15:00:00,117.21875,117.3125,117.21875,117.25,2941
2026-03-18T15:05:00,117.25,117.3125,117.21875,117.21875,2367
2026-03-18T15:10:00,117.21875,117.28125,117.21875,117.25,4041
2026-03-18T15:15:00,117.25,117.25,117.1875,117.21875,1512
2026-03-18T15:20:00,117.21875,117.21875,117.1875,117.21875,686
2026-03-18T15:25:00,117.21875,117.25,117.21875,117.25,677
2026-03-18T15:30:00,117.21875,117.25,117.1875,117.21875,2271
2026-03-18T15:35:00,117.21875,117.28125,117.21875,117.28125,1196
2026-03-18T15:40:00,117.28125,117.3125,117.25,117.28125,2464
2026-03-18T15:45:00,117.25,117.25,117.1875,117.1875,1290
2026-03-18T15:50:00,117.1875,117.21875,117.1875,117.21875,2411
2026-03-18T15:55:00,117.25,117.28125,117.21875,117.28125,684
2026-03-18T16:00:00,117.28125,117.28125,117.21875,117.28125,988
2026-03-18T16:05:00,117.25,117.28125,117.21875,117.21875,2391
2026-03-18T16:10:00,117.21875,117.21875,117.15625,117.1875,1428
2026-03-18T16:15:00,117.21875,117.25,117.1875,117.25,2964
2026-03-18T16:20:00,117.25,117.34375,117.25,117.34375,1409
2026-03-18T16:25:00,117.34375,117.375,117.3125,117.34375,1164
2026-03-18T16:30:00,117.34375,117.34375,117.28125,117.28125,1168
2026-03-18T16:35:00,117.28125,117.34375,117.25,117.3125,372
2026-03-18T16:40:00,117.34375,117.34375,117.3125,117.3125,699
2026-03-18T16:45:00,117.3125,117.375,117.3125,117.34375,1577
2026-03-18T16:50:00,117.34375,117.34375,117.3125,117.3125,613
2026-03-18T16:55:00,117.34375,117.375,117.3125,117.34375,1142
2026-03-18T17:00:00,117.3125,117.3125,117.3125,117.3125,1677
2026-03-18T17:05:00,117.3125,117.3125,117.25,117.25,1308
2026-03-18T17:10:00,117.21875,117.25,117.1875,117.21875,1429
2026-03-18T17:15:00,117.21875,117.21875,117.15625,117.21875,643
2026-03-18T17:20:00,117.21875,117.25,117.21875,117.21875,219
2026-03-18T17:25:00,117.21875,117.25,117.1875,117.1875,244
2026-03-18T17:30:00,117.21875,117.3125,117.21875,117.3125,2278
2026-03-18T17:35:00,117.3125,117.3125,117.28125,117.3125,727
2026-03-18T17:40:00,117.3125,117.3125,117.28125,117.28125,677
2026-03-18T17:45:00,117.3125,117.34375,117.3125,117.3125,1036
2026-03-18T17:50:00,117.34375,117.40625,117.3125,117.375,1212
2026-03-18T17:55:00,117.40625,117.40625,117.34375,117.34375,1427
2026-03-18T18:00:00,117.375,117.53125,117.34375,117.5,3021
2026-03-18T18:05:00,117.5,117.53125,117.46875,117.46875,1699
2026-03-18T18:10:00,117.46875,117.5,117.4375,117.46875,1927
2026-03-18T18:15:00,117.46875,117.46875,117.3125,117.34375,3381
2026-03-18T18:20:00,117.375,117.4375,117.375,117.40625,907
2026-03-18T18:25:00,117.40625,117.5,117.40625,117.46875,1112
2026-03-18T18:30:00,117.46875,117.5,117.34375,117.34375,1781
2026-03-18T18:35:00,117.375,117.375,117.125,117.125,3358
2026-03-18T18:40:00,117.15625,117.21875,117.125,117.125,1797
2026-03-18T18:45:00,117.125,117.15625,117.0625,117.0625,2049
2026-03-18T18:50:00,117.0625,117.0625,116.90625,116.96875,3525
2026-03-18T18:55:00,116.9375,116.96875,116.84375,116.90625,5765
2026-03-18T19:00:00,116.875,116.9375,116.84375,116.9375,4134
2026-03-18T19:05:00,116.9375,117.0,116.90625,117.0,2133
2026-03-18T19:10:00,117.0,117.0,116.875,116.875,1788
2026-03-18T19:15:00,116.90625,116.9375,116.84375,116.84375,1154
2026-03-18T19:20:00,116.875,116.875,116.8125,116.84375,1407
2026-03-18T19:25:00,116.84375,116.90625,116.84375,116.875,2390
2026-03-18T19:30:00,116.875,116.96875,116.875,116.96875,1683
2026-03-18T19:35:00,116.9375,116.96875,116.875,116.9375,3239
2026-03-18T19:40:00,116.9375,116.9375,116.84375,116.84375,2261
2026-03-18T19:45:00,116.84375,116.875,116.8125,116.84375,1918
2026-03-18T19:50:00,116.84375,116.875,116.8125,116.84375,1382
2026-03-18T19:55:00,116.875,116.875,116.78125,116.84375,7213
2026-03-18T20:00:00,116.8125,116.84375,116.78125,116.84375,2827
2026-03-18T20:05:00,116.84375,116.84375,116.78125,116.8125,2097
2026-03-18T20:10:00,116.84375,116.84375,116.78125,116.78125,350
2026-03-18T20:15:00,116.8125,116.8125,116.78125,116.8125,1094
2026-03-18T20:20:00,116.8125,116.84375,116.78125,116.78125,1607
2026-03-18T20:25:00,116.78125,116.8125,116.75,116.75,1634
2026-03-18T20:30:00,116.78125,116.8125,116.78125,116.78125,947
2026-03-18T20:35:00,116.78125,116.84375,116.78125,116.8125,1352
2026-03-18T20:40:00,116.8125,116.84375,116.78125,116.8125,1392
2026-03-18T20:45:00,116.8125,116.8125,116.78125,116.78125,940
2026-03-18T20:50:00,116.8125,116.84375,116.78125,116.8125,312
2026-03-18T20:55:00,116.8125,116.875,116.8125,116.84375,701
2026-03-18T22:00:00,116.875,116.875,116.84375,116.875,342
2026-03-18T22:05:00,116.875,116.875,116.84375,116.84375,52
2026-03-18T22:10:00,116.84375,116.84375,116.78125,116.78125,110
2026-03-18T22:15:00,116.78125,116.78125,116.71875,116.75,92
2026-03-18T22:20:00,116.75,116.75,116.75,116.75,7
2026-03-18T22:25:00,116.78125,116.78125,116.78125,116.78125,92
2026-03-18T22:30:00,116.78125,116.78125,116.71875,116.71875,73
2026-03-18T22:35:00,116.75,116.75,116.75,116.75,36
2026-03-18T22:40:00,116.75,116.75,116.75,116.75,2
2026-03-18T22:45:00,116.75,116.78125,116.75,116.78125,66
2026-03-18T22:50:00,116.75,116.75,116.75,116.75,8
2026-03-18T22:55:00,116.75,116.78125,116.75,116.78125,191
2026-03-18T23:00:00,116.78125,116.78125,116.78125,116.78125,47
2026-03-18T23:05:00,116.78125,116.78125,116.78125,116.78125,57
2026-03-18T23:10:00,116.75,116.75,116.75,116.75,6
2026-03-18T23:15:00,116.78125,116.78125,116.78125,116.78125,136
2026-03-18T23:20:00,116.78125,116.8125,116.78125,116.8125,58
2026-03-18T23:25:00,116.8125,116.84375,116.8125,116.84375,75
2026-03-18T23:30:00,116.8125,116.8125,116.8125,116.8125,6
2026-03-18T23:35:00,116.8125,116.84375,116.78125,116.84375,316
2026-03-18T23:40:00,116.84375,116.84375,116.8125,116.8125,398
2026-03-18T23:45:00,116.8125,116.8125,116.75,116.78125,740
2026-03-18T23:50:00,116.78125,116.78125,116.75,116.75,181
2026-03-18T23:55:00,116.75,116.75,116.71875,116.71875,88
2026-03-19T00:00:00,116.71875,116.71875,116.6875,116.71875,269
2026-03-19T00:05:00,116.71875,116.78125,116.71875,116.78125,301
2026-03-19T00:10:00,116.75,116.8125,116.75,116.8125,672
2026-03-19T00:15:00,116.78125,116.78125,116.6875,116.71875,897
2026-03-19T00:20:00,116.71875,116.71875,116.5,116.5,2532
2026-03-19T00:25:00,116.5,116.5625,116.5,116.5,1059
2026-03-19T00:30:00,116.5,116.53125,116.4375,116.46875,935
2026-03-19T00:35:00,116.4375,116.5,116.4375,116.46875,687
2026-03-19T00:40:00,116.46875,116.53125,116.46875,116.5,238
2026-03-19T00:45:00,116.5,116.59375,116.5,116.5625,811
2026-03-19T00:50:00,116.59375,116.625,116.5625,116.59375,769
2026-03-19T00:55:00,116.59375,116.59375,116.5625,116.5625,237
2026-03-19T01:00:00,116.5625,116.625,116.53125,116.625,494
2026-03-19T01:05:00,116.625,116.65625,116.59375,116.65625,581
2026-03-19T01:10:00,116.65625,116.78125,116.65625,116.6875,1330
2026-03-19T01:15:00,116.6875,116.71875,116.6875,116.6875,241
2026-03-19T01:20:00,116.6875,116.75,116.6875,116.71875,349
2026-03-19T01:25:00,116.75,116.78125,116.71875,116.71875,158
2026-03-19T01:30:00,116.75,116.78125,116.71875,116.78125,828
2026-03-19T01:35:00,116.75,116.78125,116.75,116.78125,289
2026-03-19T01:40:00,116.78125,116.78125,116.75,116.75,324
2026-03-19T01:45:00,116.71875,116.71875,116.71875,116.71875,504
2026-03-19T01:50:00,116.75,116.75,116.71875,116.75,161
2026-03-19T01:55:00,116.75,116.78125,116.75,116.75,180
2026-03-19T02:00:00,116.71875,116.75,116.6875,116.75,755
2026-03-19T02:05:00,116.71875,116.8125,116.71875,116.78125,443
2026-03-19T02:10:00,116.78125,116.78125,116.75,116.78125,33
2026-03-19T02:15:00,116.8125,116.875,116.78125,116.8125,416
2026-03-19T02:20:00,116.8125,116.84375,116.78125,116.78125,243
2026-03-19T02:25:00,116.78125,116.8125,116.78125,116.78125,177
2026-03-19T02:30:00,116.78125,116.8125,116.78125,116.8125,136
2026-03-19T02:35:00,116.8125,116.84375,116.8125,116.8125,194
2026-03-19T02:40:00,116.78125,116.84375,116.78125,116.84375,438
2026-03-19T02:45:00,116.8125,116.8125,116.78125,116.78125,280
2026-03-19T02:50:00,116.78125,116.78125,116.75,116.75,164
2026-03-19T02:55:00,116.75,116.78125,116.75,116.75,19
2026-03-19T03:00:00,116.75,116.78125,116.75,116.75,37
2026-03-19T03:05:00,116.78125,116.8125,116.71875,116.71875,382
2026-03-19T03:10:00,116.75,116.78125,116.71875,116.75,100
2026-03-19T03:15:00,116.75,116.75,116.75,116.75,6
2026-03-19T03:20:00,116.75,116.8125,116.75,116.8125,236
2026-03-19T03:25:00,116.8125,116.8125,116.78125,116.8125,175
2026-03-19T03:30:00,116.8125,116.8125,116.75,116.78125,165
2026-03-19T03:35:00,116.78125,116.78125,116.78125,116.78125,31
2026-03-19T03:40:00,116.78125,116.78125,116.78125,116.78125,165
2026-03-19T03:45:00,116.75,116.78125,116.75,116.78125,156
2026-03-19T03:50:00,116.78125,116.8125,116.75,116.75,151
2026-03-19T03:55:00,116.75,116.78125,116.75,116.75,41
2026-03-19T04:00:00,116.75,116.75,116.75,116.75,215
2026-03-19T04:05:00,116.75,116.78125,116.6875,116.75,276
2026-03-19T04:10:00,116.75,116.75,116.75,116.75,72
2026-03-19T04:15:00,116.75,116.75,116.71875,116.71875,63
2026-03-19T04:20:00,116.71875,116.71875,116.71875,116.71875,201
2026-03-19T04:25:00,116.71875,116.71875,116.6875,116.6875,71
2026-03-19T04:30:00,116.6875,116.71875,116.6875,116.71875,36
2026-03-19T04:35:00,116.6875,116.71875,116.6875,116.71875,67
2026-03-19T04:40:00,116.6875,116.71875,116.65625,116.6875,66
2026-03-19T04:45:00,116.71875,116.71875,116.6875,116.71875,169
2026-03-19T04:50:00,116.71875,116.71875,116.6875,116.6875,296
2026-03-19T04:55:00,116.71875,116.71875,116.6875,116.71875,203
2026-03-19T05:00:00,116.71875,116.71875,116.71875,116.71875,27
2026-03-19T05:05:00,116.71875,116.75,116.71875,116.71875,118
2026-03-19T05:10:00,116.71875,116.71875,116.71875,116.71875,248
2026-03-19T05:15:00,116.71875,116.75,116.71875,116.71875,64
2026-03-19T05:20:00,116.71875,116.71875,116.71875,116.71875,9
2026-03-19T05:25:00,116.71875,116.71875,116.6875,116.6875,105
2026-03-19T05:30:00,116.6875,116.6875,116.65625,116.65625,85
2026-03-19T05:35:00,116.6875,116.71875,116.6875,116.6875,79
2026-03-19T05:40:00,116.6875,116.6875,116.625,116.625,495
2026-03-19T05:45:00,116.625,116.65625,116.625,116.65625,467
2026-03-19T05:50:00,116.65625,116.75,116.65625,116.71875,878
2026-03-19T05:55:00,116.71875,116.71875,116.71875,116.71875,144
2026-03-19T06:00:00,116.6875,116.6875,116.6875,116.6875,145
2026-03-19T06:05:00,116.6875,116.71875,116.6875,116.6875,187
2026-03-19T06:10:00,116.65625,116.6875,116.65625,116.6875,235
2026-03-19T06:15:00,116.71875,116.75,116.6875,116.75,145
2026-03-19T06:20:00,116.75,116.78125,116.71875,116.78125,334
2026-03-19T06:25:00,116.75,116.75,116.71875,116.75,274
2026-03-19T06:30:00,116.71875,116.71875,116.6875,116.6875,311
2026-03-19T06:35:00,116.6875,116.6875,116.625,116.65625,375
2026-03-19T06:40:00,116.65625,116.6875,116.65625,116.6875,197
2026-03-19T06:45:00,116.6875,116.6875,116.6875,116.6875,138
2026-03-19T06:50:00,116.6875,116.71875,116.65625,116.6875,217
2026-03-19T06:55:00,116.71875,116.71875,116.6875,116.71875,287
2026-03-19T07:00:00,116.71875,116.71875,116.625,116.625,645
2026-03-19T07:05:00,116.625,116.65625,116.625,116.625,572
2026-03-19T07:10:00,116.65625,116.6875,116.65625,116.6875,137
2026-03-19T07:15:00,116.6875,116.75,116.6875,116.75,662
2026-03-19T07:20:00,116.75,116.75,116.71875,116.71875,223
2026-03-19T07:25:00,116.71875,116.75,116.71875,116.75,170
2026-03-19T07:30:00,116.71875,116.75,116.71875,116.75,426
2026-03-19T07:35:00,116.71875,116.71875,116.6875,116.71875,944
2026-03-19T07:40:00,116.71875,116.75,116.71875,116.71875,667
2026-03-19T07:45:00,116.71875,116.71875,116.6875,116.6875,451
2026-03-19T07:50:00,116.6875,116.71875,116.6875,116.6875,185
2026-03-19T07:55:00,116.6875,116.6875,116.65625,116.65625,519
2026-03-19T08:00:00,116.65625,116.6875,116.625,116.6875,1159
2026-03-19T08:05:00,116.65625,116.6875,116.625,116.6875,602
2026-03-19T08:10:00,116.6875,116.71875,116.6875,116.6875,1057
2026-03-19T08:15:00,116.6875,116.75,116.6875,116.75,1263
2026-03-19T08:20:00,116.75,116.75,116.6875,116.6875,588
2026-03-19T08:25:00,116.6875,116.71875,116.625,116.65625,519
2026-03-19T08:30:00,116.65625,116.65625,116.59375,116.625,1021
2026-03-19T08:35:00,116.625,116.6875,116.59375,116.59375,851
2026-03-19T08:40:00,116.625,116.625,116.5625,116.59375,436
2026-03-19T08:45:00,116.59375,116.65625,116.59375,116.65625,910
2026-03-19T08:50:00,116.65625,116.6875,116.625,116.6875,1090
2026-03-19T08:55:00,116.6875,116.71875,116.65625,116.6875,291
2026-03-19T09:00:00,116.71875,116.84375,116.71875,116.78125,577
2026-03-19T09:05:00,116.78125,116.78125,116.6875,116.71875,1146
2026-03-19T09:10:00,116.6875,116.75,116.6875,116.6875,1153
2026-03-19T09:15:00,116.6875,116.6875,116.5625,116.625,928
2026-03-19T09:20:00,116.625,116.625,116.5625,116.5625,349
2026-03-19T09:25:00,116.5625,116.5625,116.40625,116.4375,2557
2026-03-19T09:30:00,116.4375,116.59375,116.4375,116.5625,1824
2026-03-19T09:35:00,116.5625,116.59375,116.5625,116.59375,630
2026-03-19T09:40:00,116.5625,116.625,116.5625,116.59375,864
2026-03-19T09:45:00,116.625,116.65625,116.59375,116.625,1785
2026-03-19T09:50:00,116.625,116.65625,116.59375,116.625,1198
2026-03-19T09:55:00,116.625,116.6875,116.625,116.65625,1081
2026-03-19T10:00:00,116.65625,116.65625,116.59375,116.59375,364
2026-03-19T10:05:00,116.59375,116.65625,116.59375,116.625,860
2026-03-19T10:10:00,116.65625,116.6875,116.625,116.65625,206
2026-03-19T10:15:00,116.65625,116.6875,116.65625,116.6875,400
2026-03-19T10:20:00,116.6875,116.6875,116.625,116.65625,496
2026-03-19T10:25:00,116.6875,116.71875,116.6875,116.71875,621
2026-03-19T10:30:00,116.71875,116.78125,116.71875,116.75,428
2026-03-19T10:35:00,116.71875,116.75,116.71875,116.71875,750
2026-03-19T10:40:00,116.71875,116.71875,116.65625,116.6875,245
2026-03-19T10:45:00,116.6875,116.6875,116.65625,116.6875,501
2026-03-19T10:50:00,116.65625,116.65625,116.5625,116.59375,526
2026-03-19T10:55:00,116.5625,116.625,116.5625,116.59375,685
2026-03-19T11:00:00,116.59375,116.625,116.59375,116.59375,361
2026-03-19T11:05:00,116.5625,116.625,116.5625,116.59375,595
2026-03-19T11:10:00,116.5625,116.59375,116.5,116.53125,1423
2026-03-19T11:15:00,116.53125,116.53125,116.40625,116.4375,654
2026-03-19T11:20:00,116.4375,116.46875,116.40625,116.4375,934
2026-03-19T11:25:00,116.40625,116.46875,116.40625,116.4375,335
2026-03-19T11:30:00,116.4375,116.46875,116.4375,116.4375,845
2026-03-19T11:35:00,116.4375,116.4375,116.375,116.4375,1075
2026-03-19T11:40:00,116.46875,116.5,116.4375,116.5,1362
2026-03-19T11:45:00,116.5,116.5625,116.46875,116.53125,2220
2026-03-19T11:50:00,116.5,116.625,116.5,116.5625,679
2026-03-19T11:55:00,116.5625,116.59375,116.53125,116.53125,587
2026-03-19T12:00:00,116.53125,116.53125,116.40625,116.5,4232
2026-03-19T12:05:00,116.5,116.5625,116.46875,116.53125,5383
2026-03-19T12:10:00,116.5625,116.59375,116.46875,116.5,2879
2026-03-19T12:15:00,116.5,116.59375,116.4375,116.53125,6613
2026-03-19T12:20:00,116.53125,116.5625,116.4375,116.5,10083
2026-03-19T12:25:00,116.5,116.625,116.46875,116.59375,7018
2026-03-19T12:30:00,116.59375,116.59375,116.375,116.375,8647
2026-03-19T12:35:00,116.40625,116.65625,116.375,116.625,5770
2026-03-19T12:40:00,116.59375,116.6875,116.5,116.65625,3768
2026-03-19T12:45:00,116.625,116.78125,116.59375,116.75,9163
2026-03-19T12:50:00,116.75,116.78125,116.625,116.78125,8980
2026-03-19T12:55:00,116.75,116.90625,116.75,116.84375,7909
2026-03-19T13:00:00,116.84375,116.9375,116.8125,116.84375,5454
2026-03-19T13:05:00,116.84375,116.875,116.71875,116.75,3975
2026-03-19T13:10:00,116.75,116.78125,116.625,116.71875,5717
2026-03-19T13:15:00,116.71875,116.9375,116.6875,116.90625,7066
2026-03-19T13:20:00,116.90625,116.96875,116.84375,116.9375,4873
2026-03-19T13:25:00,116.96875,117.0625,116.90625,117.0,4408
2026-03-19T13:30:00,117.0,117.0,116.875,116.96875,7691
2026-03-19T13:35:00,116.96875,117.03125,116.875,117.03125,4721
2026-03-19T13:40:00,117.03125,117.1875,117.03125,117.15625,6152
2026-03-19T13:45:00,117.125,117.125,117.0,117.0625,4411
2026-03-19T13:50:00,117.0625,117.28125,117.0625,117.25,4424
2026-03-19T13:55:00,117.25,117.3125,117.21875,117.3125,3085
2026-03-19T14:00:00,117.3125,117.375,117.21875,117.25,7501
2026-03-19T14:05:00,117.21875,117.4375,117.1875,117.4375,5370
2026-03-19T14:10:00,117.40625,117.4375,117.375,117.4375,5588
2026-03-19T14:15:00,117.4375,117.4375,117.34375,117.4375,5240
2026-03-19T14:20:00,117.40625,117.4375,117.34375,117.375,3648
2026-03-19T14:25:00,117.375,117.375,117.21875,117.3125,4805
2026-03-19T14:30:00,117.28125,117.34375,117.21875,117.3125,4310
2026-03-19T14:35:00,117.34375,117.4375,117.34375,117.40625,3498
2026-03-19T14:40:00,117.40625,117.5,117.375,117.4375,3203
2026-03-19T14:45:00,117.4375,117.46875,117.40625,117.40625,3105
2026-03-19T14:50:00,117.40625,117.40625,117.34375,117.34375,1718
2026-03-19T14:55:00,117.34375,117.34375,117.3125,117.34375,1442
2026-03-19T15:00:00,117.3125,117.46875,117.28125,117.46875,2106
2026-03-19T15:05:00,117.4375,117.53125,117.4375,117.5,3374
2026-03-19T15:10:00,117.53125,117.5625,117.46875,117.5625,2964
2026-03-19T15:15:00,117.53125,117.5625,117.40625,117.40625,3417
2026-03-19T15:20:00,117.40625,117.40625,117.34375,117.34375,2844
2026-03-19T15:25:00,117.34375,117.5,117.34375,117.46875,6621
2026-03-19T15:30:00,117.46875,117.46875,117.3125,117.34375,3932
2026-03-19T15:35:00,117.34375,117.46875,117.34375,117.4375,2495
2026-03-19T15:40:00,117.4375,117.53125,117.40625,117.40625,3919
2026-03-19T15:45:00,117.4375,117.46875,117.375,117.46875,2844
2026-03-19T15:50:00,117.46875,117.59375,117.4375,117.53125,2035
2026-03-19T15:55:00,117.5625,117.59375,117.5,117.59375,3843
2026-03-19T16:00:00,117.59375,117.71875,117.5625,117.71875,5587
2026-03-19T16:05:00,117.6875,117.8125,117.6875,117.78125,6847
2026-03-19T16:10:00,117.75,117.78125,117.625,117.65625,4845
2026-03-19T16:15:00,117.6875,117.75,117.625,117.71875,3484
2026-03-19T16:20:00,117.6875,117.75,117.65625,117.6875,2901
2026-03-19T16:25:00,117.6875,117.78125,117.65625,117.78125,2443
2026-03-19T16:30:00,117.78125,117.8125,117.65625,117.65625,3696
2026-03-19T16:35:00,117.6875,117.78125,117.6875,117.78125,8871
2026-03-19T16:40:00,117.8125,117.8125,117.6875,117.71875,3360
2026-03-19T16:45:00,117.6875,117.78125,117.65625,117.71875,2217
2026-03-19T16:50:00,117.71875,117.78125,117.6875,117.78125,1412
2026-03-19T16:55:00,117.78125,117.78125,117.6875,117.71875,2277
2026-03-19T17:00:00,117.71875,117.71875,117.59375,117.59375,1969
2026-03-19T17:05:00,117.5625,117.59375,117.46875,117.5,2503
2026-03-19T17:10:00,117.5,117.59375,117.46875,117.5625,1906
2026-03-19T17:15:00,117.5625,117.59375,117.53125,117.5625,1312
2026-03-19T17:20:00,117.5625,117.59375,117.53125,117.59375,1228
2026-03-19T17:25:00,117.5625,117.625,117.53125,117.5625,2404
2026-03-19T17:30:00,117.5625,117.625,117.5625,117.59375,1669
2026-03-19T17:35:00,117.5625,117.59375,117.53125,117.53125,1563
2026-03-19T17:40:00,117.53125,117.53125,117.5,117.5,2807
2026-03-19T17:45:00,117.53125,117.53125,117.46875,117.5,1689
2026-03-19T17:50:00,117.5,117.5625,117.5,117.53125,3133
2026-03-19T17:55:00,117.53125,117.5625,117.53125,117.53125,2369
2026-03-19T18:00:00,117.53125,117.53125,117.40625,117.40625,2953
2026-03-19T18:05:00,117.40625,117.4375,117.375,117.40625,1555
2026-03-19T18:10:00,117.40625,117.40625,117.375,117.40625,3306
2026-03-19T18:15:00,117.40625,117.4375,117.34375,117.375,2732
2026-03-19T18:20:00,117.375,117.46875,117.34375,117.46875,2795
2026-03-19T18:25:00,117.5,117.5,117.4375,117.4375,1735
2026-03-19T18:30:00,117.40625,117.40625,117.34375,117.40625,3180
2026-03-19T18:35:00,117.4375,117.4375,117.34375,117.375,279
2026-03-19T18:40:00,117.375,117.40625,117.34375,117.375,808
2026-03-19T18:45:00,117.375,117.375,117.34375,117.34375,526
2026-03-19T18:50:00,117.34375,117.4375,117.34375,117.40625,497
2026-03-19T18:55:00,117.40625,117.4375,117.375,117.40625,3304
2026-03-19T19:00:00,117.375,117.59375,117.375,117.5625,4573
2026-03-19T19:05:00,117.5625,117.8125,117.5625,117.78125,10847
2026-03-19T19:10:00,117.78125,117.875,117.78125,117.8125,6330
2026-03-19T19:15:00,117.8125,117.875,117.75,117.84375,6076
2026-03-19T19:20:00,117.8125,117.8125,117.6875,117.71875,3464
2026-03-19T19:25:00,117.6875,117.71875,117.625,117.71875,3948
2026-03-19T19:30:00,117.71875,117.8125,117.6875,117.71875,4229
2026-03-19T19:35:00,117.75,117.75,117.6875,117.75,2414
2026-03-19T19:40:00,117.71875,117.75,117.71875,117.71875,862
2026-03-19T19:45:00,117.71875,117.75,117.65625,117.65625,1721
2026-03-19T19:50:00,117.65625,117.6875,117.625,117.65625,2242
2026-03-19T19:55:00,117.65625,117.65625,117.53125,117.5625,11690
2026-03-19T20:00:00,117.5625,117.59375,117.53125,117.5625,4052
2026-03-19T20:05:00,117.5625,117.625,117.53125,117.59375,1322
2026-03-19T20:10:00,117.5625,117.625,117.5625,117.5625,416
2026-03-19T20:15:00,117.59375,117.59375,117.5625,117.5625,373
2026-03-19T20:20:00,117.5625,117.625,117.5625,117.59375,866
2026-03-19T20:25:00,117.5625,117.59375,117.5625,117.5625,709
2026-03-19T20:30:00,117.59375,117.625,117.59375,117.59375,1758
2026-03-19T20:35:00,117.625,117.65625,117.59375,117.65625,1871
2026-03-19T20:40:00,117.625,117.6875,117.59375,117.625,1528
2026-03-19T20:45:00,117.625,117.6875,117.625,117.65625,599
2026-03-19T20:50:00,117.65625,117.6875,117.59375,117.59375,1664
2026-03-19T20:55:00,117.625,117.65625,117.59375,117.625,842
2026-03-19T22:00:00,117.65625,117.6875,117.59375,117.625,164
2026-03-19T22:05:00,117.59375,117.6875,117.59375,117.6875,230
2026-03-19T22:10:00,117.65625,117.65625,117.625,117.625,19
2026-03-19T22:15:00,117.625,117.625,117.5625,117.5625,112
2026-03-19T22:20:00,117.5625,117.5625,117.5,117.5,144
2026-03-19T22:25:00,117.53125,117.5625,117.53125,117.5625,71
2026-03-19T22:30:00,117.5625,117.5625,117.5625,117.5625,56
2026-03-19T22:35:00,117.5625,117.59375,117.5625,117.59375,101
2026-03-19T22:40:00,117.59375,117.59375,117.59375,117.59375,3
2026-03-19T22:45:00,117.59375,117.59375,117.5625,117.5625,71
2026-03-19T22:50:00,117.5625,117.5625,117.5625,117.5625,19
2026-03-19T22:55:00,117.5625,117.5625,117.5625,117.5625,1
2026-03-19T23:00:00,117.59375,117.625,117.59375,117.625,30
2026-03-19T23:05:00,117.625,117.625,117.59375,117.59375,24
2026-03-19T23:10:00,117.59375,117.59375,117.59375,117.59375,23
2026-03-19T23:15:00,117.625,117.625,117.59375,117.59375,122
2026-03-19T23:20:00,117.59375,117.59375,117.59375,117.59375,29
2026-03-19T23:25:00,117.5625,117.5625,117.53125,117.53125,53
2026-03-19T23:30:00,117.5625,117.59375,117.5625,117.5625,212
2026-03-19T23:35:00,117.5625,117.625,117.5625,117.625,258
2026-03-19T23:40:00,117.59375,117.59375,117.59375,117.59375,36
2026-03-19T23:45:00,117.59375,117.59375,117.59375,117.59375,70
2026-03-19T23:55:00,117.625,117.625,117.625,117.625,107
2026-03-20T00:00:00,117.59375,117.65625,117.5625,117.65625,415
2026-03-20T00:05:00,117.65625,117.65625,117.625,117.65625,334
2026-03-20T00:10:00,117.625,117.65625,117.59375,117.625,109
2026-03-20T00:15:00,117.625,117.625,117.59375,117.59375,172
2026-03-20T00:20:00,117.59375,117.6875,117.59375,117.65625,414
2026-03-20T00:25:00,117.65625,117.6875,117.625,117.65625,404
2026-03-20T00:30:00,117.65625,117.65625,117.625,117.625,54
2026-03-20T00:35:00,117.625,117.65625,117.625,117.625,104
2026-03-20T00:40:00,117.65625,117.6875,117.65625,117.6875,71
2026-03-20T00:45:00,117.6875,117.6875,117.65625,117.65625,153
2026-03-20T00:50:00,117.625,117.625,117.625,117.625,26
2026-03-20T00:55:00,117.65625,117.65625,117.59375,117.625,171
2026-03-20T01:00:00,117.59375,117.65625,117.59375,117.625,459
2026-03-20T01:05:00,117.625,117.65625,117.59375,117.625,186
2026-03-20T01:10:00,117.625,117.71875,117.625,117.71875,263
2026-03-20T01:15:00,117.71875,117.75,117.6875,117.6875,152
2026-03-20T01:20:00,117.6875,117.71875,117.65625,117.65625,121
2026-03-20T01:25:00,117.6875,117.6875,117.65625,117.65625,17
2026-03-20T01:30:00,117.65625,117.65625,117.5625,117.5625,537
2026-03-20T01:35:00,117.5625,117.5625,117.53125,117.53125,329
2026-03-20T01:40:00,117.53125,117.5625,117.53125,117.53125,173
2026-03-20T01:45:00,117.5625,117.59375,117.5625,117.59375,100
2026-03-20T01:50:00,117.5625,117.5625,117.5625,117.5625,6
2026-03-20T01:55:00,117.5625,117.59375,117.5625,117.5625,38
2026-03-20T02:00:00,117.5625,117.59375,117.53125,117.53125,430
2026-03-20T02:05:00,117.53125,117.5625,117.53125,117.5625,208
2026-03-20T02:10:00,117.53125,117.53125,117.5,117.5,128
2026-03-20T02:15:00,117.5,117.5,117.5,117.5,19
2026-03-20T02:20:00,117.5,117.5,117.46875,117.46875,87
2026-03-20T02:25:00,117.46875,117.5,117.46875,117.5,126
2026-03-20T02:30:00,117.46875,117.46875,117.4375,117.4375,80
2026-03-20T02:35:00,117.4375,117.4375,117.375,117.375,376
2026-03-20T02:40:00,117.40625,117.46875,117.40625,117.4375,101
2026-03-20T02:45:00,117.4375,117.4375,117.40625,117.40625,24
2026-03-20T02:50:00,117.4375,117.46875,117.4375,117.46875,156
2026-03-20T02:55:00,117.46875,117.46875,117.4375,117.4375,18
2026-03-20T03:00:00,117.4375,117.4375,117.375,117.40625,159
2026-03-20T03:05:00,117.40625,117.46875,117.40625,117.4375,238
2026-03-20T03:10:00,117.4375,117.4375,117.40625,117.40625,105
2026-03-20T03:15:00,117.40625,117.4375,117.375,117.375,217
2026-03-20T03:20:00,117.40625,117.40625,117.375,117.40625,104
2026-03-20T03:25:00,117.40625,117.40625,117.375,117.375,17
2026-03-20T03:30:00,117.375,117.4375,117.375,117.375,46
2026-03-20T03:35:00,117.40625,117.40625,117.375,117.375,70
2026-03-20T03:40:00,117.375,117.40625,117.375,117.375,20
2026-03-20T03:45:00,117.375,117.40625,117.375,117.40625,91
2026-03-20T03:50:00,117.40625,117.4375,117.40625,117.40625,14
2026-03-20T03:55:00,117.40625,117.4375,117.40625,117.4375,83
2026-03-20T04:00:00,117.40625,117.4375,117.40625,117.40625,13
2026-03-20T04:05:00,117.4375,117.4375,117.40625,117.40625,12
2026-03-20T04:10:00,117.40625,117.4375,117.375,117.40625,37
2026-03-20T04:15:00,117.375,117.375,117.375,117.375,1
2026-03-20T04:20:00,117.375,117.46875,117.375,117.4375,159
2026-03-20T04:25:00,117.4375,117.4375,117.40625,117.4375,102
2026-03-20T04:30:00,117.4375,117.4375,117.40625,117.40625,75
2026-03-20T04:35:00,117.40625,117.40625,117.40625,117.40625,37
2026-03-20T04:40:00,117.40625,117.40625,117.375,117.375,5
2026-03-20T04:45:00,117.375,117.40625,117.375,117.375,114
2026-03-20T04:50:00,117.375,117.375,117.375,117.375,4
2026-03-20T04:55:00,117.375,117.40625,117.34375,117.375,148
2026-03-20T05:00:00,117.375,117.375,117.34375,117.375,175
2026-03-20T05:05:00,117.375,117.40625,117.34375,117.375,327
2026-03-20T05:10:00,117.375,117.40625,117.3125,117.375,385
2026-03-20T05:15:00,117.34375,117.375,117.3125,117.34375,156
2026-03-20T05:20:00,117.375,117.375,117.34375,117.375,4
2026-03-20T05:25:00,117.375,117.375,117.34375,117.34375,45
2026-03-20T05:30:00,117.34375,117.34375,117.34375,117.34375,61
2026-03-20T05:35:00,117.34375,117.34375,117.3125,117.34375,53
2026-03-20T05:40:00,117.375,117.375,117.375,117.375,153
2026-03-20T05:45:00,117.375,117.375,117.375,117.375,4
2026-03-20T05:50:00,117.375,117.40625,117.375,117.40625,13
2026-03-20T05:55:00,117.40625,117.40625,117.34375,117.34375,138
2026-03-20T06:05:00,117.375,117.375,117.34375,117.34375,247
2026-03-20T06:10:00,117.34375,117.34375,117.28125,117.3125,356
2026-03-20T06:15:00,117.3125,117.3125,117.28125,117.3125,114
2026-03-20T06:20:00,117.34375,117.34375,117.3125,117.3125,74
2026-03-20T06:30:00,117.3125,117.34375,117.28125,117.34375,330
2026-03-20T06:35:00,117.3125,117.34375,117.3125,117.3125,17
2026-03-20T06:40:00,117.3125,117.3125,117.25,117.28125,401
2026-03-20T06:45:00,117.28125,117.3125,117.28125,117.28125,424
2026-03-20T06:50:00,117.3125,117.34375,117.28125,117.28125,180
2026-03-20T06:55:00,117.3125,117.34375,117.28125,117.3125,239
2026-03-20T07:00:00,117.3125,117.3125,117.1875,117.1875,761
2026-03-20T07:05:00,117.1875,117.25,117.15625,117.21875,506
2026-03-20T07:10:00,117.25,117.28125,117.25,117.25,257
2026-03-20T07:15:00,117.25,117.28125,117.25,117.25,498
2026-03-20T07:20:00,117.25,117.28125,117.25,117.25,153
2026-03-20T07:25:00,117.21875,117.28125,117.21875,117.28125,512
2026-03-20T07:30:00,117.28125,117.28125,117.21875,117.25,489
2026-03-20T07:35:00,117.21875,117.25,117.1875,117.1875,162
2026-03-20T07:40:00,117.1875,117.21875,117.1875,117.21875,276
2026-03-20T07:45:00,117.25,117.25,117.1875,117.1875,655
2026-03-20T07:50:00,117.21875,117.3125,117.21875,117.3125,832
2026-03-20T07:55:00,117.28125,117.34375,117.28125,117.3125,518
2026-03-20T08:00:00,117.3125,117.3125,117.21875,117.3125,701
2026-03-20T08:05:00,117.28125,117.34375,117.28125,117.34375,500
2026-03-20T08:10:00,117.34375,117.40625,117.34375,117.34375,386
2026-03-20T08:15:00,117.34375,117.375,117.3125,117.34375,193
2026-03-20T08:20:00,117.34375,117.375,117.3125,117.375,454
2026-03-20T08:25:00,117.375,117.375,117.28125,117.28125,608
2026-03-20T08:30:00,117.25,117.25,117.21875,117.25,510
2026-03-20T08:35:00,117.28125,117.3125,117.25,117.3125,497
2026-03-20T08:40:00,117.3125,117.375,117.28125,117.375,616
2026-03-20T08:45:00,117.375,117.375,117.34375,117.375,778
2026-03-20T08:50:00,117.375,117.40625,117.3125,117.375,516
2026-03-20T08:55:00,117.375,117.375,117.3125,117.34375,253
2026-03-20T09:00:00,117.34375,117.40625,117.25,117.25,584
2026-03-20T09:05:00,117.21875,117.21875,117.1875,117.1875,755
2026-03-20T09:10:00,117.1875,117.1875,117.125,117.125,277
2026-03-20T09:15:00,117.125,117.15625,117.09375,117.125,846
2026-03-20T09:20:00,117.15625,117.21875,117.15625,117.15625,1043
2026-03-20T09:25:00,117.15625,117.1875,117.125,117.15625,573
2026-03-20T09:30:00,117.15625,117.1875,117.15625,117.1875,538
2026-03-20T09:35:00,117.1875,117.1875,117.125,117.125,819
2026-03-20T09:40:00,117.125,117.1875,117.125,117.1875,438
2026-03-20T09:45:00,117.15625,117.15625,117.125,117.125,732
2026-03-20T09:50:00,117.125,117.15625,117.0625,117.09375,722
2026-03-20T09:55:00,117.09375,117.15625,117.09375,117.15625,2114
2026-03-20T10:00:00,117.15625,117.1875,117.09375,117.15625,1146
2026-03-20T10:05:00,117.1875,117.1875,117.125,117.15625,787
2026-03-20T10:10:00,117.125,117.15625,117.09375,117.125,791
2026-03-20T10:15:00,117.125,117.125,117.0625,117.0625,392
2026-03-20T10:20:00,117.03125,117.09375,117.03125,117.0625,598
2026-03-20T10:25:00,117.0625,117.0625,116.96875,117.0,1466
2026-03-20T10:30:00,116.96875,117.0,116.9375,117.0,612
2026-03-20T10:35:00,117.0,117.0625,116.96875,117.0625,700
2026-03-20T10:40:00,117.03125,117.0625,117.03125,117.03125,791
2026-03-20T10:45:00,117.03125,117.0625,117.03125,117.0625,178
2026-03-20T10:50:00,117.03125,117.09375,117.03125,117.0625,700
2026-03-20T10:55:00,117.0625,117.09375,117.03125,117.0625,397
2026-03-20T11:00:00,117.09375,117.125,117.0625,117.09375,885
2026-03-20T11:05:00,117.09375,117.125,117.03125,117.09375,1625
2026-03-20T11:10:00,117.09375,117.125,117.0625,117.0625,715
2026-03-20T11:15:00,117.03125,117.09375,117.03125,117.0625,479
2026-03-20T11:20:00,117.0625,117.125,117.0625,117.0625,825
2026-03-20T11:25:00,117.0625,117.0625,117.03125,117.03125,428
2026-03-20T11:30:00,117.03125,117.0625,117.0,117.0625,678
2026-03-20T11:35:00,117.03125,117.09375,117.03125,117.09375,404
2026-03-20T11:40:00,117.09375,117.125,117.0625,117.125,414
2026-03-20T11:45:00,117.125,117.125,117.03125,117.03125,990
2026-03-20T11:50:00,117.03125,117.03125,117.0,117.03125,976
2026-03-20T11:55:00,117.03125,117.0625,117.0,117.0625,1291
2026-03-20T12:00:00,117.0625,117.09375,116.84375,116.84375,5158
2026-03-20T12:05:00,116.875,117.03125,116.84375,117.03125,2999
2026-03-20T12:10:00,117.0,117.03125,116.9375,116.96875,3277
2026-03-20T12:15:00,116.96875,116.96875,116.875,116.9375,1566
2026-03-20T12:20:00,116.9375,116.9375,116.84375,116.90625,2991
2026-03-20T12:25:00,116.9375,117.0,116.90625,117.0,2401
2026-03-20T12:30:00,116.96875,117.0,116.9375,116.96875,1974
2026-03-20T12:35:00,116.96875,117.0,116.90625,116.90625,4053
2026-03-20T12:40:00,116.90625,116.9375,116.84375,116.90625,4033
2026-03-20T12:45:00,116.90625,116.9375,116.875,116.90625,2743
2026-03-20T12:50:00,116.9375,117.0,116.9375,116.96875,1613
2026-03-20T12:55:00,117.0,117.0625,116.96875,117.03125,1261
2026-03-20T13:00:00,117.0625,117.0625,116.9375,116.9375,2365
2026-03-20T13:05:00,116.9375,116.9375,116.8125,116.875,3120
2026-03-20T13:10:00,116.84375,116.875,116.75,116.78125,3472
2026-03-20T13:15:00,116.78125,116.8125,116.71875,116.71875,2523
2026-03-20T13:20:00,116.71875,116.75,116.65625,116.6875,3583
2026-03-20T13:25:00,116.65625,116.65625,116.59375,116.625,4473
2026-03-20T13:30:00,116.625,116.71875,116.59375,116.71875,6058
2026-03-20T13:35:00,116.6875,116.6875,116.59375,116.625,6589
2026-03-20T13:40:00,116.625,116.6875,116.59375,116.6875,3429
2026-03-20T13:45:00,116.65625,116.65625,116.46875,116.5,5053
2026-03-20T13:50:00,116.5,116.5625,116.40625,116.46875,6783
2026-03-20T13:55:00,116.4375,116.46875,116.28125,116.28125,9156
2026-03-20T14:00:00,116.28125,116.3125,116.1875,116.21875,9010
2026-03-20T14:05:00,116.21875,116.25,116.0625,116.0625,6627
2026-03-20T14:10:00,116.0625,116.1875,116.03125,116.09375,6921
2026-03-20T14:15:00,116.09375,116.09375,115.96875,116.03125,6565
2026-03-20T14:20:00,116.03125,116.09375,115.90625,115.96875,7390
2026-03-20T14:25:00,115.9375,115.96875,115.84375,115.875,6301
2026-03-20T14:30:00,115.84375,115.9375,115.8125,115.84375,5777
2026-03-20T14:35:00,115.84375,115.90625,115.78125,115.78125,4216
2026-03-20T14:40:00,115.78125,115.8125,115.71875,115.71875,5666
2026-03-20T14:45:00,115.71875,115.8125,115.71875,115.71875,4471
2026-03-20T14:50:00,115.71875,115.75,115.625,115.625,8668
2026-03-20T14:55:00,115.625,115.65625,115.59375,115.625,5901
2026-03-20T15:00:00,115.65625,115.71875,115.53125,115.53125,8002
2026-03-20T15:05:00,115.53125,115.625,115.5,115.53125,7136
2026-03-20T15:10:00,115.5625,115.6875,115.5625,115.6875,5860
2026-03-20T15:15:00,115.65625,115.6875,115.46875,115.46875,7304
2026-03-20T15:20:00,115.46875,115.5625,115.40625,115.4375,8572
2026-03-20T15:25:00,115.4375,115.46875,115.375,115.4375,3362
2026-03-20T15:30:00,115.46875,115.5625,115.40625,115.53125,3615
2026-03-20T15:35:00,115.53125,115.59375,115.46875,115.5,3843
2026-03-20T15:40:00,115.53125,115.5625,115.46875,115.5,3611
2026-03-20T15:45:00,115.5,115.59375,115.40625,115.5625,5120
2026-03-20T15:50:00,115.5625,115.625,115.5,115.625,5979
2026-03-20T15:55:00,115.625,115.75,115.625,115.6875,4299
2026-03-20T16:00:00,115.6875,115.84375,115.6875,115.8125,2694
2026-03-20T16:05:00,115.84375,115.875,115.75,115.8125,2176
2026-03-20T16:10:00,115.8125,115.90625,115.78125,115.84375,2378
2026-03-20T16:15:00,115.84375,115.84375,115.71875,115.78125,1690
2026-03-20T16:20:00,115.8125,115.84375,115.65625,115.75,4971
2026-03-20T16:25:00,115.75,115.75,115.625,115.625,1821
2026-03-20T16:30:00,115.65625,115.65625,115.59375,115.65625,1937
2026-03-20T16:35:00,115.65625,115.6875,115.59375,115.625,1747
2026-03-20T16:40:00,115.625,115.625,115.5625,115.59375,1232
2026-03-20T16:45:00,115.59375,115.625,115.5,115.5625,2467
2026-03-20T16:50:00,115.5625,115.65625,115.53125,115.625,3332
2026-03-20T16:55:00,115.625,115.75,115.625,115.75,3184
2026-03-20T17:00:00,115.75,115.78125,115.65625,115.65625,5483
2026-03-20T17:05:00,115.65625,115.6875,115.5625,115.625,9254
2026-03-20T17:10:00,115.65625,115.65625,115.59375,115.65625,3418
2026-03-20T17:15:00,115.65625,115.71875,115.65625,115.71875,1041
2026-03-20T17:20:00,115.6875,115.84375,115.6875,115.78125,2941
2026-03-20T17:25:00,115.78125,115.78125,115.6875,115.71875,1642
2026-03-20T17:30:00,115.6875,115.78125,115.65625,115.65625,2638
2026-03-20T17:35:00,115.65625,115.6875,115.59375,115.6875,2981
2026-03-20T17:40:00,115.65625,115.75,115.65625,115.71875,2738
2026-03-20T17:45:00,115.6875,115.6875,115.625,115.65625,2623
2026-03-20T17:50:00,115.65625,115.6875,115.59375,115.59375,2482
2026-03-20T17:55:00,115.59375,115.625,115.53125,115.53125,1832
2026-03-20T18:00:00,115.5625,115.71875,115.5625,115.6875,3341
2026-03-20T18:05:00,115.65625,115.6875,115.59375,115.59375,2763
2026-03-20T18:10:00,115.59375,115.59375,115.53125,115.53125,3542
2026-03-20T18:15:00,115.53125,115.53125,115.46875,115.5,2760
2026-03-20T18:20:00,115.53125,115.5625,115.375,115.375,5812
2026-03-20T18:25:00,115.375,115.4375,115.34375,115.375,3574
2026-03-20T18:30:00,115.40625,115.4375,115.34375,115.375,1393
2026-03-20T18:35:00,115.375,115.40625,115.34375,115.40625,1290
2026-03-20T18:40:00,115.40625,115.40625,115.3125,115.34375,3375
2026-03-20T18:45:00,115.34375,115.40625,115.3125,115.375,1818
2026-03-20T18:50:00,115.375,115.375,115.28125,115.3125,2206
2026-03-20T18:55:00,115.3125,115.375,115.28125,115.34375,6671
2026-03-20T19:00:00,115.3125,115.40625,115.3125,115.375,2831
2026-03-20T19:05:00,115.375,115.375,115.28125,115.28125,2424
2026-03-20T19:10:00,115.3125,115.34375,115.25,115.28125,2268
2026-03-20T19:15:00,115.3125,115.34375,115.28125,115.3125,2321
2026-03-20T19:20:00,115.3125,115.375,115.28125,115.3125,4236
2026-03-20T19:25:00,115.34375,115.34375,115.28125,115.3125,3358
2026-03-20T19:30:00,115.3125,115.40625,115.3125,115.40625,2246
2026-03-20T19:35:00,115.40625,115.40625,115.28125,115.3125,3719
2026-03-20T19:40:00,115.3125,115.40625,115.28125,115.375,3436
2026-03-20T19:45:00,115.375,115.40625,115.34375,115.34375,1740
2026-03-20T19:50:00,115.3125,115.34375,115.3125,115.3125,2776
2026-03-20T19:55:00,115.34375,115.46875,115.28125,115.4375,15693
2026-03-20T20:00:00,115.4375,115.5625,115.40625,115.5625,9080
2026-03-20T20:05:00,115.53125,115.5625,115.5,115.5625,2998
2026-03-20T20:10:00,115.5625,115.625,115.53125,115.625,2125
2026-03-20T20:15:00,115.625,115.65625,115.59375,115.625,4095
2026-03-20T20:20:00,115.625,115.65625,115.59375,115.625,1048
2026-03-20T20:25:00,115.59375,115.65625,115.59375,115.625,641
2026-03-20T20:30:00,115.625,115.625,115.5625,115.5625,1160
2026-03-20T20:35:00,115.59375,115.625,115.5625,115.59375,882
2026-03-20T20:40:00,115.59375,115.625,115.53125,115.5625,1978
2026-03-20T20:45:00,115.5625,115.59375,115.5625,115.5625,2233
2026-03-20T20:50:00,115.53125,115.625,115.53125,115.625,1979
2026-03-20T20:55:00,115.59375,115.75,115.59375,115.6875,1506
2026-03-22T22:00:00,115.25,115.25,114.90625,114.96875,2192
2026-03-22T22:05:00,114.96875,115.125,114.9375,115.125,1173
2026-03-22T22:10:00,115.125,115.375,115.125,115.21875,1344
2026-03-22T22:15:00,115.21875,115.25,115.09375,115.1875,761
2026-03-22T22:20:00,115.1875,115.25,115.15625,115.25,510
2026-03-22T22:25:00,115.25,115.34375,115.25,115.34375,404
2026-03-22T22:30:00,115.34375,115.40625,115.34375,115.40625,279
2026-03-22T22:35:00,115.40625,115.4375,115.3125,115.3125,452
2026-03-22T22:40:00,115.3125,115.3125,115.25,115.25,183
2026-03-22T22:45:00,115.25,115.28125,115.21875,115.28125,124
2026-03-22T22:50:00,115.28125,115.28125,115.25,115.25,103
2026-03-22T22:55:00,115.25,115.25,115.25,115.25,126
2026-03-22T23:00:00,115.25,115.3125,115.25,115.28125,333
2026-03-22T23:05:00,115.28125,115.3125,115.25,115.25,49
2026-03-22T23:10:00,115.28125,115.3125,115.28125,115.3125,174
2026-03-22T23:15:00,115.34375,115.34375,115.28125,115.28125,195
2026-03-22T23:20:00,115.25,115.3125,115.25,115.3125,295
2026-03-22T23:25:00,115.28125,115.28125,115.21875,115.21875,116
2026-03-22T23:30:00,115.25,115.28125,115.21875,115.21875,204
2026-03-22T23:35:00,115.21875,115.28125,115.21875,115.28125,167
2026-03-22T23:40:00,115.28125,115.28125,115.25,115.25,149
2026-03-22T23:45:00,115.25,115.28125,115.1875,115.28125,450
2026-03-22T23:50:00,115.3125,115.3125,115.28125,115.3125,429
2026-03-22T23:55:00,115.28125,115.28125,115.1875,115.1875,532
2026-03-23T00:00:00,115.21875,115.28125,115.15625,115.25,701
2026-03-23T00:05:00,115.28125,115.4375,115.25,115.375,1063
2026-03-23T00:10:00,115.375,115.4375,115.375,115.375,480
2026-03-23T00:15:00,115.375,115.40625,115.34375,115.34375,577
2026-03-23T00:20:00,115.3125,115.3125,115.25,115.25,447
2026-03-23T00:25:00,115.25,115.28125,115.21875,115.25,377
2026-03-23T00:30:00,115.28125,115.3125,115.21875,115.21875,650
2026-03-23T00:35:00,115.25,115.28125,115.15625,115.1875,429
2026-03-23T00:40:00,115.15625,115.15625,115.0625,115.09375,999
2026-03-23T00:45:00,115.09375,115.21875,115.09375,115.21875,689
2026-03-23T00:50:00,115.21875,115.25,115.1875,115.1875,313
2026-03-23T00:55:00,115.1875,115.34375,115.1875,115.25,549
2026-03-23T01:00:00,115.21875,115.3125,115.21875,115.28125,465
2026-03-23T01:05:00,115.28125,115.34375,115.21875,115.3125,437
2026-03-23T01:10:00,115.3125,115.40625,115.3125,115.375,568
2026-03-23T01:15:00,115.34375,115.40625,115.3125,115.34375,758
2026-03-23T01:20:00,115.34375,115.40625,115.3125,115.375,657
2026-03-23T01:25:00,115.375,115.40625,115.375,115.40625,118
2026-03-23T01:30:00,115.40625,115.40625,115.375,115.375,176
2026-03-23T01:35:00,115.40625,115.40625,115.34375,115.375,822
2026-03-23T01:40:00,115.375,115.375,115.3125,115.34375,452
2026-03-23T01:45:00,115.34375,115.4375,115.34375,115.375,270
2026-03-23T01:50:00,115.375,115.375,115.28125,115.34375,697
2026-03-23T01:55:00,115.34375,115.375,115.34375,115.375,178
2026-03-23T02:00:00,115.34375,115.34375,115.3125,115.34375,62
2026-03-23T02:05:00,115.34375,115.34375,115.3125,115.3125,129
2026-03-23T02:10:00,115.34375,115.34375,115.28125,115.28125,605
2026-03-23T02:15:00,115.28125,115.3125,115.25,115.3125,308
2026-03-23T02:20:00,115.28125,115.28125,115.25,115.25,326
2026-03-23T02:25:00,115.21875,115.25,115.15625,115.1875,139
2026-03-23T02:30:00,115.1875,115.1875,115.125,115.125,388
2026-03-23T02:35:00,115.125,115.125,115.0625,115.09375,819
2026-03-23T02:40:00,115.09375,115.1875,115.09375,115.15625,152
2026-03-23T02:45:00,115.1875,115.1875,115.15625,115.15625,245
2026-03-23T02:50:00,115.125,115.15625,115.125,115.15625,115
2026-03-23T02:55:00,115.125,115.15625,115.125,115.15625,309
2026-03-23T03:00:00,115.15625,115.15625,115.125,115.15625,95
2026-03-23T03:05:00,115.15625,115.15625,115.125,115.125,95
2026-03-23T03:10:00,115.125,115.125,115.09375,115.09375,387
2026-03-23T03:15:00,115.125,115.15625,115.125,115.15625,424
2026-03-23T03:20:00,115.125,115.15625,115.09375,115.09375,256
2026-03-23T03:25:00,115.09375,115.125,115.0625,115.09375,282
2026-03-23T03:30:00,115.09375,115.15625,115.09375,115.125,354
2026-03-23T03:35:00,115.125,115.125,115.09375,115.09375,555
2026-03-23T03:40:00,115.09375,115.09375,115.0625,115.09375,365
2026-03-23T03:45:00,115.09375,115.125,115.0625,115.0625,347
2026-03-23T03:50:00,115.09375,115.09375,115.03125,115.0625,130
2026-03-23T03:55:00,115.0625,115.0625,115.03125,115.0625,482
2026-03-23T04:00:00,115.09375,115.125,115.03125,115.03125,556
2026-03-23T04:05:00,115.0625,115.09375,115.0625,115.09375,37
2026-03-23T04:10:00,115.09375,115.09375,115.0625,115.09375,49
2026-03-23T04:15:00,115.09375,115.125,115.09375,115.09375,269
2026-03-23T04:20:00,115.125,115.125,115.09375,115.125,24
2026-03-23T04:25:00,115.125,115.125,115.09375,115.09375,43
2026-03-23T04:30:00,115.09375,115.125,115.09375,115.09375,158
2026-03-23T04:35:00,115.125,115.125,115.09375,115.09375,71
2026-03-23T04:40:00,115.09375,115.09375,115.03125,115.09375,194
2026-03-23T04:45:00,115.0625,115.09375,115.0625,115.09375,57
2026-03-23T04:50:00,115.09375,115.125,115.0625,115.0625,328
2026-03-23T04:55:00,115.0625,115.09375,115.0625,115.0625,46
2026-03-23T05:00:00,115.0625,115.09375,115.03125,115.09375,867
2026-03-23T05:05:00,115.09375,115.125,115.09375,115.09375,225
2026-03-23T05:10:00,115.125,115.15625,115.09375,115.09375,139
2026-03-23T05:15:00,115.125,115.125,115.0625,115.09375,197
2026-03-23T05:20:00,115.09375,115.125,115.03125,115.03125,102
2026-03-23T05:25:00,115.0625,115.09375,115.03125,115.03125,120
2026-03-23T05:30:00,115.0625,115.0625,115.0,115.0,269
2026-03-23T05:35:00,115.03125,115.0625,115.03125,115.0625,299
2026-03-23T05:40:00,115.0625,115.0625,115.03125,115.03125,100
2026-03-23T05:45:00,115.03125,115.03125,114.96875,115.0,246
2026-03-23T05:50:00,115.03125,115.03125,115.03125,115.03125,70
2026-03-23T05:55:00,115.03125,115.03125,115.0,115.0,125
2026-03-23T06:00:00,114.96875,114.96875,114.875,114.875,789
2026-03-23T06:05:00,114.875,114.90625,114.875,114.875,201
2026-03-23T06:10:00,114.875,114.9375,114.875,114.90625,582
2026-03-23T06:15:00,114.90625,114.96875,114.90625,114.90625,905
2026-03-23T06:20:00,114.90625,115.0,114.90625,114.96875,836
2026-03-23T06:25:00,115.0,115.0625,115.0,115.0,616
2026-03-23T06:30:00,115.0,115.0625,114.96875,114.96875,805
2026-03-23T06:35:00,114.96875,115.03125,114.96875,115.0,396
2026-03-23T06:40:00,115.0,115.03125,114.9375,114.9375,704
2026-03-23T06:45:00,114.9375,115.0625,114.9375,115.0625,559
2026-03-23T06:50:00,115.03125,115.03125,115.03125,115.03125,191
2026-03-23T06:55:00,115.03125,115.0625,115.0,115.03125,814
2026-03-23T07:00:00,115.03125,115.0625,115.0,115.0625,1645
2026-03-23T07:05:00,115.03125,115.03125,115.03125,115.03125,483
2026-03-23T07:10:00,115.03125,115.125,115.03125,115.09375,1088
2026-03-23T07:15:00,115.0625,115.0625,115.0,115.0,494
2026-03-23T07:20:00,115.03125,115.03125,114.90625,114.9375,1217
2026-03-23T07:25:00,114.9375,115.03125,114.9375,115.0,580
2026-03-23T07:30:00,114.96875,115.03125,114.96875,115.03125,992
2026-03-23T07:35:00,115.0,115.15625,115.0,115.09375,1035
2026-03-23T07:40:00,115.0625,115.09375,115.03125,115.09375,1307
2026-03-23T07:45:00,115.09375,115.21875,115.09375,115.125,1901
2026-03-23T07:50:00,115.125,115.15625,115.0,115.0625,1186
2026-03-23T07:55:00,115.0625,115.125,115.0625,115.0625,1160
2026-03-23T08:00:00,115.09375,115.125,115.03125,115.0625,3435
2026-03-23T08:05:00,115.09375,115.21875,115.09375,115.21875,1669
2026-03-23T08:10:00,115.25,115.3125,115.1875,115.3125,1165
2026-03-23T08:15:00,115.28125,115.3125,115.21875,115.28125,762
2026-03-23T08:20:00,115.28125,115.3125,115.1875,115.1875,1430
2026-03-23T08:25:00,115.1875,115.25,115.15625,115.25,2371
2026-03-23T08:30:00,115.25,115.34375,115.25,115.25,1970
2026-03-23T08:35:00,115.28125,115.28125,115.1875,115.28125,1002
2026-03-23T08:40:00,115.3125,115.40625,115.28125,115.375,3116
2026-03-23T08:45:00,115.375,115.40625,115.3125,115.34375,1682
2026-03-23T08:50:00,115.3125,115.375,115.28125,115.3125,1006
2026-03-23T08:55:00,115.3125,115.3125,115.21875,115.25,1580
2026-03-23T09:00:00,115.25,115.3125,115.21875,115.25,1398
2026-03-23T09:05:00,115.25,115.28125,115.21875,115.25,1100
2026-03-23T09:10:00,115.28125,115.3125,115.28125,115.3125,761
2026-03-23T09:15:00,115.34375,115.40625,115.3125,115.375,1135
2026-03-23T09:20:00,115.375,115.4375,115.34375,115.34375,732
2026-03-23T09:25:00,115.375,115.375,115.3125,115.3125,377
2026-03-23T09:30:00,115.3125,115.3125,115.28125,115.28125,859
2026-03-23T09:35:00,115.28125,115.28125,115.03125,115.03125,1992
2026-03-23T09:40:00,115.03125,115.09375,114.9375,115.03125,2154
2026-03-23T09:45:00,115.03125,115.125,115.03125,115.0625,612
2026-03-23T09:50:00,115.0625,115.0625,114.96875,114.96875,718
2026-03-23T09:55:00,115.0,115.03125,114.96875,115.0,1464
2026-03-23T10:00:00,115.0,115.0625,114.90625,115.03125,1288
2026-03-23T10:05:00,115.0625,115.09375,115.03125,115.0625,1751
2026-03-23T10:10:00,115.03125,115.0625,115.03125,115.0625,677
2026-03-23T10:15:00,115.0625,115.09375,115.03125,115.09375,916
2026-03-23T10:20:00,115.09375,115.09375,115.03125,115.0625,2125
2026-03-23T10:25:00,115.0625,115.09375,115.03125,115.0625,1109
2026-03-23T10:30:00,115.0625,115.21875,115.0625,115.125,2440
2026-03-23T10:35:00,115.15625,115.1875,115.03125,115.03125,2756
2026-03-23T10:40:00,115.0625,115.15625,115.03125,115.125,1379
2026-03-23T10:45:00,115.125,115.1875,115.09375,115.15625,1357
2026-03-23T10:50:00,115.1875,115.28125,115.15625,115.1875,2077
2026-03-23T10:55:00,115.1875,115.1875,115.15625,115.15625,345
2026-03-23T11:00:00,115.15625,115.21875,115.15625,115.21875,1295
2026-03-23T11:05:00,115.1875,116.34375,115.1875,116.34375,20610
2026-03-23T11:10:00,116.375,116.71875,116.25,116.6875,13134
2026-03-23T11:15:00,116.6875,116.78125,116.375,116.53125,9394
2026-03-23T11:20:00,116.53125,116.5625,116.15625,116.3125,8673
2026-03-23T11:25:00,116.34375,116.40625,116.09375,116.21875,5651
2026-03-23T11:30:00,116.1875,116.46875,116.1875,116.4375,6045
2026-03-23T11:35:00,116.40625,116.53125,116.0,116.03125,3766
2026-03-23T11:40:00,116.0,116.0,115.8125,115.96875,3012
2026-03-23T11:45:00,115.96875,116.0,115.6875,115.84375,3118
2026-03-23T11:50:00,115.84375,115.84375,115.65625,115.75,3001
2026-03-23T11:55:00,115.75,115.75,115.53125,115.5625,3490
2026-03-23T12:00:00,115.53125,115.6875,115.4375,115.625,5044
2026-03-23T12:05:00,115.625,115.78125,115.5,115.78125,6037
2026-03-23T12:10:00,115.8125,115.875,115.59375,115.625,4572
2026-03-23T12:15:00,115.65625,115.84375,115.625,115.78125,3701
2026-03-23T12:20:00,115.78125,115.8125,115.625,115.625,4774
2026-03-23T12:25:00,115.625,115.75,115.5625,115.65625,2851
2026-03-23T12:30:00,115.65625,115.6875,115.53125,115.6875,3614
2026-03-23T12:35:00,115.6875,115.75,115.46875,115.625,3780
2026-03-23T12:40:00,115.625,116.0,115.625,115.90625,6566
2026-03-23T12:45:00,115.90625,116.0,115.8125,115.9375,5161
2026-03-23T12:50:00,115.9375,115.96875,115.84375,115.9375,5495
2026-03-23T12:55:00,115.9375,115.96875,115.84375,115.9375,4211
2026-03-23T13:00:00,115.96875,116.0,115.8125,115.90625,3947
2026-03-23T13:05:00,115.875,115.90625,115.75,115.875,2501
2026-03-23T13:10:00,115.875,115.90625,115.78125,115.875,2844
2026-03-23T13:15:00,115.875,116.03125,115.84375,115.84375,2767
2026-03-23T13:20:00,115.875,115.875,115.6875,115.875,5378
2026-03-23T13:25:00,115.84375,115.84375,115.71875,115.8125,3058
2026-03-23T13:30:00,115.8125,115.84375,115.625,115.65625,5224
2026-03-23T13:35:00,115.6875,115.90625,115.625,115.90625,2953
2026-03-23T13:40:00,115.9375,116.15625,115.84375,116.09375,6374
2026-03-23T13:45:00,116.09375,116.21875,116.03125,116.1875,3862
2026-03-23T13:50:00,116.1875,116.28125,116.125,116.15625,3329
2026-03-23T13:55:00,116.15625,116.15625,116.0,116.15625,5934
2026-03-23T14:00:00,116.15625,116.25,116.0,116.03125,5077
2026-03-23T14:05:00,116.0,116.03125,115.9375,116.0,5827
2026-03-23T14:10:00,116.03125,116.1875,115.96875,116.0625,3340
2026-03-23T14:15:00,116.0625,116.3125,116.0625,116.3125,3384
2026-03-23T14:20:00,116.3125,116.40625,116.3125,116.375,3068
2026-03-23T14:25:00,116.34375,116.40625,116.25,116.3125,4352
2026-03-23T14:30:00,116.3125,116.34375,116.25,116.3125,5026
2026-03-23T14:35:00,116.28125,116.3125,116.15625,116.25,5540
2026-03-23T14:40:00,116.25,116.25,116.15625,116.1875,3760
2026-03-23T14:45:00,116.1875,116.25,116.15625,116.21875,3681
2026-03-23T14:50:00,116.21875,116.21875,116.09375,116.21875,2563
2026-03-23T14:55:00,116.21875,116.3125,116.1875,116.25,1773
2026-03-23T15:00:00,116.21875,116.5,116.21875,116.46875,5078
2026-03-23T15:05:00,116.46875,116.53125,116.40625,116.46875,4237
2026-03-23T15:10:00,116.46875,116.5625,116.4375,116.5,8689
2026-03-23T15:15:00,116.5,116.53125,116.4375,116.4375,3238
2026-03-23T15:20:00,116.4375,116.5,116.375,116.4375,3040
2026-03-23T15:25:00,116.4375,116.4375,116.25,116.28125,2953
2026-03-23T15:30:00,116.3125,116.34375,116.28125,116.3125,2656
2026-03-23T15:35:00,116.3125,116.3125,116.0625,116.0625,4267
2026-03-23T15:40:00,116.0625,116.125,116.0,116.09375,3535
2026-03-23T15:45:00,116.0625,116.0625,115.9375,116.0,4005
2026-03-23T15:50:00,116.0,116.03125,115.84375,115.84375,4871
2026-03-23T15:55:00,115.84375,115.875,115.75,115.78125,5046
2026-03-23T16:00:00,115.8125,115.84375,115.6875,115.71875,3344
2026-03-23T16:05:00,115.71875,115.8125,115.65625,115.78125,3365
2026-03-23T16:10:00,115.78125,115.84375,115.71875,115.75,3829
2026-03-23T16:15:00,115.75,115.78125,115.65625,115.6875,2479
2026-03-23T16:20:00,115.6875,115.71875,115.65625,115.6875,2476
2026-03-23T16:25:00,115.6875,115.6875,115.53125,115.5625,2469
2026-03-23T16:30:00,115.5625,115.75,115.5625,115.75,3727
2026-03-23T16:35:00,115.75,115.78125,115.65625,115.65625,2352
2026-03-23T16:40:00,115.6875,115.78125,115.65625,115.78125,2054
2026-03-23T16:45:00,115.75,115.8125,115.6875,115.75,1945
2026-03-23T16:50:00,115.78125,115.8125,115.71875,115.71875,2235
2026-03-23T16:55:00,115.75,115.78125,115.6875,115.71875,1945
2026-03-23T17:00:00,115.75,115.78125,115.65625,115.65625,3242
2026-03-23T17:05:00,115.65625,115.8125,115.625,115.8125,2486
2026-03-23T17:10:00,115.8125,115.84375,115.75,115.75,1216
2026-03-23T17:15:00,115.78125,115.78125,115.65625,115.71875,1219
2026-03-23T17:20:00,115.6875,115.8125,115.625,115.78125,4972
2026-03-23T17:25:00,115.78125,115.96875,115.78125,115.875,6217
2026-03-23T17:30:00,115.90625,115.9375,115.84375,115.90625,1433
2026-03-23T17:35:00,115.9375,116.03125,115.9375,115.96875,1972
2026-03-23T17:40:00,116.0,116.03125,115.90625,115.90625,3026
2026-03-23T17:45:00,115.90625,115.9375,115.84375,115.90625,1373
2026-03-23T17:50:00,115.875,116.0,115.875,116.0,1461
2026-03-23T17:55:00,116.0,116.0625,115.96875,116.03125,1845
2026-03-23T18:00:00,116.03125,116.0625,115.96875,116.0625,1482
2026-03-23T18:05:00,116.0625,116.09375,115.875,116.0,4709
2026-03-23T18:10:00,116.0,116.09375,116.0,116.0625,1846
2026-03-23T18:15:00,116.0625,116.09375,116.0,116.09375,1726
2026-03-23T18:20:00,116.09375,116.125,116.0625,116.09375,1501
2026-03-23T18:25:00,116.09375,116.1875,116.09375,116.15625,1878
2026-03-23T18:30:00,116.15625,116.34375,116.15625,116.3125,2420
2026-03-23T18:35:00,116.34375,116.375,116.28125,116.3125,3690
2026-03-23T18:40:00,116.28125,116.34375,116.25,116.28125,1867
2026-03-23T18:45:00,116.28125,116.3125,116.25,116.28125,2044
2026-03-23T18:50:00,116.28125,116.3125,116.25,116.25,2012
2026-03-23T18:55:00,116.25,116.34375,116.1875,116.1875,5582
2026-03-23T19:00:00,116.21875,116.21875,116.15625,116.1875,2315
2026-03-23T19:05:00,116.1875,116.28125,116.1875,116.25,1972
2026-03-23T19:10:00,116.25,116.28125,116.25,116.25,1304
2026-03-23T19:15:00,116.25,116.25,116.15625,116.1875,2298
2026-03-23T19:20:00,116.1875,116.1875,116.125,116.1875,2179
2026-03-23T19:25:00,116.1875,116.1875,116.15625,116.15625,1853
2026-03-23T19:30:00,116.15625,116.15625,116.09375,116.125,1622
2026-03-23T19:35:00,116.125,116.1875,116.09375,116.1875,5788
2026-03-23T19:40:00,116.1875,116.21875,116.125,116.1875,1170
2026-03-23T19:45:00,116.1875,116.3125,116.1875,116.28125,2698
2026-03-23T19:50:00,116.28125,116.3125,116.25,116.25,2505
2026-03-23T19:55:00,116.25,116.28125,116.09375,116.09375,15395
2026-03-23T20:00:00,116.09375,116.15625,116.03125,116.03125,7530
2026-03-23T20:05:00,116.03125,116.0625,115.9375,115.9375,2338
2026-03-23T20:10:00,115.9375,116.03125,115.9375,115.96875,1095
2026-03-23T20:15:00,116.0,116.03125,115.96875,116.0,1079
2026-03-23T20:20:00,116.0,116.09375,116.0,116.09375,1326
2026-03-23T20:25:00,116.09375,116.09375,116.0,116.0,915
2026-03-23T20:30:00,116.0,116.03125,115.96875,115.96875,692
2026-03-23T20:35:00,115.96875,116.0,115.96875,115.96875,412
2026-03-23T20:40:00,115.96875,116.0625,115.9375,116.03125,526
2026-03-23T20:45:00,116.0,116.0625,116.0,116.03125,430
2026-03-23T20:50:00,116.0625,116.125,116.0625,116.0625,329
2026-03-23T20:55:00,116.09375,116.125,116.0625,116.0625,549
2026-03-23T22:00:00,116.09375,116.125,116.0625,116.09375,54
2026-03-23T22:05:00,116.09375,116.15625,116.09375,116.125,119
2026-03-23T22:10:00,116.125,116.125,116.0625,116.09375,84
2026-03-23T22:15:00,116.0625,116.0625,116.0625,116.0625,52
2026-03-23T22:20:00,116.0625,116.125,116.0625,116.125,107
2026-03-23T22:25:00,116.09375,116.09375,116.09375,116.09375,126
2026-03-23T22:30:00,116.09375,116.09375,116.03125,116.0625,249
2026-03-23T22:35:00,116.0625,116.0625,116.0625,116.0625,33
2026-03-23T22:40:00,116.03125,116.03125,116.0,116.0,87
2026-03-23T22:45:00,115.96875,116.0,115.96875,116.0,155
2026-03-23T22:50:00,116.0,116.0625,115.96875,116.0625,237
2026-03-23T22:55:00,116.0625,116.09375,116.0625,116.09375,13
2026-03-23T23:00:00,116.09375,116.09375,116.09375,116.09375,7
2026-03-23T23:05:00,116.125,116.15625,116.125,116.15625,141
2026-03-23T23:10:00,116.125,116.125,116.09375,116.09375,90
2026-03-23T23:15:00,116.125,116.125,116.09375,116.09375,11
2026-03-23T23:20:00,116.125,116.15625,116.125,116.15625,139
2026-03-23T23:25:00,116.15625,116.1875,116.125,116.15625,132
2026-03-23T23:30:00,116.1875,116.21875,116.1875,116.21875,161
2026-03-23T23:35:00,116.25,116.25,116.21875,116.21875,283
2026-03-23T23:40:00,116.21875,116.21875,116.21875,116.21875,90
2026-03-23T23:45:00,116.25,116.25,116.15625,116.15625,116
2026-03-23T23:50:00,116.15625,116.21875,116.15625,116.21875,155
2026-03-23T23:55:00,116.1875,116.25,116.1875,116.25,182
2026-03-24T00:00:00,116.28125,116.28125,116.1875,116.21875,470
2026-03-24T00:05:00,116.21875,116.21875,116.1875,116.1875,247
2026-03-24T00:10:00,116.1875,116.1875,116.03125,116.03125,656
2026-03-24T00:15:00,116.0,116.0,115.90625,115.96875,1451
2026-03-24T00:20:00,115.9375,115.96875,115.90625,115.9375,299
2026-03-24T00:25:00,115.96875,115.96875,115.96875,115.96875,265
2026-03-24T00:30:00,115.96875,116.03125,115.96875,116.0,190
2026-03-24T00:35:00,116.0,116.03125,115.75,115.78125,2808
2026-03-24T00:40:00,115.75,115.90625,115.71875,115.84375,2055
2026-03-24T00:45:00,115.875,115.875,115.84375,115.84375,806
2026-03-24T00:50:00,115.875,115.875,115.78125,115.8125,595
2026-03-24T00:55:00,115.8125,115.8125,115.75,115.75,693
2026-03-24T01:00:00,115.75,115.75,115.65625,115.65625,1064
2026-03-24T01:05:00,115.6875,115.71875,115.59375,115.625,1172
2026-03-24T01:10:00,115.65625,115.65625,115.625,115.625,334
2026-03-24T01:15:00,115.65625,115.65625,115.5625,115.59375,535
2026-03-24T01:20:00,115.59375,115.65625,115.5625,115.65625,618
2026-03-24T01:25:00,115.65625,115.6875,115.625,115.625,285
2026-03-24T01:30:00,115.65625,115.65625,115.59375,115.59375,159
2026-03-24T01:35:00,115.625,115.625,115.59375,115.59375,219
2026-03-24T01:40:00,115.59375,115.625,115.5625,115.59375,239
2026-03-24T01:45:00,115.59375,115.625,115.5625,115.5625,307
2026-03-24T01:50:00,115.59375,115.625,115.5625,115.59375,153
2026-03-24T01:55:00,115.59375,115.65625,115.59375,115.65625,236
2026-03-24T02:00:00,115.65625,115.65625,115.625,115.625,229
2026-03-24T02:05:00,115.65625,115.65625,115.59375,115.59375,375
2026-03-24T02:10:00,115.59375,115.59375,115.5625,115.59375,817
2026-03-24T02:15:00,115.59375,115.59375,115.5625,115.59375,595
2026-03-24T02:20:00,115.59375,115.625,115.59375,115.625,181
2026-03-24T02:25:00,115.625,115.625,115.5625,115.5625,143
2026-03-24T02:30:00,115.5625,115.65625,115.5625,115.625,302
2026-03-24T02:35:00,115.625,115.625,115.59375,115.625,219
2026-03-24T02:40:00,115.625,115.625,115.625,115.625,233
2026-03-24T02:45:00,115.65625,115.6875,115.625,115.65625,175
2026-03-24T02:50:00,115.625,115.625,115.59375,115.625,331
2026-03-24T02:55:00,115.625,115.625,115.59375,115.59375,51
2026-03-24T03:00:00,115.5625,115.5625,115.53125,115.53125,135
2026-03-24T03:05:00,115.53125,115.5625,115.5,115.5,370
2026-03-24T03:10:00,115.5,115.53125,115.5,115.53125,266
2026-03-24T03:15:00,115.53125,115.53125,115.53125,115.53125,45
2026-03-24T03:20:00,115.53125,115.5625,115.53125,115.5625,54
2026-03-24T03:25:00,115.5625,115.625,115.5625,115.59375,356
2026-03-24T03:30:00,115.59375,115.59375,115.5625,115.5625,152
2026-03-24T03:35:00,115.59375,115.59375,115.53125,115.5625,252
2026-03-24T03:40:00,115.5625,115.59375,115.5625,115.59375,46
2026-03-24T03:45:00,115.5625,115.5625,115.5625,115.5625,77
2026-03-24T03:50:00,115.5625,115.59375,115.5625,115.59375,427
2026-03-24T03:55:00,115.5625,115.625,115.5625,115.625,259
2026-03-24T04:00:00,115.625,115.625,115.5625,115.5625,107
2026-03-24T04:05:00,115.5625,115.59375,115.5625,115.59375,24
2026-03-24T04:10:00,115.59375,115.59375,115.53125,115.53125,212
2026-03-24T04:15:00,115.5625,115.5625,115.53125,115.5625,31
2026-03-24T04:20:00,115.5625,115.5625,115.53125,115.53125,170
2026-03-24T04:25:00,115.53125,115.53125,115.5,115.5,59
2026-03-24T04:30:00,115.5,115.53125,115.5,115.53125,95
2026-03-24T04:35:00,115.5625,115.5625,115.53125,115.5625,95
2026-03-24T04:40:00,115.5625,115.5625,115.5625,115.5625,4
2026-03-24T04:45:00,115.5625,115.59375,115.5625,115.5625,66
2026-03-24T04:55:00,115.5625,115.5625,115.5625,115.5625,73
2026-03-24T05:00:00,115.5625,115.5625,115.5625,115.5625,124
2026-03-24T05:05:00,115.5625,115.5625,115.53125,115.5625,141
2026-03-24T05:10:00,115.5625,115.59375,115.5625,115.59375,117
2026-03-24T05:15:00,115.625,115.625,115.5625,115.5625,354
2026-03-24T05:20:00,115.5625,115.5625,115.53125,115.53125,82
2026-03-24T05:25:00,115.53125,115.5625,115.53125,115.5625,165
2026-03-24T05:30:00,115.53125,115.53125,115.5,115.53125,43
2026-03-24T05:35:00,115.5,115.5625,115.5,115.53125,74
2026-03-24T05:40:00,115.5625,115.625,115.53125,115.5625,1380
2026-03-24T05:45:00,115.53125,115.59375,115.53125,115.59375,472
2026-03-24T05:50:00,115.59375,115.625,115.5625,115.625,360
2026-03-24T05:55:00,115.59375,115.625,115.5625,115.5625,1445
2026-03-24T06:00:00,115.5625,115.65625,115.5,115.59375,1553
2026-03-24T06:05:00,115.625,115.65625,115.625,115.65625,640
2026-03-24T06:10:00,115.65625,115.6875,115.59375,115.625,668
2026-03-24T06:15:00,115.625,115.6875,115.625,115.625,728
2026-03-24T06:20:00,115.625,115.71875,115.625,115.71875,745
2026-03-24T06:25:00,115.71875,115.78125,115.6875,115.6875,973
2026-03-24T06:30:00,115.6875,115.71875,115.6875,115.71875,411
2026-03-24T06:35:00,115.71875,115.71875,115.71875,115.71875,101
2026-03-24T06:40:00,115.71875,115.75,115.71875,115.71875,358
2026-03-24T06:45:00,115.71875,115.75,115.71875,115.71875,257
2026-03-24T06:50:00,115.6875,115.71875,115.6875,115.71875,371
2026-03-24T06:55:00,115.71875,115.75,115.71875,115.75,386
2026-03-24T07:00:00,115.75,115.8125,115.71875,115.8125,735
2026-03-24T07:05:00,115.8125,115.875,115.78125,115.78125,809
2026-03-24T07:10:00,115.78125,115.875,115.78125,115.875,1034
2026-03-24T07:15:00,115.84375,115.90625,115.8125,115.8125,487
2026-03-24T07:20:00,115.84375,115.875,115.84375,115.84375,436
2026-03-24T07:25:00,115.84375,115.84375,115.8125,115.84375,97
2026-03-24T07:30:00,115.875,115.875,115.8125,115.84375,296
2026-03-24T07:35:00,115.84375,115.84375,115.78125,115.78125,1487
2026-03-24T07:40:00,115.75,115.875,115.75,115.875,1688
2026-03-24T07:45:00,115.84375,115.84375,115.78125,115.78125,465
2026-03-24T07:50:00,115.8125,115.875,115.8125,115.84375,727
2026-03-24T07:55:00,115.84375,115.90625,115.84375,115.90625,966
2026-03-24T08:00:00,115.875,116.0,115.84375,116.0,865
2026-03-24T08:05:00,116.0,116.0625,115.96875,116.03125,614
2026-03-24T08:10:00,116.0,116.0,115.96875,115.96875,281
2026-03-24T08:15:00,116.0,116.03125,115.96875,115.96875,395
2026-03-24T08:20:00,115.9375,115.9375,115.84375,115.84375,634
2026-03-24T08:25:00,115.84375,115.875,115.8125,115.84375,880
2026-03-24T08:30:00,115.84375,115.84375,115.8125,115.84375,744
2026-03-24T08:35:00,115.84375,115.875,115.8125,115.875,1050
2026-03-24T08:40:00,115.875,115.90625,115.84375,115.84375,450
2026-03-24T08:45:00,115.875,115.9375,115.875,115.9375,786
2026-03-24T08:50:00,115.9375,116.0,115.90625,115.9375,2054
2026-03-24T08:55:00,115.96875,115.96875,115.8125,115.8125,1577
2026-03-24T09:00:00,115.8125,115.84375,115.78125,115.84375,570
2026-03-24T09:05:00,115.8125,115.8125,115.78125,115.78125,610
2026-03-24T09:10:00,115.78125,115.84375,115.75,115.75,485
2026-03-24T09:15:00,115.75,115.75,115.6875,115.71875,307
2026-03-24T09:20:00,115.71875,115.71875,115.65625,115.6875,793
2026-03-24T09:25:00,115.6875,115.71875,115.6875,115.6875,583
2026-03-24T09:30:00,115.6875,115.78125,115.6875,115.75,569
2026-03-24T09:35:00,115.75,115.84375,115.75,115.8125,990
2026-03-24T09:40:00,115.8125,115.84375,115.75,115.75,779
2026-03-24T09:45:00,115.78125,115.78125,115.75,115.75,572
2026-03-24T09:50:00,115.78125,115.78125,115.75,115.78125,733
2026-03-24T09:55:00,115.8125,115.84375,115.78125,115.78125,249
2026-03-24T10:00:00,115.78125,115.78125,115.65625,115.71875,1657
2026-03-24T10:05:00,115.6875,115.75,115.6875,115.75,1104
2026-03-24T10:10:00,115.75,115.78125,115.71875,115.71875,768
2026-03-24T10:15:00,115.71875,115.75,115.71875,115.75,1033
2026-03-24T10:20:00,115.71875,115.78125,115.71875,115.78125,615
2026-03-24T10:25:00,115.75,115.78125,115.6875,115.71875,304
2026-03-24T10:30:00,115.6875,115.6875,115.625,115.625,797
2026-03-24T10:35:00,115.625,115.6875,115.625,115.6875,476
2026-03-24T10:40:00,115.6875,115.6875,115.65625,115.65625,665
2026-03-24T10:45:00,115.6875,115.6875,115.53125,115.53125,1412
2026-03-24T10:50:00,115.53125,115.5625,115.53125,115.5625,676
2026-03-24T10:55:00,115.59375,115.65625,115.59375,115.65625,492
2026-03-24T11:00:00,115.65625,115.65625,115.59375,115.65625,1398
2026-03-24T11:05:00,115.65625,115.75,115.65625,115.75,567
2026-03-24T11:10:00,115.75,115.78125,115.6875,115.6875,674
2026-03-24T11:15:00,115.65625,115.71875,115.59375,115.71875,684
2026-03-24T11:20:00,115.71875,115.71875,115.65625,115.71875,323
2026-03-24T11:25:00,115.6875,115.75,115.65625,115.6875,857
2026-03-24T11:30:00,115.6875,115.71875,115.65625,115.6875,527
2026-03-24T11:35:00,115.6875,115.6875,115.65625,115.6875,438
2026-03-24T11:40:00,115.71875,115.75,115.65625,115.65625,1157
2026-03-24T11:45:00,115.65625,115.6875,115.625,115.625,574
2026-03-24T11:50:00,115.625,115.65625,115.4375,115.53125,1894
2026-03-24T11:55:00,115.53125,115.59375,115.53125,115.59375,862
2026-03-24T12:00:00,115.59375,115.65625,115.5625,115.59375,2016
2026-03-24T12:05:00,115.5625,115.5625,115.46875,115.5625,1672
2026-03-24T12:10:00,115.5625,115.59375,115.5,115.5625,937
2026-03-24T12:15:00,115.5625,115.5625,115.5,115.53125,1040
2026-03-24T12:20:00,115.5,115.59375,115.4375,115.59375,2577
2026-03-24T12:25:00,115.59375,115.6875,115.5625,115.625,1702
2026-03-24T12:30:00,115.59375,115.59375,115.46875,115.53125,3302
2026-03-24T12:35:00,115.5625,115.5625,115.28125,115.3125,2629
2026-03-24T12:40:00,115.28125,115.375,115.21875,115.21875,3475
2026-03-24T12:45:00,115.25,115.3125,115.1875,115.21875,3405
2026-03-24T12:50:00,115.21875,115.34375,115.21875,115.3125,3471
2026-03-24T12:55:00,115.3125,115.34375,115.21875,115.21875,1879
2026-03-24T13:00:00,115.21875,115.28125,115.1875,115.25,2916
2026-03-24T13:05:00,115.28125,115.28125,115.09375,115.15625,2718
2026-03-24T13:10:00,115.125,115.1875,115.09375,115.125,5091
2026-03-24T13:15:00,115.125,115.15625,115.0625,115.125,1890
2026-03-24T13:20:00,115.09375,115.15625,115.09375,115.09375,3044
2026-03-24T13:25:00,115.09375,115.1875,115.09375,115.15625,3089
2026-03-24T13:30:00,115.15625,115.25,115.125,115.25,4154
2026-03-24T13:35:00,115.25,115.25,115.09375,115.09375,4806
2026-03-24T13:40:00,115.09375,115.125,115.03125,115.0625,3023
2026-03-24T13:45:00,115.0625,115.1875,114.9375,115.0,4100
2026-03-24T13:50:00,115.0,115.0625,114.96875,115.03125,3325
2026-03-24T13:55:00,115.0625,115.125,115.0625,115.125,4602
2026-03-24T14:00:00,115.125,115.28125,115.125,115.28125,3382
2026-03-24T14:05:00,115.28125,115.40625,115.25,115.375,4577
2026-03-24T14:10:00,115.40625,115.40625,115.25,115.28125,3624
2026-03-24T14:15:00,115.28125,115.4375,115.28125,115.4375,4159
2026-03-24T14:20:00,115.4375,115.5,115.4375,115.4375,3763
2026-03-24T14:25:00,115.4375,115.53125,115.4375,115.53125,2973
2026-03-24T14:30:00,115.53125,115.6875,115.53125,115.625,3192
2026-03-24T14:35:00,115.65625,115.65625,115.53125,115.5625,3176
2026-03-24T14:40:00,115.5625,115.625,115.53125,115.59375,2192
2026-03-24T14:45:00,115.625,115.65625,115.53125,115.5625,3904
2026-03-24T14:50:00,115.5625,115.84375,115.53125,115.71875,10673
2026-03-24T14:55:00,115.71875,115.78125,115.5,115.5,9708
2026-03-24T15:00:00,115.5,115.6875,115.5,115.6875,6262
2026-03-24T15:05:00,115.65625,115.75,115.65625,115.6875,2992
2026-03-24T15:10:00,115.65625,115.78125,115.65625,115.78125,3022
2026-03-24T15:15:00,115.8125,115.8125,115.78125,115.78125,2305
2026-03-24T15:20:00,115.78125,115.78125,115.65625,115.78125,3023
2026-03-24T15:25:00,115.78125,115.90625,115.78125,115.90625,3548
2026-03-24T15:30:00,115.90625,115.9375,115.78125,115.8125,4660
2026-03-24T15:35:00,115.84375,115.875,115.8125,115.875,2165
2026-03-24T15:40:00,115.875,115.9375,115.84375,115.90625,3578
2026-03-24T15:45:00,115.90625,115.90625,115.78125,115.78125,1788
2026-03-24T15:50:00,115.8125,115.96875,115.78125,115.9375,7461
2026-03-24T15:55:00,115.9375,115.9375,115.625,115.625,5967
2026-03-24T16:00:00,115.625,115.6875,115.5625,115.625,6510
2026-03-24T16:05:00,115.625,115.65625,115.59375,115.625,2795
2026-03-24T16:10:00,115.625,115.625,115.53125,115.5625,2596
2026-03-24T16:15:00,115.59375,115.6875,115.5625,115.6875,4110
2026-03-24T16:20:00,115.6875,115.78125,115.6875,115.75,2126
2026-03-24T16:25:00,115.75,115.78125,115.6875,115.71875,2007
2026-03-24T16:30:00,115.71875,115.71875,115.625,115.6875,1505
2026-03-24T16:35:00,115.6875,115.6875,115.53125,115.5625,2347
2026-03-24T16:40:00,115.5625,115.71875,115.5625,115.71875,1739
2026-03-24T16:45:00,115.75,115.78125,115.6875,115.71875,1661
2026-03-24T16:50:00,115.75,115.78125,115.625,115.625,1525
2026-03-24T16:55:00,115.625,115.625,115.5625,115.59375,1923
2026-03-24T17:00:00,115.59375,115.65625,115.21875,115.25,4374
2026-03-24T17:05:00,115.21875,115.21875,115.09375,115.125,8812
2026-03-24T17:10:00,115.15625,115.1875,115.09375,115.125,4283
2026-03-24T17:15:00,115.125,115.15625,115.09375,115.125,2182
2026-03-24T17:20:00,115.125,115.1875,115.09375,115.15625,1614
2026-03-24T17:25:00,115.125,115.25,115.09375,115.25,3978
2026-03-24T17:30:00,115.25,115.3125,115.15625,115.15625,2752
2026-03-24T17:35:00,115.1875,115.25,115.15625,115.1875,1684
2026-03-24T17:40:00,115.1875,115.1875,115.09375,115.15625,2075
2026-03-24T17:45:00,115.15625,115.15625,115.09375,115.15625,1157
2026-03-24T17:50:00,115.15625,115.25,115.125,115.21875,3573
2026-03-24T17:55:00,115.21875,115.40625,115.21875,115.375,13941
2026-03-24T18:00:00,115.40625,115.4375,115.34375,115.375,3589
2026-03-24T18:05:00,115.375,115.4375,115.3125,115.34375,3701
2026-03-24T18:10:00,115.375,115.4375,115.375,115.40625,1806
2026-03-24T18:15:00,115.375,115.40625,115.34375,115.375,1861
2026-03-24T18:20:00,115.40625,115.4375,115.375,115.4375,1146
2026-03-24T18:25:00,115.46875,115.53125,115.4375,115.5,2335
2026-03-24T18:30:00,115.53125,115.625,115.5,115.59375,2366
2026-03-24T18:35:00,115.59375,115.75,115.5625,115.75,1573
2026-03-24T18:40:00,115.75,115.75,115.65625,115.65625,2949
2026-03-24T18:45:00,115.6875,115.6875,115.59375,115.59375,1803
2026-03-24T18:50:00,115.59375,115.6875,115.59375,115.6875,3123
2026-03-24T18:55:00,115.6875,115.6875,115.59375,115.65625,7741
2026-03-24T19:00:00,115.65625,115.75,115.625,115.75,4276
2026-03-24T19:05:00,115.71875,115.8125,115.71875,115.78125,1694
2026-03-24T19:10:00,115.8125,115.84375,115.78125,115.78125,3406
2026-03-24T19:15:00,115.78125,115.8125,115.75,115.78125,1401
2026-03-24T19:20:00,115.75,115.78125,115.71875,115.71875,982
2026-03-24T19:25:00,115.71875,115.71875,115.6875,115.71875,922
2026-03-24T19:30:00,115.6875,115.71875,115.65625,115.6875,997
2026-03-24T19:35:00,115.6875,115.6875,115.625,115.625,3493
2026-03-24T19:40:00,115.625,115.65625,115.625,115.65625,1110
2026-03-24T19:45:00,115.6875,115.6875,115.625,115.625,3418
2026-03-24T19:50:00,115.65625,115.65625,115.59375,115.625,1848
2026-03-24T19:55:00,115.625,115.625,115.5625,115.59375,10196
2026-03-24T20:00:00,115.59375,115.59375,115.4375,115.46875,14525
2026-03-24T20:05:00,115.46875,115.46875,115.4375,115.4375,1194
2026-03-24T20:10:00,115.4375,115.4375,115.34375,115.34375,1624
2026-03-24T20:15:00,115.34375,115.34375,115.21875,115.28125,7683
2026-03-24T20:20:00,115.28125,115.875,115.28125,115.875,11426
2026-03-24T20:25:00,115.875,115.96875,115.75,115.8125,11101
2026-03-24T20:30:00,115.8125,115.9375,115.8125,115.9375,4369
2026-03-24T20:35:00,115.9375,116.09375,115.90625,116.03125,3550
2026-03-24T20:40:00,116.0625,116.0625,115.71875,115.8125,3782
2026-03-24T20:45:00,115.8125,115.875,115.75,115.84375,1774
2026-03-24T20:50:00,115.84375,115.875,115.84375,115.84375,764
2026-03-24T20:55:00,115.84375,115.875,115.8125,115.8125,1183
2026-03-24T22:00:00,115.875,115.9375,115.75,115.875,266
2026-03-24T22:05:00,115.90625,116.03125,115.90625,116.03125,305
2026-03-24T22:10:00,116.0,116.0,115.96875,116.0,244
2026-03-24T22:15:00,116.0,116.0,115.90625,116.0,553
2026-03-24T22:20:00,115.96875,115.96875,115.9375,115.9375,112
2026-03-24T22:25:00,115.9375,115.9375,115.875,115.875,133
2026-03-24T22:30:00,115.875,115.9375,115.875,115.9375,130
2026-03-24T22:35:00,115.9375,115.96875,115.9375,115.9375,15
2026-03-24T22:40:00,115.96875,115.96875,115.96875,115.96875,9
2026-03-24T22:45:00,115.96875,115.96875,115.90625,115.90625,207
2026-03-24T22:50:00,115.9375,115.9375,115.90625,115.9375,26
2026-03-24T22:55:00,115.9375,115.96875,115.9375,115.96875,88
2026-03-24T23:00:00,116.0,116.03125,115.96875,115.96875,115
2026-03-24T23:05:00,116.0,116.0,116.0,116.0,62
2026-03-24T23:10:00,116.0,116.0,116.0,116.0,4
2026-03-24T23:15:00,116.0,116.0,116.0,116.0,1
2026-03-24T23:20:00,116.0,116.03125,116.0,116.03125,13
2026-03-24T23:25:00,116.03125,116.03125,116.03125,116.03125,160
2026-03-24T23:30:00,116.03125,116.03125,116.03125,116.03125,122
2026-03-24T23:35:00,116.0625,116.0625,116.03125,116.03125,251
2026-03-24T23:40:00,116.03125,116.03125,116.0,116.0,274
2026-03-24T23:45:00,116.0,116.0625,116.0,116.0625,266
2026-03-24T23:50:00,116.0625,116.09375,116.03125,116.0625,296
2026-03-24T23:55:00,116.09375,116.125,116.09375,116.125,395
2026-03-25T00:00:00,116.125,116.1875,116.09375,116.15625,784
2026-03-25T00:05:00,116.1875,116.1875,116.125,116.1875,355
2026-03-25T00:10:00,116.1875,116.25,116.1875,116.25,535
2026-03-25T00:15:00,116.21875,116.28125,116.09375,116.125,738
2026-03-25T00:20:00,116.125,116.15625,116.125,116.15625,267
2026-03-25T00:25:00,116.15625,116.1875,116.125,116.1875,330
2026-03-25T00:30:00,116.1875,116.21875,116.125,116.1875,1703
2026-03-25T00:35:00,116.21875,116.3125,116.1875,116.28125,703
2026-03-25T00:40:00,116.28125,116.3125,116.25,116.25,529
2026-03-25T00:45:00,116.25,116.28125,116.21875,116.21875,392
2026-03-25T00:50:00,116.1875,116.21875,116.1875,116.1875,181
2026-03-25T00:55:00,116.15625,116.1875,116.15625,116.1875,314
2026-03-25T01:00:00,116.15625,116.21875,116.125,116.21875,464
2026-03-25T01:05:00,116.21875,116.21875,116.15625,116.1875,191
2026-03-25T01:10:00,116.21875,116.25,116.1875,116.1875,249
2026-03-25T01:15:00,116.1875,116.21875,116.1875,116.21875,395
2026-03-25T01:20:00,116.21875,116.25,116.21875,116.25,191
2026-03-25T01:25:00,116.25,116.28125,116.21875,116.21875,372
2026-03-25T01:30:00,116.21875,116.25,116.21875,116.25,231
2026-03-25T01:35:00,116.25,116.25,116.21875,116.21875,382
2026-03-25T01:40:00,116.21875,116.28125,116.1875,116.21875,804
2026-03-25T01:45:00,116.21875,116.25,116.21875,116.21875,178
2026-03-25T01:50:00,116.21875,116.25,116.1875,116.1875,1514
2026-03-25T01:55:00,116.1875,116.21875,116.15625,116.15625,220
2026-03-25T02:00:00,116.15625,116.21875,116.15625,116.21875,2092
2026-03-25T02:05:00,116.21875,116.21875,116.1875,116.1875,205
2026-03-25T02:10:00,116.1875,116.1875,116.125,116.1875,520
2026-03-25T02:15:00,116.15625,116.15625,116.15625,116.15625,61
2026-03-25T02:20:00,116.15625,116.15625,116.125,116.125,123
2026-03-25T02:25:00,116.15625,116.15625,116.125,116.15625,118
2026-03-25T02:30:00,116.15625,116.15625,116.125,116.15625,344
2026-03-25T02:35:00,116.15625,116.1875,116.15625,116.1875,75
2026-03-25T02:40:00,116.15625,116.1875,116.15625,116.1875,153
2026-03-25T02:45:00,116.1875,116.1875,116.15625,116.15625,53
2026-03-25T02:50:00,116.1875,116.1875,116.15625,116.15625,62
2026-03-25T02:55:00,116.15625,116.1875,116.15625,116.1875,22
2026-03-25T03:00:00,116.15625,116.1875,116.15625,116.1875,21
2026-03-25T03:05:00,116.15625,116.1875,116.15625,116.1875,241
2026-03-25T03:10:00,116.1875,116.1875,116.15625,116.15625,379
2026-03-25T03:15:00,116.125,116.15625,116.125,116.125,73
2026-03-25T03:20:00,116.15625,116.15625,116.125,116.15625,294
2026-03-25T03:25:00,116.1875,116.1875,116.15625,116.15625,30
2026-03-25T03:30:00,116.15625,116.15625,116.125,116.125,55
2026-03-25T03:35:00,116.15625,116.1875,116.15625,116.15625,184
2026-03-25T03:40:00,116.15625,116.1875,116.15625,116.15625,164
2026-03-25T03:45:00,116.1875,116.1875,116.125,116.15625,295
2026-03-25T03:50:00,116.15625,116.15625,116.125,116.15625,35
2026-03-25T03:55:00,116.15625,116.15625,116.125,116.15625,122
2026-03-25T04:00:00,116.15625,116.1875,116.15625,116.1875,72
2026-03-25T04:05:00,116.1875,116.1875,116.15625,116.1875,101
2026-03-25T04:10:00,116.1875,116.1875,116.15625,116.1875,217
2026-03-25T04:15:00,116.1875,116.1875,116.1875,116.1875,61
2026-03-25T04:20:00,116.1875,116.21875,116.1875,116.21875,163
2026-03-25T04:25:00,116.1875,116.21875,116.1875,116.21875,211
2026-03-25T04:30:00,116.1875,116.1875,116.15625,116.15625,195
2026-03-25T04:35:00,116.1875,116.1875,116.15625,116.15625,57
2026-03-25T04:40:00,116.1875,116.1875,116.1875,116.1875,221
2026-03-25T04:45:00,116.1875,116.1875,116.15625,116.1875,108
2026-03-25T04:50:00,116.15625,116.1875,116.125,116.15625,164
2026-03-25T04:55:00,116.15625,116.1875,116.15625,116.1875,39
2026-03-25T05:00:00,116.15625,116.1875,116.15625,116.15625,302
2026-03-25T05:05:00,116.15625,116.1875,116.15625,116.1875,261
2026-03-25T05:10:00,116.1875,116.25,116.15625,116.21875,249
2026-03-25T05:15:00,116.21875,116.21875,116.21875,116.21875,301
2026-03-25T05:20:00,116.21875,116.21875,116.125,116.15625,282
2026-03-25T05:25:00,116.15625,116.1875,116.125,116.15625,762
2026-03-25T05:30:00,116.1875,116.21875,116.15625,116.1875,249
2026-03-25T05:35:00,116.21875,116.21875,116.1875,116.21875,21
2026-03-25T05:40:00,116.1875,116.1875,116.15625,116.15625,106
2026-03-25T05:45:00,116.15625,116.15625,116.15625,116.15625,139
2026-03-25T05:50:00,116.15625,116.1875,116.125,116.15625,181
2026-03-25T05:55:00,116.125,116.15625,116.125,116.125,170
2026-03-25T06:00:00,116.125,116.15625,116.125,116.125,146
2026-03-25T06:05:00,116.125,116.15625,116.0625,116.0625,498
2026-03-25T06:10:00,116.0625,116.09375,116.03125,116.03125,528
2026-03-25T06:15:00,116.03125,116.0625,116.0,116.0625,209
2026-03-25T06:20:00,116.0625,116.0625,116.0625,116.0625,165
2026-03-25T06:25:00,116.03125,116.03125,116.0,116.0,141
2026-03-25T06:30:00,116.0,116.0,115.9375,115.9375,122
2026-03-25T06:35:00,115.96875,116.03125,115.96875,116.0,334
2026-03-25T06:40:00,116.0,116.03125,116.0,116.03125,193
2026-03-25T06:45:00,116.03125,116.0625,116.03125,116.03125,161
2026-03-25T06:50:00,116.03125,116.0625,116.03125,116.0625,231
2026-03-25T06:55:00,116.03125,116.0625,116.03125,116.03125,459
2026-03-25T07:00:00,116.0625,116.0625,116.03125,116.0625,404
2026-03-25T07:05:00,116.0625,116.09375,116.0625,116.09375,417
2026-03-25T07:10:00,116.09375,116.1875,116.09375,116.15625,419
2026-03-25T07:15:00,116.15625,116.21875,116.125,116.15625,689
2026-03-25T07:20:00,116.15625,116.1875,116.0625,116.0625,2034
2026-03-25T07:25:00,116.0625,116.0625,116.0,116.03125,1212
2026-03-25T07:30:00,116.03125,116.03125,115.90625,115.96875,1032
2026-03-25T07:35:00,115.96875,116.03125,115.96875,116.0,789
2026-03-25T07:40:00,116.03125,116.09375,116.03125,116.09375,947
2026-03-25T07:45:00,116.0625,116.1875,116.0625,116.1875,572
2026-03-25T07:50:00,116.15625,116.21875,116.125,116.1875,638
2026-03-25T07:55:00,116.21875,116.28125,116.125,116.125,1131
2026-03-25T08:00:00,116.15625,116.25,116.125,116.25,907
2026-03-25T08:05:00,116.25,116.34375,116.25,116.25,1109
2026-03-25T08:10:00,116.28125,116.40625,116.28125,116.34375,1082
2026-03-25T08:15:00,116.34375,116.4375,116.34375,116.40625,1467
2026-03-25T08:20:00,116.4375,116.46875,116.375,116.40625,3749
2026-03-25T08:25:00,116.40625,116.4375,116.375,116.375,582
2026-03-25T08:30:00,116.375,116.4375,116.375,116.4375,875
2026-03-25T08:35:00,116.4375,116.4375,116.34375,116.375,2139
2026-03-25T08:40:00,116.375,116.40625,116.34375,116.375,437
2026-03-25T08:45:00,116.34375,116.46875,116.34375,116.40625,1867
2026-03-25T08:50:00,116.4375,116.4375,116.3125,116.3125,783
2026-03-25T08:55:00,116.28125,116.375,116.28125,116.34375,578
2026-03-25T09:00:00,116.375,116.375,116.34375,116.375,503
2026-03-25T09:05:00,116.375,116.40625,116.375,116.40625,646
2026-03-25T09:10:00,116.40625,116.4375,116.375,116.40625,847
2026-03-25T09:15:00,116.4375,116.53125,116.4375,116.53125,674
2026-03-25T09:20:00,116.5,116.5,116.40625,116.40625,535
2026-03-25T09:25:00,116.40625,116.40625,116.34375,116.40625,537
2026-03-25T09:30:00,116.4375,116.4375,116.40625,116.40625,711
2026-03-25T09:35:00,116.40625,116.40625,116.375,116.40625,830
2026-03-25T09:40:00,116.375,116.4375,116.375,116.375,477
2026-03-25T09:45:00,116.375,116.40625,116.34375,116.34375,458
2026-03-25T09:50:00,116.34375,116.40625,116.3125,116.3125,448
2026-03-25T09:55:00,116.3125,116.4375,116.3125,116.40625,2620
2026-03-25T10:00:00,116.40625,116.46875,116.40625,116.4375,479
2026-03-25T10:05:00,116.40625,116.53125,116.40625,116.5,2266
2026-03-25T10:10:00,116.5,116.5625,116.5,116.53125,697
2026-03-25T10:15:00,116.53125,116.59375,116.53125,116.5625,178
2026-03-25T10:20:00,116.5625,116.5625,116.4375,116.46875,1258
2026-03-25T10:25:00,116.46875,116.46875,116.375,116.375,979
2026-03-25T10:30:00,116.375,116.4375,116.375,116.4375,517
2026-03-25T10:35:00,116.4375,116.46875,116.4375,116.46875,1173
2026-03-25T10:40:00,116.46875,116.46875,116.40625,116.40625,356
2026-03-25T10:45:00,116.40625,116.4375,116.375,116.4375,1493
2026-03-25T10:50:00,116.4375,116.53125,116.4375,116.5,619
2026-03-25T10:55:00,116.5,116.5625,116.5,116.53125,517
2026-03-25T11:00:00,116.5625,116.59375,116.5625,116.59375,906
2026-03-25T11:05:00,116.59375,116.625,116.5625,116.625,711
2026-03-25T11:10:00,116.625,116.65625,116.59375,116.625,639
2026-03-25T11:15:00,116.625,116.625,116.5625,116.59375,1865
2026-03-25T11:20:00,116.59375,116.59375,116.53125,116.59375,1015
2026-03-25T11:25:00,116.59375,116.59375,116.53125,116.5625,831
2026-03-25T11:30:00,116.59375,116.65625,116.59375,116.625,1320
2026-03-25T11:35:00,116.59375,116.6875,116.59375,116.65625,1058
2026-03-25T11:40:00,116.6875,116.6875,116.625,116.625,481
2026-03-25T11:45:00,116.625,116.65625,116.53125,116.5625,3723
2026-03-25T11:50:00,116.5625,116.625,116.53125,116.59375,2053
2026-03-25T11:55:00,116.59375,116.65625,116.59375,116.625,1545
2026-03-25T12:00:00,116.65625,116.78125,116.65625,116.78125,2567
2026-03-25T12:05:00,116.78125,116.84375,116.75,116.78125,2852
2026-03-25T12:10:00,116.78125,116.78125,116.625,116.6875,3714
2026-03-25T12:15:00,116.6875,116.71875,116.5,116.5,5637
2026-03-25T12:20:00,116.5,116.5625,116.40625,116.40625,4663
2026-03-25T12:25:00,116.4375,116.5,116.40625,116.4375,1827
2026-03-25T12:30:00,116.40625,116.40625,116.25,116.3125,3878
2026-03-25T12:35:00,116.3125,116.34375,116.25,116.34375,3564
2026-03-25T12:40:00,116.34375,116.375,116.28125,116.3125,3660
2026-03-25T12:45:00,116.3125,116.40625,116.28125,116.34375,2635
2026-03-25T12:50:00,116.375,116.4375,116.34375,116.4375,1894
2026-03-25T12:55:00,116.4375,116.53125,116.4375,116.46875,3205
2026-03-25T13:00:00,116.5,116.5625,116.4375,116.5625,2456
2026-03-25T13:05:00,116.53125,116.59375,116.53125,116.5625,2227
2026-03-25T13:10:00,116.5625,116.59375,116.46875,116.53125,2986
2026-03-25T13:15:00,116.53125,116.5625,116.5,116.5625,2147
2026-03-25T13:20:00,116.5625,116.5625,116.46875,116.53125,1567
2026-03-25T13:25:00,116.5625,116.5625,116.5,116.5625,1897
2026-03-25T13:30:00,116.5625,116.59375,116.4375,116.4375,4842
2026-03-25T13:35:00,116.4375,116.5,116.40625,116.46875,6176
2026-03-25T13:40:00,116.5,116.65625,116.5,116.59375,6622
2026-03-25T13:45:00,116.625,116.625,116.3125,116.34375,4575
2026-03-25T13:50:00,116.3125,116.34375,116.25,116.28125,3273
2026-03-25T13:55:00,116.28125,116.3125,116.21875,116.25,3206
2026-03-25T14:00:00,116.25,116.28125,116.1875,116.21875,5493
2026-03-25T14:05:00,116.21875,116.3125,116.21875,116.3125,3112
2026-03-25T14:10:00,116.3125,116.34375,116.28125,116.3125,4514
2026-03-25T14:15:00,116.3125,116.375,116.28125,116.34375,4525
2026-03-25T14:20:00,116.3125,116.34375,116.21875,116.21875,3208
2026-03-25T14:25:00,116.25,116.375,116.25,116.34375,3362
2026-03-25T14:30:00,116.375,116.46875,116.34375,116.46875,2651
2026-03-25T14:35:00,116.5,116.5,116.40625,116.5,4010
2026-03-25T14:40:00,116.5,116.59375,116.5,116.59375,2354
2026-03-25T14:45:00,116.625,116.65625,116.59375,116.625,3793
2026-03-25T14:50:00,116.625,116.6875,116.59375,116.6875,2955
2026-03-25T14:55:00,116.65625,116.6875,116.5625,116.5625,1954
2026-03-25T15:00:00,116.59375,116.59375,116.5,116.53125,3501
2026-03-25T15:05:00,116.53125,116.53125,116.4375,116.4375,2026
2026-03-25T15:10:00,116.46875,116.5,116.4375,116.46875,2393
2026-03-25T15:15:00,116.46875,116.53125,116.25,116.34375,4783
2026-03-25T15:20:00,116.375,116.5625,116.34375,116.53125,3122
2026-03-25T15:25:00,116.5625,116.625,116.5,116.625,2115
2026-03-25T15:30:00,116.625,116.71875,116.59375,116.65625,3581
2026-03-25T15:35:00,116.65625,116.6875,116.625,116.625,3245
2026-03-25T15:40:00,116.65625,116.65625,116.59375,116.625,1715
2026-03-25T15:45:00,116.625,116.65625,116.53125,116.5625,2117
2026-03-25T15:50:00,116.59375,116.59375,116.5,116.5,1773
2026-03-25T15:55:00,116.5,116.59375,116.5,116.59375,2799
2026-03-25T16:00:00,116.5625,116.6875,116.53125,116.6875,4354
2026-03-25T16:05:00,116.6875,116.6875,116.59375,116.65625,2057
2026-03-25T16:10:00,116.625,116.625,116.5625,116.59375,3026
2026-03-25T16:15:00,116.5625,116.59375,116.5,116.53125,1851
2026-03-25T16:20:00,116.53125,116.5625,116.46875,116.5625,2589
2026-03-25T16:25:00,116.5625,116.65625,116.5625,116.625,5501
2026-03-25T16:30:00,116.59375,116.65625,116.5625,116.625,2582
2026-03-25T16:35:00,116.625,116.65625,116.59375,116.59375,1907
2026-03-25T16:40:00,116.625,116.71875,116.59375,116.6875,3362
2026-03-25T16:45:00,116.65625,116.6875,116.59375,116.625,1860
2026-03-25T16:50:00,116.625,116.6875,116.625,116.625,2656
2026-03-25T16:55:00,116.625,116.65625,116.53125,116.5625,3183
2026-03-25T17:00:00,116.59375,116.65625,116.4375,116.53125,3599
2026-03-25T17:05:00,116.53125,116.5625,116.4375,116.4375,3768
2026-03-25T17:10:00,116.4375,116.5,116.40625,116.5,3307
2026-03-25T17:15:00,116.46875,116.46875,116.40625,116.40625,1440
2026-03-25T17:20:00,116.40625,116.46875,116.375,116.40625,2418
2026-03-25T17:25:00,116.40625,116.5,116.40625,116.5,716
2026-03-25T17:30:00,116.5,116.53125,116.46875,116.5,1388
2026-03-25T17:35:00,116.5,116.59375,116.5,116.5625,1479
2026-03-25T17:40:00,116.5625,116.65625,116.5625,116.625,2008
2026-03-25T17:45:00,116.625,116.625,116.59375,116.625,309
2026-03-25T17:50:00,116.59375,116.59375,116.5,116.5,3526
2026-03-25T17:55:00,116.5,116.59375,116.46875,116.53125,1827
2026-03-25T18:00:00,116.53125,116.5625,116.5,116.5625,2074
2026-03-25T18:05:00,116.53125,116.5625,116.53125,116.5625,1049
2026-03-25T18:10:00,116.5625,116.59375,116.5,116.53125,1350
2026-03-25T18:15:00,116.53125,116.5625,116.40625,116.4375,4576
2026-03-25T18:20:00,116.4375,116.46875,116.4375,116.4375,1779
2026-03-25T18:25:00,116.4375,116.46875,116.40625,116.4375,1501
2026-03-25T18:30:00,116.46875,116.5625,116.4375,116.53125,2692
2026-03-25T18:35:00,116.53125,116.59375,116.53125,116.53125,962
2026-03-25T18:40:00,116.53125,116.5625,116.53125,116.5625,1292
2026-03-25T18:45:00,116.5625,116.59375,116.53125,116.59375,2343
2026-03-25T18:50:00,116.59375,116.59375,116.5625,116.59375,1768
2026-03-25T18:55:00,116.59375,116.59375,116.375,116.46875,9544
2026-03-25T19:00:00,116.46875,116.5,116.4375,116.5,3465
2026-03-25T19:05:00,116.5,116.53125,116.46875,116.5,3045
2026-03-25T19:10:00,116.5,116.5,116.4375,116.46875,876
2026-03-25T19:15:00,116.46875,116.5625,116.46875,116.53125,1352
2026-03-25T19:20:00,116.53125,116.5625,116.5,116.5,806
2026-03-25T19:25:00,116.5,116.53125,116.5,116.5,773
2026-03-25T19:30:00,116.53125,116.53125,116.4375,116.5,1429
2026-03-25T19:35:00,116.5,116.5,116.4375,116.5,899
2026-03-25T19:40:00,116.46875,116.53125,116.46875,116.46875,896
2026-03-25T19:45:00,116.5,116.53125,116.46875,116.53125,1280
2026-03-25T19:50:00,116.53125,116.5625,116.53125,116.5625,2116
2026-03-25T19:55:00,116.5625,116.625,116.53125,116.59375,12237
2026-03-25T20:00:00,116.59375,116.625,116.53125,116.5625,5937
2026-03-25T20:05:00,116.53125,116.5625,116.53125,116.53125,1361
2026-03-25T20:10:00,116.53125,116.53125,116.5,116.53125,172
2026-03-25T20:15:00,116.5,116.53125,116.5,116.53125,1175
2026-03-25T20:20:00,116.5,116.53125,116.5,116.5,1225
2026-03-25T20:25:00,116.46875,116.5,116.40625,116.40625,1234
2026-03-25T20:30:00,116.40625,116.5,116.40625,116.46875,1409
2026-03-25T20:35:00,116.46875,116.46875,116.40625,116.4375,3114
2026-03-25T20:40:00,116.46875,116.46875,116.40625,116.40625,1435
2026-03-25T20:45:00,116.40625,116.40625,116.375,116.40625,2049
2026-03-25T20:50:00,116.375,116.4375,116.375,116.4375,1987
2026-03-25T20:55:00,116.4375,116.4375,116.375,116.375,665
2026-03-25T22:00:00,116.4375,116.4375,116.375,116.375,67
2026-03-25T22:05:00,116.375,116.375,116.375,116.375,74
2026-03-25T22:10:00,116.40625,116.40625,116.40625,116.40625,32
2026-03-25T22:15:00,116.375,116.375,116.34375,116.34375,52
2026-03-25T22:20:00,116.34375,116.34375,116.34375,116.34375,22
2026-03-25T22:25:00,116.34375,116.34375,116.34375,116.34375,17
2026-03-25T22:30:00,116.375,116.375,116.375,116.375,17
2026-03-25T22:35:00,116.375,116.375,116.375,116.375,16
2026-03-25T22:40:00,116.375,116.375,116.375,116.375,60
2026-03-25T23:00:00,116.375,116.375,116.375,116.375,76
2026-03-25T23:05:00,116.375,116.40625,116.375,116.40625,4
2026-03-25T23:10:00,116.375,116.375,116.375,116.375,45
2026-03-25T23:15:00,116.375,116.375,116.375,116.375,17
2026-03-25T23:20:00,116.375,116.375,116.34375,116.34375,18
2026-03-25T23:30:00,116.34375,116.34375,116.3125,116.34375,33
2026-03-25T23:35:00,116.34375,116.34375,116.3125,116.34375,86
2026-03-25T23:40:00,116.34375,116.34375,116.28125,116.28125,246
2026-03-25T23:45:00,116.28125,116.34375,116.28125,116.3125,340
2026-03-25T23:50:00,116.3125,116.3125,116.28125,116.28125,126
2026-03-25T23:55:00,116.3125,116.3125,116.28125,116.3125,116
2026-03-26T00:00:00,116.28125,116.3125,116.25,116.28125,309
2026-03-26T00:05:00,116.3125,116.3125,116.25,116.25,382
2026-03-26T00:10:00,116.25,116.25,116.21875,116.25,328
2026-03-26T00:15:00,116.25,116.28125,116.1875,116.1875,249
2026-03-26T00:20:00,116.1875,116.25,116.1875,116.21875,79
2026-03-26T00:25:00,116.25,116.28125,116.25,116.28125,630
2026-03-26T00:30:00,116.28125,116.28125,116.21875,116.21875,514
2026-03-26T00:35:00,116.25,116.25,116.21875,116.21875,220
2026-03-26T00:40:00,116.21875,116.21875,116.15625,116.15625,129
2026-03-26T00:45:00,116.15625,116.21875,116.15625,116.21875,575
2026-03-26T00:50:00,116.1875,116.1875,116.09375,116.09375,843
2026-03-26T00:55:00,116.09375,116.125,116.09375,116.125,657
2026-03-26T01:00:00,116.125,116.1875,116.125,116.15625,741
2026-03-26T01:05:00,116.15625,116.15625,116.09375,116.125,457
2026-03-26T01:10:00,116.125,116.1875,116.125,116.15625,318
2026-03-26T01:15:00,116.15625,116.15625,116.09375,116.09375,288
2026-03-26T01:20:00,116.09375,116.09375,116.0625,116.0625,18
2026-03-26T01:25:00,116.09375,116.09375,116.0625,116.09375,76
2026-03-26T01:30:00,116.09375,116.09375,116.0625,116.09375,208
2026-03-26T01:35:00,116.125,116.125,116.09375,116.125,229
2026-03-26T01:40:00,116.15625,116.15625,116.125,116.125,53
2026-03-26T01:45:00,116.125,116.125,116.125,116.125,92
2026-03-26T01:50:00,116.09375,116.15625,116.09375,116.125,120
2026-03-26T01:55:00,116.125,116.15625,116.125,116.15625,5
2026-03-26T02:00:00,116.15625,116.15625,116.15625,116.15625,302
2026-03-26T02:05:00,116.15625,116.1875,116.15625,116.15625,58
2026-03-26T02:10:00,116.15625,116.15625,116.15625,116.15625,26
2026-03-26T02:15:00,116.15625,116.15625,116.15625,116.15625,86
2026-03-26T02:20:00,116.15625,116.15625,116.15625,116.15625,92
2026-03-26T02:25:00,116.125,116.125,116.09375,116.125,53
2026-03-26T02:30:00,116.09375,116.125,116.0625,116.0625,723
2026-03-26T02:35:00,116.09375,116.09375,116.0625,116.09375,443
2026-03-26T02:40:00,116.09375,116.125,116.09375,116.09375,188
2026-03-26T02:45:00,116.125,116.125,116.09375,116.125,541
2026-03-26T02:50:00,116.09375,116.125,116.09375,116.09375,114
2026-03-26T02:55:00,116.09375,116.125,116.0625,116.125,404
2026-03-26T03:00:00,116.125,116.125,116.09375,116.125,276
2026-03-26T03:05:00,116.125,116.125,116.03125,116.03125,382
2026-03-26T03:10:00,116.03125,116.09375,116.03125,116.09375,560
2026-03-26T03:15:00,116.09375,116.09375,116.0625,116.0625,78
2026-03-26T03:20:00,116.09375,116.09375,116.09375,116.09375,62
2026-03-26T03:25:00,116.09375,116.125,116.09375,116.09375,130
2026-03-26T03:30:00,116.125,116.15625,116.125,116.15625,253
2026-03-26T03:35:00,116.15625,116.15625,116.125,116.125,92
2026-03-26T03:40:00,116.125,116.15625,116.125,116.125,131
2026-03-26T03:45:00,116.09375,116.09375,116.09375,116.09375,67
2026-03-26T03:50:00,116.09375,116.09375,116.09375,116.09375,70
2026-03-26T03:55:00,116.125,116.125,116.09375,116.09375,6
2026-03-26T04:00:00,116.125,116.125,116.09375,116.09375,15
2026-03-26T04:05:00,116.125,116.125,116.09375,116.09375,27
2026-03-26T04:10:00,116.125,116.125,116.125,116.125,145
2026-03-26T04:15:00,116.09375,116.09375,116.09375,116.09375,19
2026-03-26T04:20:00,116.09375,116.125,116.09375,116.125,8
2026-03-26T04:25:00,116.125,116.125,116.125,116.125,238
2026-03-26T04:30:00,116.125,116.125,116.125,116.125,17
2026-03-26T04:35:00,116.125,116.15625,116.125,116.125,16
2026-03-26T04:40:00,116.125,116.125,116.09375,116.09375,305
2026-03-26T04:45:00,116.09375,116.125,116.09375,116.125,30
2026-03-26T04:50:00,116.125,116.125,116.09375,116.09375,6
2026-03-26T04:55:00,116.09375,116.125,116.0625,116.09375,190
2026-03-26T05:00:00,116.09375,116.125,116.09375,116.09375,282
2026-03-26T05:05:00,116.09375,116.09375,116.0625,116.0625,64
2026-03-26T05:10:00,116.09375,116.09375,116.03125,116.03125,111
2026-03-26T05:15:00,116.03125,116.0625,116.0,116.03125,255
2026-03-26T05:20:00,116.03125,116.0625,116.03125,116.03125,686
2026-03-26T05:25:00,116.0625,116.0625,116.0,116.03125,284
2026-03-26T05:30:00,116.03125,116.03125,116.0,116.0,47
2026-03-26T05:35:00,116.03125,116.03125,116.0,116.03125,186
2026-03-26T05:40:00,116.0625,116.0625,116.03125,116.03125,417
2026-03-26T05:45:00,116.03125,116.03125,115.96875,116.0,335
2026-03-26T05:50:00,116.0,116.0,115.96875,115.96875,357
2026-03-26T05:55:00,115.96875,116.0,115.9375,115.9375,110
2026-03-26T06:00:00,115.96875,115.96875,115.96875,115.96875,232
2026-03-26T06:05:00,115.96875,116.0,115.96875,115.96875,174
2026-03-26T06:10:00,115.96875,116.0,115.9375,115.9375,141
2026-03-26T06:15:00,115.9375,115.96875,115.90625,115.96875,315
2026-03-26T06:20:00,115.9375,115.9375,115.9375,115.9375,186
2026-03-26T06:25:00,115.9375,115.96875,115.9375,115.96875,307
2026-03-26T06:30:00,116.0,116.03125,115.96875,115.96875,480
2026-03-26T06:35:00,116.0,116.0,115.96875,115.96875,6
2026-03-26T06:40:00,116.0,116.0,116.0,116.0,184
2026-03-26T06:45:00,116.0,116.0,116.0,116.0,212
2026-03-26T06:50:00,115.96875,115.96875,115.96875,115.96875,6
2026-03-26T06:55:00,116.0,116.0,115.96875,115.96875,273
2026-03-26T07:00:00,115.96875,116.0,115.9375,116.0,319
2026-03-26T07:05:00,116.0,116.0,115.9375,115.96875,552
2026-03-26T07:10:00,115.96875,115.96875,115.9375,115.96875,202
2026-03-26T07:15:00,115.96875,115.96875,115.9375,115.9375,110
2026-03-26T07:20:00,115.9375,116.0,115.9375,116.0,222
2026-03-26T07:25:00,115.96875,116.0,115.96875,115.96875,406
2026-03-26T07:30:00,115.96875,115.96875,115.90625,115.96875,1031
2026-03-26T07:35:00,115.96875,115.96875,115.9375,115.96875,909
2026-03-26T07:40:00,115.96875,116.0,115.90625,115.90625,607
2026-03-26T07:45:00,115.9375,115.96875,115.9375,115.9375,364
2026-03-26T07:50:00,115.96875,115.96875,115.9375,115.9375,634
2026-03-26T07:55:00,115.9375,115.96875,115.90625,115.90625,226
2026-03-26T08:00:00,115.90625,115.9375,115.875,115.90625,475
2026-03-26T08:05:00,115.875,115.90625,115.875,115.90625,291
2026-03-26T08:10:00,115.90625,115.9375,115.84375,115.84375,392
2026-03-26T08:15:00,115.875,115.875,115.84375,115.875,671
2026-03-26T08:20:00,115.84375,115.9375,115.84375,115.9375,1365
2026-03-26T08:25:00,115.9375,115.9375,115.875,115.875,2445
2026-03-26T08:30:00,115.90625,115.90625,115.875,115.875,426
2026-03-26T08:35:00,115.90625,115.90625,115.84375,115.875,631
2026-03-26T08:40:00,115.875,115.90625,115.8125,115.84375,353
2026-03-26T08:45:00,115.84375,115.90625,115.84375,115.84375,656
2026-03-26T08:50:00,115.84375,115.875,115.8125,115.8125,517
2026-03-26T08:55:00,115.8125,115.84375,115.78125,115.78125,223
2026-03-26T09:00:00,115.8125,115.8125,115.78125,115.8125,977
2026-03-26T09:05:00,115.8125,115.84375,115.8125,115.8125,156
2026-03-26T09:10:00,115.84375,115.84375,115.78125,115.78125,331
2026-03-26T09:15:00,115.78125,115.78125,115.71875,115.71875,1041
2026-03-26T09:20:00,115.75,115.75,115.75,115.75,103
2026-03-26T09:25:00,115.71875,115.75,115.6875,115.71875,898
2026-03-26T09:30:00,115.71875,115.75,115.71875,115.75,430
2026-03-26T09:35:00,115.75,115.75,115.71875,115.71875,8
2026-03-26T09:40:00,115.75,115.75,115.6875,115.6875,484
2026-03-26T09:45:00,115.6875,115.71875,115.6875,115.71875,173
2026-03-26T09:50:00,115.71875,115.75,115.6875,115.71875,1353
2026-03-26T09:55:00,115.71875,115.75,115.6875,115.71875,333
2026-03-26T10:00:00,115.6875,115.71875,115.6875,115.71875,455
2026-03-26T10:05:00,115.75,115.75,115.75,115.75,888
2026-03-26T10:10:00,115.75,115.78125,115.75,115.78125,235
2026-03-26T10:15:00,115.78125,115.8125,115.71875,115.71875,1041
2026-03-26T10:20:00,115.71875,115.75,115.71875,115.75,83
2026-03-26T10:25:00,115.71875,115.78125,115.71875,115.78125,156
2026-03-26T10:30:00,115.78125,115.78125,115.75,115.78125,78
2026-03-26T10:35:00,115.78125,115.8125,115.71875,115.71875,892
2026-03-26T10:40:00,115.71875,115.75,115.6875,115.71875,1153
2026-03-26T10:45:00,115.71875,115.71875,115.65625,115.65625,554
2026-03-26T10:50:00,115.65625,115.71875,115.65625,115.71875,310
2026-03-26T10:55:00,115.71875,115.71875,115.6875,115.71875,291
2026-03-26T11:00:00,115.71875,115.71875,115.6875,115.71875,772
2026-03-26T11:05:00,115.71875,115.78125,115.71875,115.75,291
2026-03-26T11:10:00,115.78125,115.78125,115.71875,115.71875,195
2026-03-26T11:15:00,115.71875,115.71875,115.71875,115.71875,923
2026-03-26T11:20:00,115.71875,115.75,115.6875,115.6875,618
2026-03-26T11:25:00,115.6875,115.6875,115.65625,115.65625,1008
2026-03-26T11:30:00,115.65625,115.6875,115.65625,115.65625,410
2026-03-26T11:35:00,115.6875,115.6875,115.625,115.65625,1386
2026-03-26T11:40:00,115.6875,115.6875,115.625,115.65625,1188
2026-03-26T11:45:00,115.65625,115.6875,115.65625,115.65625,873
2026-03-26T11:50:00,115.625,115.71875,115.625,115.6875,1965
2026-03-26T11:55:00,115.6875,115.6875,115.625,115.625,1788
2026-03-26T12:00:00,115.65625,115.6875,115.59375,115.6875,3145
2026-03-26T12:05:00,115.65625,115.71875,115.65625,115.6875,1725
2026-03-26T12:10:00,115.6875,115.78125,115.6875,115.75,1940
2026-03-26T12:15:00,115.75,115.78125,115.75,115.78125,1762
2026-03-26T12:20:00,115.78125,115.90625,115.75,115.84375,2149
2026-03-26T12:25:00,115.875,115.96875,115.875,115.96875,1290
2026-03-26T12:30:00,115.9375,115.9375,115.84375,115.84375,2248
2026-03-26T12:35:00,115.84375,115.90625,115.8125,115.90625,1489
2026-03-26T12:40:00,115.875,115.9375,115.8125,115.84375,673
2026-03-26T12:45:00,115.84375,115.96875,115.84375,115.9375,1330
2026-03-26T12:50:00,115.9375,115.9375,115.84375,115.84375,874
2026-03-26T12:55:00,115.875,115.90625,115.84375,115.90625,821
2026-03-26T13:00:00,115.90625,115.9375,115.84375,115.84375,599
2026-03-26T13:05:00,115.8125,115.90625,115.8125,115.875,814
2026-03-26T13:10:00,115.90625,115.96875,115.875,115.96875,1963
2026-03-26T13:15:00,115.96875,116.03125,115.96875,115.96875,2182
2026-03-26T13:20:00,115.96875,116.03125,115.9375,115.96875,1112
2026-03-26T13:25:00,115.9375,115.96875,115.90625,115.9375,895
2026-03-26T13:30:00,115.9375,116.0,115.9375,116.0,3776
2026-03-26T13:35:00,116.0,116.0625,115.96875,116.0,3623
2026-03-26T13:40:00,116.03125,116.1875,115.96875,116.1875,3757
2026-03-26T13:45:00,116.1875,116.28125,116.15625,116.1875,5549
2026-03-26T13:50:00,116.21875,116.21875,116.15625,116.21875,4315
2026-03-26T13:55:00,116.1875,116.25,116.125,116.25,4629
2026-03-26T14:00:00,116.25,116.25,116.21875,116.25,3233
2026-03-26T14:05:00,116.25,116.25,116.15625,116.21875,2976
2026-03-26T14:10:00,116.21875,116.25,116.15625,116.21875,2783
2026-03-26T14:15:00,116.21875,116.28125,116.21875,116.21875,1902
2026-03-26T14:20:00,116.21875,116.21875,116.125,116.125,1767
2026-03-26T14:25:00,116.125,116.15625,116.09375,116.125,1296
2026-03-26T14:30:00,116.125,116.21875,116.125,116.21875,2425
2026-03-26T14:35:00,116.21875,116.21875,116.125,116.1875,1093
2026-03-26T14:40:00,116.1875,116.25,116.03125,116.03125,4828
2026-03-26T14:45:00,116.03125,116.09375,115.96875,115.96875,1934
2026-03-26T14:50:00,116.0,116.0625,115.96875,115.96875,2170
2026-03-26T14:55:00,115.96875,116.15625,115.9375,116.125,1766
2026-03-26T15:00:00,116.15625,116.1875,116.0,116.03125,1857
2026-03-26T15:05:00,116.0625,116.09375,116.03125,116.0625,1886
2026-03-26T15:10:00,116.03125,116.09375,115.96875,115.96875,1262
2026-03-26T15:15:00,115.96875,116.03125,115.9375,115.96875,4278
2026-03-26T15:20:00,115.96875,116.03125,115.9375,115.9375,3424
2026-03-26T15:25:00,115.96875,116.0,115.90625,115.90625,1017
2026-03-26T15:30:00,115.90625,115.90625,115.8125,115.875,2801
2026-03-26T15:35:00,115.875,115.9375,115.84375,115.9375,1831
2026-03-26T15:40:00,115.9375,115.9375,115.875,115.875,1586
2026-03-26T15:45:00,115.875,115.96875,115.84375,115.875,4027
2026-03-26T15:50:00,115.875,115.9375,115.875,115.875,2030
2026-03-26T15:55:00,115.875,115.90625,115.84375,115.84375,1825
2026-03-26T16:00:00,115.84375,115.84375,115.71875,115.75,2307
2026-03-26T16:05:00,115.75,115.84375,115.71875,115.84375,1447
2026-03-26T16:10:00,115.84375,115.84375,115.78125,115.84375,811
2026-03-26T16:15:00,115.84375,115.84375,115.6875,115.78125,2285
2026-03-26T16:20:00,115.8125,115.8125,115.71875,115.75,952
2026-03-26T16:25:00,115.75,115.75,115.6875,115.71875,1529
2026-03-26T16:30:00,115.71875,115.71875,115.59375,115.65625,2266
2026-03-26T16:35:00,115.65625,115.6875,115.5625,115.5625,1860
2026-03-26T16:40:00,115.5625,115.625,115.53125,115.59375,2797
2026-03-26T16:45:00,115.59375,115.625,115.53125,115.53125,1907
2026-03-26T16:50:00,115.53125,115.59375,115.5,115.59375,2457
2026-03-26T16:55:00,115.59375,115.59375,115.53125,115.5625,2095
2026-03-26T17:00:00,115.5625,115.5625,115.40625,115.5,1959
2026-03-26T17:05:00,115.5,115.59375,115.5,115.59375,2713
2026-03-26T17:10:00,115.5625,115.5625,115.53125,115.5625,2099
2026-03-26T17:15:00,115.53125,115.53125,115.4375,115.5,1415
2026-03-26T17:20:00,115.5,115.53125,115.46875,115.46875,1632
2026-03-26T17:25:00,115.46875,115.59375,115.46875,115.5625,2496
2026-03-26T17:30:00,115.5625,115.625,115.53125,115.59375,1982
2026-03-26T17:35:00,115.59375,115.625,115.5625,115.5625,2114
2026-03-26T17:40:00,115.5625,115.5625,115.5,115.5,1637
2026-03-26T17:45:00,115.5,115.5,115.46875,115.46875,2074
2026-03-26T17:50:00,115.46875,115.46875,115.40625,115.4375,2901
2026-03-26T17:55:00,115.46875,115.46875,115.40625,115.46875,2559
2026-03-26T18:00:00,115.4375,115.53125,115.4375,115.5,2051
2026-03-26T18:05:00,115.46875,115.5,115.46875,115.46875,1631
2026-03-26T18:10:00,115.46875,115.5625,115.46875,115.5625,3013
2026-03-26T18:15:00,115.5625,115.59375,115.5,115.53125,1351
2026-03-26T18:20:00,115.53125,115.53125,115.46875,115.5,1416
2026-03-26T18:25:00,115.5,115.53125,115.46875,115.53125,1826
2026-03-26T18:30:00,115.53125,115.625,115.53125,115.59375,2472
2026-03-26T18:35:00,115.59375,115.6875,115.59375,115.65625,1548
2026-03-26T18:40:00,115.65625,115.65625,115.625,115.65625,2206
2026-03-26T18:45:00,115.6875,115.71875,115.65625,115.71875,3859
2026-03-26T18:50:00,115.71875,115.8125,115.71875,115.78125,5321
2026-03-26T18:55:00,115.78125,115.8125,115.6875,115.75,12115
2026-03-26T19:00:00,115.75,115.90625,115.71875,115.875,3524
2026-03-26T19:05:00,115.90625,115.96875,115.75,115.78125,7360
2026-03-26T19:10:00,115.78125,115.8125,115.71875,115.75,1831
2026-03-26T19:15:00,115.75,115.875,115.75,115.875,2226
2026-03-26T19:20:00,115.875,115.90625,115.8125,115.84375,3029
2026-03-26T19:25:00,115.84375,115.875,115.75,115.78125,2604
2026-03-26T19:30:00,115.78125,115.8125,115.75,115.75,336
2026-03-26T19:35:00,115.78125,115.78125,115.71875,115.71875,4058
2026-03-26T19:40:00,115.75,115.78125,115.71875,115.71875,2185
2026-03-26T19:45:00,115.75,115.8125,115.75,115.75,3131
2026-03-26T19:50:00,115.78125,115.78125,115.75,115.75,1492
2026-03-26T19:55:00,115.75,115.75,115.65625,115.65625,4275
2026-03-26T20:00:00,115.6875,115.71875,115.625,115.65625,6682
2026-03-26T20:05:00,115.65625,115.71875,115.65625,115.71875,2669
2026-03-26T20:10:00,115.71875,116.21875,115.71875,115.96875,19928
2026-03-26T20:15:00,115.96875,116.0,115.84375,115.96875,3314
2026-03-26T20:20:00,115.96875,116.03125,115.90625,115.90625,4183
2026-03-26T20:25:00,115.90625,115.9375,115.84375,115.90625,2177
2026-03-26T20:30:00,115.875,115.96875,115.84375,115.96875,2114
2026-03-26T20:35:00,115.96875,115.96875,115.90625,115.96875,799
2026-03-26T20:40:00,115.9375,115.9375,115.90625,115.90625,1015
2026-03-26T20:45:00,115.9375,115.9375,115.84375,115.875,1951
2026-03-26T20:50:00,115.875,115.875,115.75,115.75,1710
2026-03-26T20:55:00,115.75,115.78125,115.6875,115.78125,3308
2026-03-26T22:00:00,115.8125,115.84375,115.78125,115.84375,135
2026-03-26T22:05:00,115.84375,115.84375,115.78125,115.78125,103
2026-03-26T22:10:00,115.8125,115.84375,115.8125,115.84375,25
2026-03-26T22:15:00,115.84375,115.84375,115.84375,115.84375,29
2026-03-26T22:20:00,115.84375,115.84375,115.8125,115.8125,62
2026-03-26T22:30:00,115.8125,115.8125,115.78125,115.78125,107
2026-03-26T22:35:00,115.8125,115.8125,115.78125,115.78125,289
2026-03-26T22:40:00,115.8125,115.8125,115.8125,115.8125,32
2026-03-26T22:45:00,115.8125,115.8125,115.8125,115.8125,117
2026-03-26T22:50:00,115.8125,115.8125,115.8125,115.8125,24
2026-03-26T22:55:00,115.8125,115.8125,115.8125,115.8125,59
2026-03-26T23:00:00,115.8125,115.8125,115.8125,115.8125,41
2026-03-26T23:05:00,115.8125,115.8125,115.8125,115.8125,77
2026-03-26T23:10:00,115.8125,115.8125,115.8125,115.8125,100
2026-03-26T23:15:00,115.8125,115.8125,115.8125,115.8125,1
2026-03-26T23:20:00,115.78125,115.78125,115.78125,115.78125,129
2026-03-26T23:30:00,115.78125,115.78125,115.75,115.78125,359
2026-03-26T23:35:00,115.78125,115.78125,115.78125,115.78125,108
2026-03-26T23:40:00,115.78125,115.78125,115.75,115.75,472
2026-03-26T23:45:00,115.75,115.78125,115.75,115.78125,74
2026-03-26T23:50:00,115.75,115.78125,115.75,115.78125,236
2026-03-26T23:55:00,115.78125,115.8125,115.78125,115.8125,94
2026-03-27T00:00:00,115.8125,115.84375,115.78125,115.8125,366
2026-03-27T00:05:00,115.8125,115.8125,115.78125,115.78125,102
2026-03-27T00:10:00,115.8125,115.8125,115.75,115.78125,328
2026-03-27T00:15:00,115.78125,115.78125,115.65625,115.65625,577
2026-03-27T00:20:00,115.625,115.65625,115.40625,115.53125,2565
2026-03-27T00:25:00,115.53125,115.5625,115.5,115.5625,586
2026-03-27T00:30:00,115.5625,115.625,115.5625,115.625,185
2026-03-27T00:35:00,115.625,115.625,115.59375,115.625,325
2026-03-27T00:40:00,115.625,115.65625,115.625,115.65625,144
2026-03-27T00:45:00,115.65625,115.71875,115.65625,115.71875,464
2026-03-27T00:50:00,115.71875,115.71875,115.65625,115.71875,215
2026-03-27T00:55:00,115.71875,115.75,115.71875,115.71875,305
2026-03-27T01:00:00,115.71875,115.78125,115.71875,115.75,238
2026-03-27T01:05:00,115.75,115.8125,115.75,115.8125,224
2026-03-27T01:10:00,115.8125,115.84375,115.78125,115.78125,529
2026-03-27T01:15:00,115.78125,115.78125,115.75,115.75,276
2026-03-27T01:20:00,115.75,115.75,115.71875,115.71875,82
2026-03-27T01:25:00,115.71875,115.71875,115.6875,115.6875,84
2026-03-27T01:30:00,115.6875,115.75,115.6875,115.71875,316
2026-03-27T01:35:00,115.75,115.78125,115.75,115.75,87
2026-03-27T01:40:00,115.78125,115.78125,115.71875,115.71875,160
2026-03-27T01:45:00,115.71875,115.75,115.6875,115.75,275
2026-03-27T01:50:00,115.75,115.75,115.71875,115.75,173
2026-03-27T01:55:00,115.78125,115.78125,115.75,115.78125,31
2026-03-27T02:00:00,115.78125,115.875,115.78125,115.84375,508
2026-03-27T02:05:00,115.84375,115.84375,115.78125,115.8125,302
2026-03-27T02:10:00,115.8125,115.8125,115.78125,115.78125,64
2026-03-27T02:15:00,115.75,115.75,115.71875,115.75,277
2026-03-27T02:20:00,115.75,115.75,115.71875,115.71875,58
2026-03-27T02:25:00,115.75,115.75,115.71875,115.75,232
2026-03-27T02:30:00,115.75,115.78125,115.75,115.78125,230
2026-03-27T02:35:00,115.78125,115.78125,115.75,115.78125,65
2026-03-27T02:40:00,115.75,115.78125,115.75,115.78125,56
2026-03-27T02:45:00,115.78125,115.8125,115.78125,115.78125,123
2026-03-27T02:55:00,115.78125,115.78125,115.75,115.75,122
2026-03-27T03:00:00,115.75,115.8125,115.75,115.75,85
2026-03-27T03:05:00,115.75,115.75,115.71875,115.71875,140
2026-03-27T03:10:00,115.6875,115.71875,115.65625,115.65625,240
2026-03-27T03:15:00,115.6875,115.6875,115.65625,115.65625,102
2026-03-27T03:20:00,115.625,115.625,115.625,115.625,52
2026-03-27T03:25:00,115.625,115.625,115.625,115.625,75
2026-03-27T03:30:00,115.625,115.625,115.53125,115.53125,338
2026-03-27T03:35:00,115.5,115.53125,115.46875,115.46875,514
2026-03-27T03:40:00,115.46875,115.5,115.46875,115.5,289
2026-03-27T03:45:00,115.5,115.53125,115.46875,115.53125,247
2026-03-27T03:50:00,115.5,115.53125,115.46875,115.46875,227
2026-03-27T03:55:00,115.46875,115.5,115.46875,115.5,320
2026-03-27T04:00:00,115.5,115.53125,115.5,115.53125,149
2026-03-27T04:05:00,115.53125,115.53125,115.53125,115.53125,74
2026-03-27T04:10:00,115.5,115.53125,115.5,115.5,188
2026-03-27T04:15:00,115.53125,115.53125,115.5,115.5,88
2026-03-27T04:20:00,115.5,115.53125,115.5,115.5,34
2026-03-27T04:25:00,115.46875,115.5,115.46875,115.46875,628
2026-03-27T04:30:00,115.46875,115.5,115.4375,115.46875,204
2026-03-27T04:35:00,115.46875,115.46875,115.46875,115.46875,34
2026-03-27T04:40:00,115.46875,115.5,115.46875,115.5,211
2026-03-27T04:45:00,115.46875,115.46875,115.4375,115.4375,78
2026-03-27T04:50:00,115.4375,115.4375,115.40625,115.4375,287
2026-03-27T04:55:00,115.4375,115.46875,115.4375,115.4375,128
2026-03-27T05:00:00,115.4375,115.46875,115.4375,115.46875,57
2026-03-27T05:05:00,115.46875,115.5,115.46875,115.5,194
2026-03-27T05:10:00,115.53125,115.5625,115.5,115.53125,441
2026-03-27T05:15:00,115.53125,115.5625,115.53125,115.53125,185
2026-03-27T05:20:00,115.53125,115.53125,115.53125,115.53125,349
2026-03-27T05:25:00,115.53125,115.53125,115.53125,115.53125,61
2026-03-27T05:30:00,115.5,115.53125,115.5,115.5,271
2026-03-27T05:35:00,115.5,115.5,115.4375,115.4375,251
2026-03-27T05:40:00,115.4375,115.46875,115.375,115.4375,708
2026-03-27T05:45:00,115.4375,115.46875,115.3125,115.3125,1192
2026-03-27T05:50:00,115.3125,115.40625,115.3125,115.40625,514
2026-03-27T05:55:00,115.40625,115.40625,115.375,115.40625,343
2026-03-27T06:00:00,115.40625,115.40625,115.375,115.40625,48
2026-03-27T06:05:00,115.40625,115.40625,115.375,115.40625,287
2026-03-27T06:10:00,115.4375,115.4375,115.40625,115.40625,173
2026-03-27T06:15:00,115.4375,115.4375,115.40625,115.40625,276
2026-03-27T06:20:00,115.4375,115.4375,115.4375,115.4375,5
2026-03-27T06:25:00,115.40625,115.4375,115.40625,115.40625,143
2026-03-27T06:30:00,115.4375,115.46875,115.40625,115.46875,217
2026-03-27T06:35:00,115.46875,115.46875,115.40625,115.4375,127
2026-03-27T06:40:00,115.4375,115.4375,115.40625,115.4375,101
2026-03-27T06:45:00,115.4375,115.4375,115.375,115.375,285
2026-03-27T06:50:00,115.34375,115.375,115.3125,115.3125,230
2026-03-27T06:55:00,115.34375,115.375,115.34375,115.375,196
2026-03-27T07:00:00,115.375,115.375,115.3125,115.3125,1530
2026-03-27T07:05:00,115.3125,115.3125,115.1875,115.28125,2415
2026-03-27T07:10:00,115.28125,115.34375,115.28125,115.34375,390
2026-03-27T07:15:00,115.3125,115.3125,115.28125,115.3125,896
2026-03-27T07:20:00,115.3125,115.3125,115.25,115.28125,695
2026-03-27T07:25:00,115.28125,115.28125,115.21875,115.21875,604
2026-03-27T07:30:00,115.25,115.3125,115.25,115.28125,375
2026-03-27T07:35:00,115.28125,115.34375,115.25,115.3125,463
2026-03-27T07:40:00,115.28125,115.28125,115.21875,115.28125,339
2026-03-27T07:45:00,115.25,115.25,115.1875,115.21875,609
2026-03-27T07:50:00,115.21875,115.21875,115.15625,115.15625,297
2026-03-27T07:55:00,115.15625,115.21875,115.15625,115.21875,671
2026-03-27T08:00:00,115.21875,115.28125,115.1875,115.1875,1654
2026-03-27T08:05:00,115.15625,115.15625,115.125,115.15625,373
2026-03-27T08:10:00,115.125,115.1875,115.125,115.1875,731
2026-03-27T08:15:00,115.15625,115.1875,115.09375,115.125,1828
2026-03-27T08:20:00,115.15625,115.21875,115.125,115.15625,1966
2026-03-27T08:25:00,115.15625,115.15625,115.0625,115.09375,1038
2026-03-27T08:30:00,115.125,115.15625,115.125,115.15625,340
2026-03-27T08:35:00,115.15625,115.15625,115.0625,115.09375,766
2026-03-27T08:40:00,115.09375,115.125,115.0625,115.09375,558
2026-03-27T08:45:00,115.09375,115.09375,115.0625,115.09375,291
2026-03-27T08:50:00,115.09375,115.09375,115.0625,115.0625,982
2026-03-27T08:55:00,115.0625,115.09375,115.03125,115.03125,954
2026-03-27T09:00:00,115.0625,115.0625,115.03125,115.0625,1168
2026-03-27T09:05:00,115.03125,115.0625,115.03125,115.03125,691
2026-03-27T09:10:00,115.0625,115.125,115.0625,115.09375,782
2026-03-27T09:15:00,115.0625,115.0625,115.03125,115.0625,558
2026-03-27T09:20:00,115.0625,115.09375,115.0625,115.0625,564
2026-03-27T09:25:00,115.0625,115.125,115.0625,115.09375,382
2026-03-27T09:30:00,115.09375,115.125,115.0625,115.0625,942
2026-03-27T09:35:00,115.03125,115.0625,115.0,115.0,471
2026-03-27T09:40:00,114.96875,115.0625,114.96875,115.0625,844
2026-03-27T09:45:00,115.0625,115.0625,115.0,115.03125,724
2026-03-27T09:50:00,115.03125,115.09375,115.03125,115.0625,388
2026-03-27T09:55:00,115.0625,115.0625,115.03125,115.03125,126
2026-03-27T10:00:00,115.03125,115.0625,115.03125,115.0625,581
2026-03-27T10:05:00,115.0625,115.125,115.0625,115.09375,262
2026-03-27T10:10:00,115.09375,115.09375,115.03125,115.0625,2318
2026-03-27T10:15:00,115.09375,115.125,115.0625,115.0625,1077
2026-03-27T10:20:00,115.09375,115.125,115.0625,115.125,490
2026-03-27T10:25:00,115.09375,115.09375,115.0625,115.09375,1387
2026-03-27T10:30:00,115.09375,115.09375,115.0625,115.09375,953
2026-03-27T10:35:00,115.09375,115.09375,115.03125,115.0625,835
2026-03-27T10:40:00,115.0625,115.0625,114.96875,114.96875,803
2026-03-27T10:45:00,114.96875,115.0,114.96875,115.0,1086
2026-03-27T10:50:00,115.0,115.03125,114.96875,115.03125,732
2026-03-27T10:55:00,115.0,115.03125,114.96875,115.0,264
2026-03-27T11:00:00,115.0,115.03125,114.9375,115.03125,367
2026-03-27T11:05:00,115.03125,115.03125,114.90625,114.96875,787
2026-03-27T11:10:00,114.96875,115.0,114.9375,115.0,646
2026-03-27T11:15:00,115.0,115.03125,115.0,115.03125,340
2026-03-27T11:20:00,115.03125,115.0625,115.03125,115.03125,508
2026-03-27T11:25:00,115.03125,115.03125,114.96875,115.0,552
2026-03-27T11:30:00,115.0,115.03125,115.0,115.0,1025
2026-03-27T11:35:00,115.03125,115.03125,114.9375,114.96875,2614
2026-03-27T11:40:00,114.96875,115.0625,114.96875,115.03125,1396
2026-03-27T11:45:00,115.03125,115.09375,115.03125,115.09375,1443
2026-03-27T11:50:00,115.09375,115.09375,115.03125,115.03125,2251
2026-03-27T11:55:00,115.03125,115.03125,114.9375,114.96875,2157
2026-03-27T12:00:00,114.96875,114.96875,114.9375,114.9375,2400
2026-03-27T12:05:00,114.9375,114.96875,114.90625,114.90625,1546
2026-03-27T12:10:00,114.9375,115.0,114.9375,115.0,1780
2026-03-27T12:15:00,115.0,115.0625,115.0,115.0625,908
2026-03-27T12:20:00,115.03125,115.03125,114.9375,115.0,4706
2026-03-27T12:25:00,114.96875,115.03125,114.9375,114.96875,1151
2026-03-27T12:30:00,115.0,115.03125,114.9375,114.9375,1308
2026-03-27T12:35:00,114.96875,115.0625,114.96875,115.0625,1058
2026-03-27T12:40:00,115.09375,115.125,115.03125,115.0625,1085
2026-03-27T12:45:00,115.09375,115.09375,114.96875,115.0,1516
2026-03-27T12:50:00,115.0,115.0625,115.0,115.03125,1382
2026-03-27T12:55:00,115.03125,115.03125,114.9375,114.96875,1797
2026-03-27T13:00:00,114.96875,114.96875,114.84375,114.84375,2972
2026-03-27T13:05:00,114.84375,114.84375,114.625,114.625,4495
2026-03-27T13:10:00,114.625,114.75,114.59375,114.65625,3835
2026-03-27T13:15:00,114.65625,114.78125,114.65625,114.71875,3467
2026-03-27T13:20:00,114.75,114.84375,114.71875,114.78125,2784
2026-03-27T13:25:00,114.78125,114.8125,114.75,114.8125,2000
2026-03-27T13:30:00,114.8125,114.8125,114.71875,114.8125,5013
2026-03-27T13:35:00,114.78125,114.875,114.75,114.84375,4502
2026-03-27T13:40:00,114.84375,115.0625,114.84375,115.03125,5891
2026-03-27T13:45:00,115.0625,115.125,115.0,115.03125,6338
2026-03-27T13:50:00,115.0,115.03125,114.9375,115.03125,4110
2026-03-27T13:55:00,115.03125,115.0625,114.9375,114.9375,3210
2026-03-27T14:00:00,114.96875,115.0625,114.9375,115.0625,3719
2026-03-27T14:05:00,115.0625,115.15625,115.03125,115.03125,3678
2026-03-27T14:10:00,115.0625,115.0625,114.96875,115.03125,4920
2026-03-27T14:15:00,115.03125,115.125,115.03125,115.0625,3925
2026-03-27T14:20:00,115.0625,115.09375,114.96875,115.0625,4174
2026-03-27T14:25:00,115.0625,115.09375,115.0,115.03125,2869
2026-03-27T14:30:00,115.03125,115.21875,115.0,115.1875,1834
2026-03-27T14:35:00,115.21875,115.21875,115.0,115.0625,3921
2026-03-27T14:40:00,115.0625,115.125,115.03125,115.125,1620
2026-03-27T14:45:00,115.09375,115.15625,115.09375,115.15625,3143
2026-03-27T14:50:00,115.15625,115.28125,115.15625,115.28125,2751
2026-03-27T14:55:00,115.25,115.3125,115.25,115.28125,3889
2026-03-27T15:00:00,115.25,115.34375,115.25,115.28125,4231
2026-03-27T15:05:00,115.25,115.25,115.1875,115.1875,2200
2026-03-27T15:10:00,115.1875,115.25,115.125,115.25,3140
2026-03-27T15:15:00,115.28125,115.34375,115.25,115.25,3707
2026-03-27T15:20:00,115.28125,115.4375,115.21875,115.40625,7621
2026-03-27T15:25:00,115.40625,115.46875,115.375,115.4375,3859
2026-03-27T15:30:00,115.46875,115.53125,115.40625,115.46875,4045
2026-03-27T15:35:00,115.46875,115.5,115.40625,115.46875,2322
2026-03-27T15:40:00,115.5,115.53125,115.40625,115.53125,3464
2026-03-27T15:45:00,115.53125,115.5625,115.46875,115.5,2375
2026-03-27T15:50:00,115.5,115.53125,115.375,115.46875,3104
2026-03-27T15:55:00,115.4375,115.5,115.40625,115.40625,1380
2026-03-27T16:00:00,115.4375,115.4375,115.3125,115.375,2300
2026-03-27T16:05:00,115.40625,115.40625,115.34375,115.375,1074
2026-03-27T16:10:00,115.40625,115.4375,115.375,115.40625,1327
2026-03-27T16:15:00,115.40625,115.4375,115.375,115.4375,815
2026-03-27T16:20:00,115.4375,115.46875,115.375,115.375,1160
2026-03-27T16:25:00,115.375,115.46875,115.34375,115.40625,4680
2026-03-27T16:30:00,115.40625,115.5,115.40625,115.46875,1614
2026-03-27T16:35:00,115.46875,115.46875,115.4375,115.46875,918
2026-03-27T16:40:00,115.46875,115.5625,115.46875,115.5,2468
2026-03-27T16:45:00,115.53125,115.53125,115.46875,115.53125,1572
2026-03-27T16:50:00,115.53125,115.5625,115.5,115.5625,2286
2026-03-27T16:55:00,115.5625,115.59375,115.53125,115.5625,2630
2026-03-27T17:00:00,115.53125,115.53125,115.375,115.375,1795
2026-03-27T17:05:00,115.40625,115.5,115.40625,115.4375,3330
2026-03-27T17:10:00,115.40625,115.40625,115.28125,115.28125,1202
2026-03-27T17:15:00,115.3125,115.3125,115.15625,115.1875,1382
2026-03-27T17:20:00,115.1875,115.25,115.1875,115.21875,2018
2026-03-27T17:25:00,115.1875,115.21875,115.15625,115.21875,2322
2026-03-27T17:30:00,115.21875,115.34375,115.21875,115.34375,5070
2026-03-27T17:35:00,115.3125,115.375,115.3125,115.34375,2022
2026-03-27T17:40:00,115.375,115.40625,115.34375,115.34375,1624
2026-03-27T17:45:00,115.34375,115.34375,115.28125,115.28125,1126
2026-03-27T17:50:00,115.3125,115.375,115.25,115.25,1348
2026-03-27T17:55:00,115.25,115.25,115.1875,115.1875,1045
2026-03-27T18:00:00,115.15625,115.25,115.15625,115.25,1028
2026-03-27T18:05:00,115.21875,115.25,115.1875,115.1875,1062
2026-03-27T18:10:00,115.1875,115.1875,115.0625,115.0625,4894
2026-03-27T18:15:00,115.0625,115.15625,115.03125,115.125,2046
2026-03-27T18:20:00,115.15625,115.15625,115.03125,115.03125,4197
2026-03-27T18:25:00,115.0625,115.0625,114.90625,114.9375,9817
2026-03-27T18:30:00,114.9375,115.0,114.90625,114.96875,3891
2026-03-27T18:35:00,114.96875,115.0,114.90625,114.96875,2855
2026-03-27T18:40:00,114.9375,114.9375,114.84375,114.90625,7564
2026-03-27T18:45:00,114.90625,114.9375,114.90625,114.9375,1713
2026-03-27T18:50:00,114.9375,114.96875,114.9375,114.96875,2001
2026-03-27T18:55:00,114.9375,114.9375,114.84375,114.90625,4772
2026-03-27T19:00:00,114.875,114.90625,114.8125,114.84375,2488
2026-03-27T19:05:00,114.875,114.875,114.84375,114.84375,809
2026-03-27T19:10:00,114.84375,114.9375,114.84375,114.9375,1709
2026-03-27T19:15:00,114.90625,114.9375,114.90625,114.9375,400
2026-03-27T19:20:00,114.9375,114.96875,114.90625,114.96875,1098
2026-03-27T19:25:00,114.9375,114.9375,114.90625,114.9375,2179
2026-03-27T19:30:00,114.9375,114.9375,114.875,114.90625,1008
2026-03-27T19:35:00,114.9375,114.9375,114.90625,114.90625,1041
2026-03-27T19:40:00,114.90625,114.90625,114.84375,114.875,2698
2026-03-27T19:45:00,114.875,114.9375,114.875,114.9375,1481
2026-03-27T19:50:00,114.90625,114.9375,114.84375,114.90625,3041
2026-03-27T19:55:00,114.90625,115.0625,114.90625,115.0,13609
2026-03-27T20:00:00,114.96875,115.125,114.96875,115.09375,8334
2026-03-27T20:05:00,115.0625,115.09375,115.03125,115.09375,1587
2026-03-27T20:10:00,115.09375,115.09375,115.0625,115.0625,1155
2026-03-27T20:15:00,115.0625,115.09375,115.0625,115.0625,3043
2026-03-27T20:20:00,115.0625,115.125,115.0625,115.125,1241
2026-03-27T20:25:00,115.09375,115.1875,115.09375,115.15625,2090
2026-03-27T20:30:00,115.15625,115.1875,115.15625,115.15625,373
2026-03-27T20:35:00,115.1875,115.25,115.15625,115.1875,1134
2026-03-27T20:40:00,115.21875,115.28125,115.1875,115.21875,1214
2026-03-27T20:45:00,115.21875,115.25,115.1875,115.21875,1565
2026-03-27T20:50:00,115.21875,115.28125,115.21875,115.25,1021
2026-03-27T20:55:00,115.25,115.25,115.1875,115.21875,1371
2026-03-29T22:00:00,115.15625,115.21875,114.96875,115.125,842
2026-03-29T22:05:00,115.15625,115.15625,115.09375,115.09375,294
2026-03-29T22:10:00,115.09375,115.1875,115.09375,115.1875,219
2026-03-29T22:15:00,115.1875,115.21875,115.1875,115.21875,433
2026-03-29T22:20:00,115.25,115.28125,115.25,115.28125,173
2026-03-29T22:25:00,115.28125,115.28125,115.28125,115.28125,40
2026-03-29T22:30:00,115.25,115.28125,115.21875,115.28125,130
2026-03-29T22:35:00,115.28125,115.28125,115.21875,115.21875,105
2026-03-29T22:40:00,115.21875,115.21875,115.1875,115.21875,229
2026-03-29T22:45:00,115.1875,115.25,115.1875,115.25,298
2026-03-29T22:50:00,115.28125,115.28125,115.28125,115.28125,2
2026-03-29T22:55:00,115.28125,115.28125,115.28125,115.28125,146
2026-03-29T23:00:00,115.28125,115.28125,115.28125,115.28125,222
2026-03-29T23:05:00,115.28125,115.28125,115.25,115.25,219
2026-03-29T23:10:00,115.28125,115.28125,115.28125,115.28125,37
2026-03-29T23:15:00,115.28125,115.3125,115.28125,115.3125,47
2026-03-29T23:20:00,115.28125,115.28125,115.25,115.25,51
2026-03-29T23:25:00,115.25,115.28125,115.25,115.28125,250
2026-03-29T23:30:00,115.28125,115.28125,115.25,115.28125,310
2026-03-29T23:35:00,115.28125,115.28125,115.28125,115.28125,6
2026-03-29T23:40:00,115.25,115.28125,115.25,115.28125,49
2026-03-29T23:45:00,115.28125,115.375,115.21875,115.34375,2164
2026-03-29T23:50:00,115.375,115.40625,115.375,115.375,232
2026-03-29T23:55:00,115.34375,115.375,115.34375,115.375,202
2026-03-30T00:00:00,115.34375,115.375,115.28125,115.28125,352
2026-03-30T00:05:00,115.28125,115.28125,115.1875,115.21875,412
2026-03-30T00:10:00,115.21875,115.21875,115.1875,115.21875,364
2026-03-30T00:15:00,115.21875,115.4375,115.21875,115.40625,1870
2026-03-30T00:20:00,115.4375,115.53125,115.40625,115.53125,1054
2026-03-30T00:25:00,115.5,115.5625,115.5,115.5,423
2026-03-30T00:30:00,115.46875,115.53125,115.46875,115.5,858
2026-03-30T00:35:00,115.5,115.59375,115.5,115.53125,512
2026-03-30T00:40:00,115.5625,115.5625,115.53125,115.5625,220
2026-03-30T00:45:00,115.53125,115.53125,115.5,115.5,506
2026-03-30T00:50:00,115.5,115.5,115.40625,115.4375,332
2026-03-30T00:55:00,115.4375,115.46875,115.4375,115.4375,522
2026-03-30T01:00:00,115.4375,115.46875,115.4375,115.46875,291
2026-03-30T01:05:00,115.4375,115.46875,115.4375,115.4375,291
2026-03-30T01:10:00,115.4375,115.46875,115.4375,115.46875,614
2026-03-30T01:15:00,115.46875,115.46875,115.4375,115.4375,311
2026-03-30T01:20:00,115.4375,115.46875,115.40625,115.40625,219
2026-03-30T01:25:00,115.4375,115.4375,115.40625,115.4375,252
2026-03-30T01:30:00,115.4375,115.4375,115.40625,115.4375,171
2026-03-30T01:35:00,115.4375,115.5,115.4375,115.4375,189
2026-03-30T01:40:00,115.46875,115.46875,115.4375,115.4375,181
2026-03-30T01:45:00,115.46875,115.5,115.46875,115.5,57
2026-03-30T01:50:00,115.46875,115.53125,115.46875,115.53125,220
2026-03-30T01:55:00,115.53125,115.59375,115.53125,115.53125,774
2026-03-30T02:00:00,115.53125,115.53125,115.46875,115.46875,233
2026-03-30T02:05:00,115.4375,115.5,115.4375,115.46875,246
2026-03-30T02:10:00,115.46875,115.46875,115.46875,115.46875,11
2026-03-30T02:15:00,115.46875,115.46875,115.375,115.40625,115
2026-03-30T02:20:00,115.375,115.40625,115.375,115.40625,89
2026-03-30T02:25:00,115.375,115.4375,115.375,115.40625,325
2026-03-30T02:30:00,115.4375,115.46875,115.4375,115.4375,141
2026-03-30T02:35:00,115.46875,115.46875,115.4375,115.4375,110
2026-03-30T02:40:00,115.46875,115.53125,115.46875,115.5,308
2026-03-30T02:45:00,115.53125,115.625,115.53125,115.59375,227
2026-03-30T02:50:00,115.59375,115.625,115.5625,115.59375,460
2026-03-30T02:55:00,115.5625,115.625,115.5625,115.59375,68
2026-03-30T03:00:00,115.59375,115.6875,115.59375,115.65625,665
2026-03-30T03:05:00,115.65625,115.71875,115.65625,115.6875,371
2026-03-30T03:10:00,115.6875,115.6875,115.65625,115.6875,145
2026-03-30T03:15:00,115.6875,115.71875,115.6875,115.71875,195
2026-03-30T03:20:00,115.75,115.75,115.71875,115.71875,237
2026-03-30T03:25:00,115.71875,115.75,115.6875,115.71875,171
2026-03-30T03:30:00,115.75,115.75,115.6875,115.71875,293
2026-03-30T03:35:00,115.71875,115.71875,115.6875,115.71875,184
2026-03-30T03:40:00,115.71875,115.75,115.6875,115.75,91
2026-03-30T03:45:00,115.71875,115.71875,115.6875,115.71875,33
2026-03-30T03:50:00,115.6875,115.6875,115.65625,115.6875,201
2026-03-30T03:55:00,115.6875,115.6875,115.65625,115.65625,35
2026-03-30T04:00:00,115.6875,115.71875,115.6875,115.6875,145
2026-03-30T04:05:00,115.71875,115.71875,115.6875,115.71875,136
2026-03-30T04:10:00,115.6875,115.71875,115.6875,115.71875,36
2026-03-30T04:15:00,115.71875,115.71875,115.71875,115.71875,108
2026-03-30T04:20:00,115.71875,115.75,115.6875,115.71875,98
2026-03-30T04:25:00,115.71875,115.75,115.71875,115.71875,157
2026-03-30T04:30:00,115.71875,115.71875,115.6875,115.6875,14
2026-03-30T04:35:00,115.71875,115.78125,115.71875,115.75,707
2026-03-30T04:40:00,115.71875,115.71875,115.6875,115.6875,78
2026-03-30T04:45:00,115.6875,115.71875,115.6875,115.6875,59
2026-03-30T04:50:00,115.6875,115.6875,115.65625,115.65625,174
2026-03-30T04:55:00,115.65625,115.6875,115.65625,115.65625,344
2026-03-30T05:00:00,115.65625,115.71875,115.65625,115.6875,52
2026-03-30T05:05:00,115.65625,115.75,115.65625,115.75,122
2026-03-30T05:10:00,115.71875,115.75,115.71875,115.71875,80
2026-03-30T05:15:00,115.75,115.75,115.71875,115.71875,5
2026-03-30T05:20:00,115.75,115.78125,115.75,115.78125,211
2026-03-30T05:25:00,115.75,115.75,115.6875,115.6875,122
2026-03-30T05:30:00,115.6875,115.75,115.6875,115.75,392
2026-03-30T05:35:00,115.75,115.8125,115.75,115.75,430
2026-03-30T05:40:00,115.78125,115.78125,115.75,115.75,96
2026-03-30T05:45:00,115.78125,115.78125,115.71875,115.75,255
2026-03-30T05:50:00,115.75,115.75,115.71875,115.75,144
2026-03-30T05:55:00,115.78125,115.78125,115.75,115.75,448
2026-03-30T06:00:00,115.71875,115.84375,115.6875,115.8125,662
2026-03-30T06:05:00,115.8125,115.84375,115.8125,115.8125,440
2026-03-30T06:10:00,115.8125,115.84375,115.78125,115.8125,426
2026-03-30T06:15:00,115.8125,115.8125,115.78125,115.8125,867
2026-03-30T06:20:00,115.8125,115.84375,115.78125,115.8125,696
2026-03-30T06:25:00,115.8125,115.84375,115.78125,115.78125,1587
2026-03-30T06:30:00,115.78125,115.84375,115.78125,115.84375,162
2026-03-30T06:35:00,115.84375,115.84375,115.78125,115.78125,335
2026-03-30T06:40:00,115.8125,115.8125,115.75,115.78125,541
2026-03-30T06:45:00,115.78125,115.90625,115.78125,115.90625,647
2026-03-30T06:50:00,115.90625,115.90625,115.8125,115.8125,605
2026-03-30T06:55:00,115.8125,115.84375,115.78125,115.78125,469
2026-03-30T07:00:00,115.78125,115.78125,115.65625,115.65625,875
2026-03-30T07:05:00,115.6875,115.75,115.65625,115.6875,1444
2026-03-30T07:10:00,115.6875,115.78125,115.6875,115.75,1071
2026-03-30T07:15:00,115.71875,115.78125,115.71875,115.71875,1176
2026-03-30T07:20:00,115.6875,115.71875,115.65625,115.71875,404
2026-03-30T07:25:00,115.6875,115.6875,115.625,115.65625,284
2026-03-30T07:30:00,115.65625,115.6875,115.625,115.6875,612
2026-03-30T07:35:00,115.6875,115.71875,115.65625,115.71875,526
2026-03-30T07:40:00,115.6875,115.71875,115.6875,115.6875,380
2026-03-30T07:45:00,115.6875,115.71875,115.65625,115.6875,328
2026-03-30T07:50:00,115.6875,115.75,115.6875,115.75,491
2026-03-30T07:55:00,115.75,115.75,115.6875,115.6875,303
2026-03-30T08:00:00,115.71875,115.71875,115.625,115.6875,613
2026-03-30T08:05:00,115.6875,115.71875,115.6875,115.71875,405
2026-03-30T08:10:00,115.75,115.75,115.65625,115.71875,357
2026-03-30T08:15:00,115.71875,115.8125,115.71875,115.78125,649
2026-03-30T08:20:00,115.78125,115.78125,115.6875,115.71875,202
2026-03-30T08:25:00,115.75,115.75,115.65625,115.6875,248
2026-03-30T08:30:00,115.6875,115.8125,115.6875,115.75,1154
2026-03-30T08:35:00,115.75,115.8125,115.71875,115.8125,407
2026-03-30T08:40:00,115.8125,115.84375,115.8125,115.8125,373
2026-03-30T08:45:00,115.8125,115.84375,115.8125,115.84375,582
2026-03-30T08:50:00,115.8125,115.84375,115.75,115.75,562
2026-03-30T08:55:00,115.71875,115.8125,115.71875,115.8125,626
2026-03-30T09:00:00,115.78125,115.8125,115.75,115.75,466
2026-03-30T09:05:00,115.75,115.78125,115.6875,115.71875,1318
2026-03-30T09:10:00,115.6875,115.71875,115.625,115.625,769
2026-03-30T09:15:00,115.625,115.625,115.5625,115.59375,468
2026-03-30T09:20:00,115.59375,115.625,115.59375,115.625,462
2026-03-30T09:25:00,115.625,115.625,115.53125,115.53125,682
2026-03-30T09:30:00,115.5,115.5625,115.5,115.53125,182
2026-03-30T09:35:00,115.5625,115.65625,115.5625,115.625,894
2026-03-30T09:40:00,115.59375,115.59375,115.5625,115.59375,255
2026-03-30T09:45:00,115.59375,115.625,115.5625,115.625,179
2026-03-30T09:50:00,115.59375,115.625,115.59375,115.59375,577
2026-03-30T09:55:00,115.59375,115.59375,115.5625,115.59375,337
2026-03-30T10:00:00,115.59375,115.59375,115.5625,115.59375,239
2026-03-30T10:05:00,115.5625,115.59375,115.53125,115.53125,291
2026-03-30T10:10:00,115.5625,115.59375,115.53125,115.5625,784
2026-03-30T10:15:00,115.59375,115.65625,115.59375,115.65625,469
2026-03-30T10:20:00,115.65625,115.65625,115.625,115.625,614
2026-03-30T10:25:00,115.59375,115.59375,115.5625,115.59375,129
2026-03-30T10:30:00,115.5625,115.59375,115.5,115.5625,872
2026-03-30T10:35:00,115.53125,115.59375,115.53125,115.5625,212
2026-03-30T10:40:00,115.59375,115.65625,115.5625,115.65625,519
2026-03-30T10:45:00,115.65625,115.65625,115.59375,115.625,483
2026-03-30T10:50:00,115.625,115.6875,115.625,115.625,619
2026-03-30T10:55:00,115.65625,115.65625,115.625,115.65625,827
2026-03-30T11:00:00,115.65625,115.6875,115.59375,115.59375,753
2026-03-30T11:05:00,115.59375,115.625,115.5625,115.59375,1059
2026-03-30T11:10:00,115.5625,115.6875,115.5625,115.6875,723
2026-03-30T11:15:00,115.6875,115.90625,115.65625,115.875,1779
2026-03-30T11:20:00,115.875,115.96875,115.84375,115.9375,1410
2026-03-30T11:25:00,115.9375,116.15625,115.90625,115.90625,6755
2026-03-30T11:30:00,115.90625,115.9375,115.84375,115.875,1943
2026-03-30T11:35:00,115.90625,115.9375,115.84375,115.875,1541
2026-03-30T11:40:00,115.90625,116.0,115.90625,115.96875,1134
2026-03-30T11:45:00,115.96875,116.0,115.90625,115.9375,840
2026-03-30T11:50:00,115.96875,116.0625,115.96875,115.96875,1775
2026-03-30T11:55:00,115.96875,115.96875,115.875,115.90625,1174
2026-03-30T12:00:00,115.9375,115.9375,115.875,115.875,1941
2026-03-30T12:05:00,115.875,116.0625,115.875,116.03125,2752
2026-03-30T12:10:00,116.03125,116.0625,115.90625,115.90625,2604
2026-03-30T12:15:00,115.875,115.90625,115.84375,115.90625,2181
2026-03-30T12:20:00,115.90625,115.96875,115.8125,115.9375,3688
2026-03-30T12:25:00,115.96875,115.96875,115.875,115.875,4064
2026-03-30T12:30:00,115.875,115.96875,115.84375,115.9375,6589
2026-03-30T12:35:00,115.9375,116.03125,115.9375,115.96875,2714
2026-03-30T12:40:00,115.96875,116.03125,115.9375,116.0,1921
2026-03-30T12:45:00,115.96875,116.03125,115.9375,116.0,2599
2026-03-30T12:50:00,115.96875,115.96875,115.9375,115.96875,1119
2026-03-30T12:55:00,115.9375,116.03125,115.9375,116.0,1108
2026-03-30T13:00:00,116.03125,116.15625,116.03125,116.09375,2841
2026-03-30T13:05:00,116.125,116.15625,116.03125,116.03125,2440
2026-03-30T13:10:00,116.0625,116.15625,116.03125,116.125,1531
2026-03-30T13:15:00,116.15625,116.21875,116.125,116.15625,3821
2026-03-30T13:20:00,116.1875,116.25,116.15625,116.25,2464
2026-03-30T13:25:00,116.21875,116.28125,116.21875,116.25,2713
2026-03-30T13:30:00,116.28125,116.3125,116.1875,116.1875,3367
2026-03-30T13:35:00,116.1875,116.21875,116.09375,116.125,4922
2026-03-30T13:40:00,116.125,116.125,116.0625,116.09375,2296
2026-03-30T13:45:00,116.125,116.15625,116.09375,116.125,1842
2026-03-30T13:50:00,116.15625,116.28125,116.125,116.21875,3454
2026-03-30T13:55:00,116.21875,116.28125,116.1875,116.21875,3148
2026-03-30T14:00:00,116.1875,116.21875,116.125,116.1875,3027
2026-03-30T14:05:00,116.15625,116.1875,116.125,116.1875,2475
2026-03-30T14:10:00,116.21875,116.28125,116.1875,116.28125,1540
2026-03-30T14:15:00,116.28125,116.28125,116.1875,116.25,1897
2026-03-30T14:20:00,116.25,116.28125,116.21875,116.28125,1804
2026-03-30T14:25:00,116.25,116.28125,116.21875,116.21875,1093
2026-03-30T14:30:00,116.21875,116.25,116.1875,116.1875,2567
2026-03-30T14:35:00,116.21875,116.28125,116.21875,116.25,1614
2026-03-30T14:40:00,116.21875,116.28125,116.21875,116.28125,1422
2026-03-30T14:45:00,116.28125,116.34375,116.21875,116.3125,4247
2026-03-30T14:50:00,116.3125,116.375,116.28125,116.375,2636
2026-03-30T14:55:00,116.34375,116.4375,116.3125,116.375,2650
2026-03-30T15:00:00,116.375,116.4375,116.375,116.40625,1955
2026-03-30T15:05:00,116.40625,116.4375,116.34375,116.375,2359
2026-03-30T15:10:00,116.40625,116.46875,116.40625,116.4375,2217
2026-03-30T15:15:00,116.4375,116.5,116.4375,116.46875,1821
2026-03-30T15:20:00,116.46875,116.53125,116.46875,116.53125,1529
2026-03-30T15:25:00,116.5,116.53125,116.375,116.40625,1999
2026-03-30T15:30:00,116.4375,116.5,116.4375,116.5,2745
2026-03-30T15:35:00,116.5,116.5625,116.5,116.53125,2791
2026-03-30T15:40:00,116.53125,116.59375,116.53125,116.5625,1287
2026-03-30T15:45:00,116.5625,116.5625,116.5,116.53125,1198
2026-03-30T15:50:00,116.53125,116.5625,116.4375,116.46875,1447
2026-03-30T15:55:00,116.46875,116.5,116.40625,116.46875,2453
2026-03-30T16:00:00,116.46875,116.53125,116.4375,116.5,3905
2026-03-30T16:05:00,116.46875,116.5,116.4375,116.5,960
2026-03-30T16:10:00,116.5,116.5,116.4375,116.4375,552
2026-03-30T16:15:00,116.46875,116.46875,116.40625,116.40625,2288
2026-03-30T16:20:00,116.4375,116.46875,116.40625,116.46875,1368
2026-03-30T16:25:00,116.46875,116.46875,116.40625,116.40625,1327
2026-03-30T16:30:00,116.375,116.4375,116.34375,116.4375,638
2026-03-30T16:35:00,116.40625,116.46875,116.40625,116.46875,591
2026-03-30T16:40:00,116.46875,116.53125,116.4375,116.5,1603
2026-03-30T16:45:00,116.5,116.625,116.5,116.59375,4212
2026-03-30T16:50:00,116.59375,116.625,116.59375,116.625,1604
2026-03-30T16:55:00,116.59375,116.65625,116.5625,116.625,2575
2026-03-30T17:00:00,116.59375,116.65625,116.53125,116.53125,1757
2026-03-30T17:05:00,116.53125,116.5625,116.53125,116.5625,1440
2026-03-30T17:10:00,116.5625,116.59375,116.4375,116.46875,1960
2026-03-30T17:15:00,116.4375,116.46875,116.375,116.4375,2341
2026-03-30T17:20:00,116.40625,116.4375,116.3125,116.3125,2589
2026-03-30T17:25:00,116.3125,116.34375,116.28125,116.28125,2465
2026-03-30T17:30:00,116.28125,116.375,116.28125,116.34375,1581
2026-03-30T17:35:00,116.34375,116.34375,116.28125,116.34375,2297
2026-03-30T17:40:00,116.34375,116.40625,116.3125,116.40625,2043
2026-03-30T17:45:00,116.40625,116.4375,116.3125,116.3125,5538
2026-03-30T17:50:00,116.3125,116.34375,116.28125,116.3125,3822
2026-03-30T17:55:00,116.3125,116.34375,116.28125,116.3125,2565
2026-03-30T18:00:00,116.34375,116.375,116.3125,116.34375,1744
2026-03-30T18:05:00,116.34375,116.34375,116.3125,116.3125,448
2026-03-30T18:10:00,116.3125,116.34375,116.28125,116.3125,1441
2026-03-30T18:15:00,116.3125,116.375,116.3125,116.34375,1833
2026-03-30T18:20:00,116.34375,116.375,116.3125,116.34375,1608
2026-03-30T18:25:00,116.34375,116.34375,116.28125,116.28125,660
2026-03-30T18:30:00,116.3125,116.3125,116.25,116.25,1381
2026-03-30T18:35:00,116.25,116.3125,116.25,116.3125,1912
2026-03-30T18:40:00,116.28125,116.34375,116.28125,116.3125,1681
2026-03-30T18:45:00,116.28125,116.34375,116.28125,116.34375,576
2026-03-30T18:50:00,116.3125,116.40625,116.3125,116.375,1580
2026-03-30T18:55:00,116.40625,116.40625,116.28125,116.34375,4149
2026-03-30T19:00:00,116.3125,116.34375,116.28125,116.3125,3058
2026-03-30T19:05:00,116.28125,116.3125,116.25,116.25,1426
2026-03-30T19:10:00,116.25,116.25,116.15625,116.1875,1600
2026-03-30T19:15:00,116.1875,116.28125,116.1875,116.25,1334
2026-03-30T19:20:00,116.25,116.3125,116.25,116.28125,961
2026-03-30T19:25:00,116.25,116.3125,116.25,116.28125,2243
2026-03-30T19:30:00,116.25,116.28125,116.25,116.28125,714
2026-03-30T19:35:00,116.28125,116.34375,116.28125,116.3125,1340
2026-03-30T19:40:00,116.3125,116.34375,116.28125,116.34375,1239
2026-03-30T19:45:00,116.34375,116.375,116.3125,116.375,3954
2026-03-30T19:50:00,116.34375,116.4375,116.34375,116.40625,3782
2026-03-30T19:55:00,116.375,116.46875,116.375,116.40625,11814
2026-03-30T20:00:00,116.40625,116.4375,116.28125,116.28125,7716
2026-03-30T20:05:00,116.3125,116.3125,116.21875,116.21875,1260
2026-03-30T20:10:00,116.21875,116.25,116.1875,116.1875,972
2026-03-30T20:15:00,116.1875,116.21875,116.1875,116.1875,658
2026-03-30T20:20:00,116.1875,116.21875,116.1875,116.21875,1359
2026-03-30T20:25:00,116.21875,116.28125,116.1875,116.25,1291
2026-03-30T20:30:00,116.28125,116.28125,116.25,116.25,653
2026-03-30T20:35:00,116.25,116.28125,116.25,116.28125,353
2026-03-30T20:40:00,116.25,116.25,116.21875,116.21875,756
2026-03-30T20:45:00,116.21875,116.28125,116.21875,116.25,678
2026-03-30T20:50:00,116.25,116.28125,116.125,116.1875,3961
2026-03-30T20:55:00,116.21875,116.21875,116.15625,116.15625,1055
2026-03-30T22:00:00,116.1875,116.21875,116.125,116.125,173
2026-03-30T22:05:00,116.15625,116.15625,116.15625,116.15625,44
2026-03-30T22:10:00,116.15625,116.15625,116.125,116.125,55
2026-03-30T22:15:00,116.125,116.125,116.125,116.125,356
2026-03-30T22:20:00,116.125,116.125,116.125,116.125,2
2026-03-30T22:30:00,116.125,116.125,116.125,116.125,547
2026-03-30T22:35:00,116.15625,116.15625,116.125,116.125,96
2026-03-30T22:40:00,116.125,116.125,116.125,116.125,103
2026-03-30T22:45:00,116.125,116.125,116.09375,116.09375,96
2026-03-30T22:50:00,116.09375,116.125,116.09375,116.125,111
2026-03-30T22:55:00,116.09375,116.09375,116.09375,116.09375,2
2026-03-30T23:00:00,116.125,116.125,116.09375,116.09375,261
2026-03-30T23:05:00,116.0625,116.0625,116.0,116.0,222
2026-03-30T23:10:00,116.03125,116.0625,116.03125,116.0625,85
2026-03-30T23:15:00,116.0625,116.0625,116.0625,116.0625,85
2026-03-30T23:20:00,116.0625,116.0625,116.0625,116.0625,8
2026-03-30T23:25:00,116.09375,116.09375,116.09375,116.09375,102
2026-03-30T23:30:00,116.09375,116.125,116.09375,116.09375,105
2026-03-30T23:35:00,116.09375,116.15625,116.09375,116.125,192
2026-03-30T23:40:00,116.125,116.125,116.125,116.125,32
2026-03-30T23:45:00,116.125,116.15625,116.09375,116.125,249
2026-03-30T23:50:00,116.15625,116.15625,116.125,116.125,65
2026-03-30T23:55:00,116.15625,116.15625,116.15625,116.15625,79
2026-03-31T00:00:00,116.15625,116.15625,116.09375,116.09375,554
2026-03-31T00:05:00,116.09375,116.15625,116.09375,116.09375,148
2026-03-31T00:10:00,116.09375,116.09375,116.0625,116.0625,376
2026-03-31T00:15:00,116.09375,116.09375,116.0,116.0,408
2026-03-31T00:20:00,116.03125,116.0625,116.03125,116.0625,420
2026-03-31T00:25:00,116.0625,116.09375,116.0625,116.09375,75
2026-03-31T00:30:00,116.0625,116.125,116.0625,116.09375,89
2026-03-31T00:35:00,116.125,116.28125,116.09375,116.28125,1143
2026-03-31T00:40:00,116.28125,116.34375,116.25,116.34375,664
2026-03-31T00:45:00,116.375,116.5,116.375,116.46875,2152
2026-03-31T00:50:00,116.46875,116.5,116.375,116.4375,603
2026-03-31T00:55:00,116.4375,116.46875,116.4375,116.46875,901
2026-03-31T01:00:00,116.5,116.5625,116.40625,116.40625,1346
2026-03-31T01:05:00,116.40625,116.4375,116.375,116.40625,553
2026-03-31T01:10:00,116.40625,116.4375,116.40625,116.4375,378
2026-03-31T01:15:00,116.46875,116.5625,116.46875,116.5625,313
2026-03-31T01:20:00,116.53125,116.59375,116.5,116.5625,495
2026-03-31T01:25:00,116.5625,116.59375,116.5,116.5625,424
2026-03-31T01:30:00,116.5625,116.625,116.5625,116.59375,851
2026-03-31T01:35:00,116.59375,116.65625,116.59375,116.59375,467
2026-03-31T01:40:00,116.59375,116.625,116.59375,116.59375,370
2026-03-31T01:45:00,116.59375,116.59375,116.53125,116.5625,107
2026-03-31T01:50:00,116.59375,116.625,116.5625,116.625,452
2026-03-31T01:55:00,116.625,116.65625,116.53125,116.5625,213
2026-03-31T02:00:00,116.53125,116.59375,116.53125,116.5625,111
2026-03-31T02:05:00,116.53125,116.59375,116.53125,116.59375,73
2026-03-31T02:10:00,116.59375,116.59375,116.53125,116.53125,276
2026-03-31T02:15:00,116.5625,116.5625,116.5,116.53125,282
2026-03-31T02:20:00,116.53125,116.53125,116.53125,116.53125,177
2026-03-31T02:25:00,116.53125,116.5625,116.53125,116.53125,102
2026-03-31T02:30:00,116.5625,116.5625,116.53125,116.53125,207
2026-03-31T02:35:00,116.53125,116.59375,116.53125,116.59375,82
2026-03-31T02:40:00,116.59375,116.59375,116.5625,116.59375,296
2026-03-31T02:45:00,116.59375,116.59375,116.5625,116.5625,57
2026-03-31T02:50:00,116.59375,116.625,116.59375,116.59375,64
2026-03-31T02:55:00,116.59375,116.59375,116.5625,116.59375,143
2026-03-31T03:00:00,116.5625,116.59375,116.5625,116.59375,253
2026-03-31T03:05:00,116.59375,116.65625,116.59375,116.625,387
2026-03-31T03:10:00,116.65625,116.65625,116.625,116.625,36
2026-03-31T03:15:00,116.65625,116.65625,116.625,116.65625,191
2026-03-31T03:20:00,116.625,116.65625,116.625,116.625,168
2026-03-31T03:25:00,116.625,116.625,116.59375,116.59375,93
2026-03-31T03:30:00,116.625,116.625,116.59375,116.59375,162
2026-03-31T03:35:00,116.59375,116.59375,116.53125,116.5625,140
2026-03-31T03:40:00,116.5625,116.59375,116.53125,116.5625,258
2026-03-31T03:45:00,116.5625,116.5625,116.53125,116.53125,255
2026-03-31T03:50:00,116.5625,116.5625,116.53125,116.53125,28
2026-03-31T03:55:00,116.53125,116.5625,116.53125,116.5625,133
2026-03-31T04:00:00,116.5625,116.59375,116.5625,116.5625,87
2026-03-31T04:05:00,116.5625,116.5625,116.5625,116.5625,102
2026-03-31T04:10:00,116.5625,116.59375,116.5625,116.59375,89
2026-03-31T04:15:00,116.5625,116.59375,116.5625,116.5625,162
2026-03-31T04:20:00,116.5625,116.59375,116.5625,116.5625,11
2026-03-31T04:25:00,116.5625,116.59375,116.5625,116.5625,43
2026-03-31T04:30:00,116.5625,116.625,116.5625,116.59375,776
2026-03-31T04:35:00,116.59375,116.59375,116.5625,116.59375,210
2026-03-31T04:40:00,116.5625,116.59375,116.53125,116.5625,448
2026-03-31T04:45:00,116.5625,116.59375,116.5625,116.5625,428
2026-03-31T04:50:00,116.5625,116.625,116.53125,116.625,579
2026-03-31T04:55:00,116.59375,116.65625,116.59375,116.65625,250
2026-03-31T05:00:00,116.65625,116.6875,116.625,116.65625,224
2026-03-31T05:05:00,116.6875,116.71875,116.65625,116.6875,541
2026-03-31T05:10:00,116.65625,116.65625,116.625,116.625,257
2026-03-31T05:15:00,116.625,116.625,116.625,116.625,159
2026-03-31T05:20:00,116.625,116.625,116.59375,116.625,244
2026-03-31T05:25:00,116.625,116.625,116.5625,116.59375,369
2026-03-31T05:30:00,116.59375,116.625,116.5625,116.59375,100
2026-03-31T05:35:00,116.5625,116.5625,116.53125,116.5625,170
2026-03-31T05:40:00,116.59375,116.59375,116.5625,116.59375,426
2026-03-31T05:45:00,116.5625,116.59375,116.5625,116.5625,459
2026-03-31T05:50:00,116.53125,116.5625,116.53125,116.53125,256
2026-03-31T05:55:00,116.5625,116.5625,116.53125,116.53125,117
2026-03-31T06:00:00,116.5,116.625,116.5,116.59375,727
2026-03-31T06:05:00,116.625,116.65625,116.59375,116.59375,572
2026-03-31T06:10:00,116.59375,116.65625,116.59375,116.59375,523
2026-03-31T06:15:00,116.5625,116.5625,116.5,116.53125,512
2026-03-31T06:20:00,116.53125,116.59375,116.53125,116.59375,291
2026-03-31T06:25:00,116.5625,116.59375,116.53125,116.59375,450
2026-03-31T06:30:00,116.59375,116.59375,116.5,116.5,743
2026-03-31T06:35:00,116.5,116.5,116.5,116.5,337
2026-03-31T06:40:00,116.46875,116.5,116.40625,116.40625,443
2026-03-31T06:45:00,116.4375,116.4375,116.4375,116.4375,494
2026-03-31T06:50:00,116.4375,116.46875,116.4375,116.4375,450
2026-03-31T06:55:00,116.4375,116.5,116.4375,116.5,687
2026-03-31T07:00:00,116.5,116.5,116.4375,116.5,1638
2026-03-31T07:05:00,116.5,116.5,116.4375,116.4375,666
2026-03-31T07:10:00,116.40625,116.4375,116.3125,116.34375,947
2026-03-31T07:15:00,116.34375,116.4375,116.34375,116.40625,611
2026-03-31T07:20:00,116.40625,116.4375,116.375,116.375,442
2026-03-31T07:25:00,116.375,116.4375,116.34375,116.40625,492
2026-03-31T07:30:00,116.4375,116.46875,116.4375,116.46875,810
2026-03-31T07:35:00,116.5,116.59375,116.5,116.59375,621
2026-03-31T07:40:00,116.5625,116.65625,116.5625,116.65625,864
2026-03-31T07:45:00,116.65625,116.84375,116.65625,116.84375,1169
2026-03-31T07:50:00,116.84375,116.84375,116.78125,116.78125,532
2026-03-31T07:55:00,116.8125,116.8125,116.78125,116.78125,737
2026-03-31T08:00:00,116.78125,116.8125,116.6875,116.78125,987
2026-03-31T08:05:00,116.78125,116.8125,116.6875,116.71875,1606
2026-03-31T08:10:00,116.6875,116.6875,116.625,116.65625,794
2026-03-31T08:15:00,116.65625,116.71875,116.65625,116.71875,482
2026-03-31T08:20:00,116.71875,116.75,116.65625,116.6875,574
2026-03-31T08:25:00,116.6875,116.71875,116.65625,116.6875,334
2026-03-31T08:30:00,116.6875,116.6875,116.625,116.625,635
2026-03-31T08:35:00,116.65625,116.65625,116.5625,116.59375,553
2026-03-31T08:40:00,116.59375,116.59375,116.53125,116.59375,694
2026-03-31T08:45:00,116.625,116.65625,116.59375,116.625,380
2026-03-31T08:50:00,116.625,116.65625,116.5625,116.59375,1315
2026-03-31T08:55:00,116.59375,116.59375,116.53125,116.5625,448
2026-03-31T09:00:00,116.5625,116.59375,116.53125,116.59375,1113
2026-03-31T09:05:00,116.625,116.625,116.5625,116.5625,370
2026-03-31T09:10:00,116.53125,116.5625,116.53125,116.5625,239
2026-03-31T09:15:00,116.59375,116.59375,116.53125,116.5625,360
2026-03-31T09:20:00,116.5625,116.59375,116.5625,116.59375,573
2026-03-31T09:25:00,116.59375,116.625,116.53125,116.5625,446
2026-03-31T09:30:00,116.53125,116.53125,116.5,116.5,285
2026-03-31T09:35:00,116.5,116.5,116.46875,116.46875,235
2026-03-31T09:40:00,116.5,116.5,116.46875,116.5,367
2026-03-31T09:45:00,116.5,116.53125,116.46875,116.5,275
2026-03-31T09:50:00,116.5,116.53125,116.46875,116.46875,436
2026-03-31T09:55:00,116.46875,116.5,116.46875,116.5,455
2026-03-31T10:00:00,116.5,116.53125,116.4375,116.46875,668
2026-03-31T10:05:00,116.46875,116.53125,116.46875,116.5,203
2026-03-31T10:10:00,116.46875,116.5,116.4375,116.4375,330
2026-03-31T10:15:00,116.4375,116.46875,116.4375,116.4375,184
2026-03-31T10:20:00,116.4375,116.4375,116.40625,116.40625,278
2026-03-31T10:25:00,116.4375,116.4375,116.40625,116.4375,516
2026-03-31T10:30:00,116.4375,116.46875,116.40625,116.40625,1067
2026-03-31T10:35:00,116.40625,116.40625,116.25,116.28125,1252
2026-03-31T10:40:00,116.25,116.3125,116.25,116.28125,704
2026-03-31T10:45:00,116.3125,116.3125,116.28125,116.28125,507
2026-03-31T10:50:00,116.3125,116.375,116.28125,116.375,598
2026-03-31T10:55:00,116.375,116.40625,116.34375,116.375,402
2026-03-31T11:00:00,116.40625,116.4375,116.34375,116.40625,1024
2026-03-31T11:05:00,116.40625,116.40625,116.375,116.375,191
2026-03-31T11:10:00,116.375,116.625,116.3125,116.5,4656
2026-03-31T11:15:00,116.5,116.625,116.46875,116.625,2330
2026-03-31T11:20:00,116.625,116.65625,116.5625,116.65625,1714
2026-03-31T11:25:00,116.6875,116.71875,116.65625,116.65625,1446
2026-03-31T11:30:00,116.65625,116.65625,116.53125,116.5625,707
2026-03-31T11:35:00,116.5625,116.6875,116.53125,116.6875,1227
2026-03-31T11:40:00,116.6875,116.78125,116.6875,116.78125,1330
2026-03-31T11:45:00,116.8125,116.8125,116.75,116.75,1161
2026-03-31T11:50:00,116.75,116.75,116.65625,116.6875,1030
2026-03-31T11:55:00,116.6875,116.75,116.6875,116.75,874
2026-03-31T12:00:00,116.75,116.78125,116.6875,116.71875,2346
2026-03-31T12:05:00,116.71875,116.8125,116.71875,116.8125,1805
2026-03-31T12:10:00,116.8125,116.8125,116.65625,116.65625,2683
2026-03-31T12:15:00,116.625,116.75,116.59375,116.71875,2568
2026-03-31T12:20:00,116.71875,116.78125,116.5625,116.5625,1648
2026-03-31T12:25:00,116.5625,116.65625,116.5,116.65625,3083
2026-03-31T12:30:00,116.625,116.65625,116.5625,116.59375,3850
2026-03-31T12:35:00,116.625,116.6875,116.59375,116.59375,2389
2026-03-31T12:40:00,116.625,116.71875,116.625,116.71875,1085
2026-03-31T12:45:00,116.6875,116.6875,116.65625,116.6875,1349
2026-03-31T12:50:00,116.6875,116.75,116.65625,116.6875,1769
2026-03-31T12:55:00,116.6875,116.6875,116.625,116.65625,2203
2026-03-31T13:00:00,116.6875,116.6875,116.40625,116.40625,4999
2026-03-31T13:05:00,116.4375,116.53125,116.375,116.5,2859
2026-03-31T13:10:00,116.5,116.5625,116.4375,116.5625,2244
2026-03-31T13:15:00,116.5625,116.6875,116.5625,116.65625,6145
2026-03-31T13:20:00,116.65625,116.71875,116.65625,116.6875,1817
2026-03-31T13:25:00,116.6875,116.6875,116.59375,116.59375,1670
2026-03-31T13:30:00,116.59375,116.625,116.46875,116.59375,2781
2026-03-31T13:35:00,116.5625,116.5625,116.4375,116.46875,2109
2026-03-31T13:40:00,116.46875,116.5,116.4375,116.46875,2216
2026-03-31T13:45:00,116.5,116.59375,116.46875,116.46875,3721
2026-03-31T13:50:00,116.46875,116.53125,116.375,116.5,3099
2026-03-31T13:55:00,116.46875,116.5,116.4375,116.4375,2545
2026-03-31T14:00:00,116.46875,116.5,116.40625,116.4375,3135
2026-03-31T14:05:00,116.4375,116.46875,116.3125,116.375,3231
2026-03-31T14:10:00,116.34375,116.46875,116.3125,116.46875,2397
2026-03-31T14:15:00,116.46875,116.53125,116.4375,116.46875,3076
2026-03-31T14:20:00,116.46875,116.5,116.34375,116.40625,3398
2026-03-31T14:25:00,116.40625,116.40625,116.34375,116.375,2730
2026-03-31T14:30:00,116.375,116.40625,116.28125,116.375,2783
2026-03-31T14:35:00,116.375,116.375,116.1875,116.21875,3952
2026-03-31T14:40:00,116.21875,116.25,116.15625,116.21875,2325
2026-03-31T14:45:00,116.25,116.28125,116.1875,116.1875,3409
2026-03-31T14:50:00,116.1875,116.28125,116.15625,116.25,3579
2026-03-31T14:55:00,116.25,116.375,116.25,116.34375,4685
2026-03-31T15:00:00,116.34375,116.34375,116.15625,116.1875,11450
2026-03-31T15:05:00,116.1875,116.25,116.15625,116.21875,3527
2026-03-31T15:10:00,116.21875,116.25,116.125,116.21875,12568
2026-03-31T15:15:00,116.21875,116.28125,116.15625,116.21875,3599
2026-03-31T15:20:00,116.1875,116.21875,116.09375,116.21875,3887
2026-03-31T15:25:00,116.21875,116.28125,116.15625,116.1875,3514
2026-03-31T15:30:00,116.1875,116.21875,116.09375,116.21875,3158
2026-03-31T15:35:00,116.21875,116.28125,116.21875,116.25,2321
2026-03-31T15:40:00,116.28125,116.375,116.25,116.28125,1960
2026-03-31T15:45:00,116.28125,116.3125,116.25,116.28125,1765
2026-03-31T15:50:00,116.28125,116.34375,116.28125,116.3125,1694
2026-03-31T15:55:00,116.3125,116.34375,116.21875,116.25,1341
2026-03-31T16:00:00,116.25,116.28125,116.15625,116.1875,2198
2026-03-31T16:05:00,116.1875,116.25,116.125,116.25,1369
2026-03-31T16:10:00,116.21875,116.21875,116.15625,116.21875,1116
2026-03-31T16:15:00,116.21875,116.28125,116.21875,116.21875,1711
2026-03-31T16:20:00,116.21875,116.28125,116.1875,116.28125,1707
2026-03-31T16:25:00,116.3125,116.375,116.28125,116.375,2716
2026-03-31T16:30:00,116.375,116.4375,116.34375,116.4375,2505
2026-03-31T16:35:00,116.40625,116.625,116.40625,116.625,5918
2026-03-31T16:40:00,116.625,116.84375,116.625,116.71875,12352
2026-03-31T16:45:00,116.71875,116.78125,116.59375,116.6875,5263
2026-03-31T16:50:00,116.6875,116.78125,116.59375,116.625,3717
2026-03-31T16:55:00,116.625,116.65625,116.5625,116.5625,2454
2026-03-31T17:00:00,116.5625,116.78125,116.5625,116.71875,4544
2026-03-31T17:05:00,116.71875,116.78125,116.6875,116.6875,6648
2026-03-31T17:10:00,116.6875,116.75,116.625,116.71875,6694
2026-03-31T17:15:00,116.75,116.78125,116.625,116.6875,2906
2026-03-31T17:20:00,116.71875,116.75,116.65625,116.6875,2471
2026-03-31T17:25:00,116.6875,116.6875,116.53125,116.59375,2444
2026-03-31T17:30:00,116.59375,116.6875,116.5625,116.6875,2159
2026-03-31T17:35:00,116.6875,116.71875,116.53125,116.59375,6110
2026-03-31T17:40:00,116.59375,116.71875,116.59375,116.71875,3532
2026-03-31T17:45:00,116.6875,116.6875,116.625,116.625,1686
2026-03-31T17:50:00,116.625,116.625,116.59375,116.59375,1842
2026-03-31T17:55:00,116.59375,116.625,116.5,116.5,1205
2026-03-31T18:00:00,116.53125,116.59375,116.5,116.59375,2187
2026-03-31T18:05:00,116.59375,116.65625,116.5625,116.65625,1693
2026-03-31T18:10:00,116.65625,116.6875,116.625,116.65625,1128
2026-03-31T18:15:00,116.6875,116.6875,116.65625,116.6875,1202
2026-03-31T18:20:00,116.65625,116.6875,116.59375,116.59375,2243
2026-03-31T18:25:00,116.59375,116.65625,116.59375,116.625,2954
2026-03-31T18:30:00,116.65625,116.65625,116.53125,116.59375,2927
2026-03-31T18:35:00,116.59375,116.6875,116.59375,116.65625,1600
2026-03-31T18:40:00,116.65625,116.65625,116.53125,116.5625,2296
2026-03-31T18:45:00,116.5625,116.625,116.53125,116.53125,1054
2026-03-31T18:50:00,116.5625,116.59375,116.53125,116.5625,1281
2026-03-31T18:55:00,116.5625,116.65625,116.5625,116.59375,7177
2026-03-31T19:00:00,116.5625,116.59375,116.4375,116.4375,7341
2026-03-31T19:05:00,116.4375,116.5,116.40625,116.5,4467
2026-03-31T19:10:00,116.5,116.59375,116.46875,116.59375,3062
2026-03-31T19:15:00,116.625,116.6875,116.59375,116.6875,2419
2026-03-31T19:20:00,116.65625,116.71875,116.65625,116.6875,1704
2026-03-31T19:25:00,116.71875,116.78125,116.65625,116.78125,2178
2026-03-31T19:30:00,116.78125,116.90625,116.78125,116.84375,2986
2026-03-31T19:35:00,116.875,116.90625,116.78125,116.875,3621
2026-03-31T19:40:00,116.875,116.875,116.78125,116.84375,5133
2026-03-31T19:45:00,116.84375,116.84375,116.75,116.78125,7840
2026-03-31T19:50:00,116.8125,116.875,116.71875,116.78125,6842
2026-03-31T19:55:00,116.78125,116.78125,116.1875,116.25,82172
2026-03-31T20:00:00,116.25,116.3125,116.03125,116.1875,50548
2026-03-31T20:05:00,116.15625,116.21875,116.125,116.15625,4446
2026-03-31T20:10:00,116.15625,116.1875,116.03125,116.1875,4740
2026-03-31T20:15:00,116.1875,116.21875,116.125,116.125,2838
2026-03-31T20:20:00,116.125,116.28125,116.125,116.28125,4618
2026-03-31T20:25:00,116.28125,116.34375,116.28125,116.3125,3770
2026-03-31T20:30:00,116.34375,116.34375,116.28125,116.3125,2638
2026-03-31T20:35:00,116.3125,116.3125,116.25,116.25,2307
2026-03-31T20:40:00,116.25,116.3125,116.25,116.25,2165
2026-03-31T20:45:00,116.25,116.25,116.125,116.15625,3065
2026-03-31T20:50:00,116.1875,116.21875,116.15625,116.1875,753
2026-03-31T20:55:00,116.15625,116.21875,116.15625,116.21875,1764
2026-03-31T22:00:00,116.1875,116.25,116.15625,116.21875,179
2026-03-31T22:05:00,116.21875,116.21875,116.1875,116.21875,160
2026-03-31T22:10:00,116.21875,116.21875,116.1875,116.21875,109
2026-03-31T22:15:00,116.25,116.25,116.25,116.25,168
2026-03-31T22:20:00,116.21875,116.21875,116.1875,116.1875,317
2026-03-31T22:25:00,116.1875,116.1875,116.15625,116.1875,182
2026-03-31T22:30:00,116.1875,116.25,116.1875,116.25,236
2026-03-31T22:35:00,116.25,116.28125,116.21875,116.28125,154
2026-03-31T22:40:00,116.28125,116.28125,116.28125,116.28125,14
2026-03-31T22:45:00,116.28125,116.3125,116.28125,116.28125,57
2026-03-31T22:50:00,116.28125,116.28125,116.25,116.28125,14
2026-03-31T22:55:00,116.28125,116.28125,116.25,116.25,152
2026-03-31T23:00:00,116.25,116.28125,116.25,116.28125,71
2026-03-31T23:05:00,116.25,116.28125,116.25,116.25,77
2026-03-31T23:10:00,116.25,116.25,116.1875,116.1875,134
2026-03-31T23:15:00,116.21875,116.21875,116.1875,116.21875,614
2026-03-31T23:25:00,116.21875,116.25,116.21875,116.25,38
2026-03-31T23:30:00,116.25,116.28125,116.25,116.28125,63
2026-03-31T23:35:00,116.28125,116.34375,116.28125,116.34375,305
2026-03-31T23:40:00,116.375,116.375,116.375,116.375,220
2026-03-31T23:45:00,116.34375,116.40625,116.34375,116.375,266
2026-03-31T23:50:00,116.375,116.375,116.375,116.375,229
2026-03-31T23:55:00,116.375,116.40625,116.375,116.40625,363
2026-04-01T00:00:00,116.375,116.4375,116.34375,116.4375,794
2026-04-01T00:05:00,116.40625,116.46875,116.40625,116.46875,571
2026-04-01T00:10:00,116.4375,116.5,116.4375,116.46875,736
2026-04-01T00:15:00,116.46875,116.5625,116.46875,116.5625,459
2026-04-01T00:20:00,116.53125,116.5625,116.5,116.53125,551
2026-04-01T00:25:00,116.53125,116.53125,116.53125,116.53125,47
2026-04-01T00:30:00,116.5,116.53125,116.5,116.53125,49
2026-04-01T00:35:00,116.53125,116.59375,116.53125,116.59375,608
2026-04-01T00:40:00,116.59375,116.59375,116.5625,116.59375,486
2026-04-01T00:45:00,116.59375,116.59375,116.53125,116.5625,709
2026-04-01T00:50:00,116.53125,116.5625,116.53125,116.53125,198
2026-04-01T00:55:00,116.5,116.53125,116.5,116.53125,441
2026-04-01T01:00:00,116.53125,116.5625,116.5,116.53125,630
2026-04-01T01:05:00,116.53125,116.53125,116.5,116.53125,545
2026-04-01T01:10:00,116.53125,116.5625,116.5,116.53125,152
2026-04-01T01:15:00,116.53125,116.59375,116.5,116.59375,186
2026-04-01T01:20:00,116.5625,116.5625,116.53125,116.5625,137
2026-04-01T01:25:00,116.5625,116.59375,116.5625,116.5625,241
2026-04-01T01:30:00,116.59375,116.59375,116.5625,116.5625,828
2026-04-01T01:35:00,116.53125,116.5625,116.53125,116.53125,364
2026-04-01T01:40:00,116.53125,116.53125,116.5,116.5,198
2026-04-01T01:45:00,116.5,116.53125,116.5,116.53125,108
2026-04-01T01:50:00,116.5625,116.59375,116.53125,116.59375,119
2026-04-01T01:55:00,116.59375,116.59375,116.5625,116.59375,298
2026-04-01T02:00:00,116.59375,116.59375,116.5625,116.59375,35
2026-04-01T02:05:00,116.59375,116.59375,116.5625,116.59375,11
2026-04-01T02:10:00,116.59375,116.59375,116.5625,116.59375,198
2026-04-01T02:15:00,116.59375,116.59375,116.59375,116.59375,300
2026-04-01T02:20:00,116.59375,116.59375,116.5625,116.5625,42
2026-04-01T02:25:00,116.5625,116.59375,116.5625,116.5625,39
2026-04-01T02:30:00,116.5625,116.59375,116.5625,116.59375,364
2026-04-01T02:35:00,116.59375,116.625,116.5625,116.59375,135
2026-04-01T02:40:00,116.59375,116.625,116.59375,116.59375,224
2026-04-01T02:45:00,116.625,116.65625,116.625,116.65625,113
2026-04-01T02:50:00,116.65625,116.65625,116.625,116.65625,131
2026-04-01T02:55:00,116.625,116.65625,116.625,116.65625,50
2026-04-01T03:00:00,116.625,116.6875,116.625,116.65625,138
2026-04-01T03:05:00,116.65625,116.6875,116.65625,116.6875,518
2026-04-01T03:10:00,116.6875,116.71875,116.65625,116.6875,313
2026-04-01T03:15:00,116.6875,116.71875,116.65625,116.6875,140
2026-04-01T03:20:00,116.6875,116.71875,116.6875,116.6875,101
2026-04-01T03:25:00,116.71875,116.71875,116.6875,116.71875,64
2026-04-01T03:30:00,116.71875,116.71875,116.6875,116.6875,23
2026-04-01T03:35:00,116.6875,116.75,116.6875,116.71875,490
2026-04-01T03:40:00,116.71875,116.71875,116.6875,116.6875,123
2026-04-01T03:45:00,116.6875,116.71875,116.65625,116.65625,512
2026-04-01T03:50:00,116.65625,116.65625,116.625,116.65625,29
2026-04-01T03:55:00,116.625,116.65625,116.625,116.65625,47
2026-04-01T04:00:00,116.625,116.65625,116.625,116.65625,34
2026-04-01T04:05:00,116.65625,116.6875,116.65625,116.6875,160
2026-04-01T04:10:00,116.65625,116.6875,116.65625,116.65625,31
2026-04-01T04:15:00,116.65625,116.6875,116.65625,116.65625,13
2026-04-01T04:20:00,116.65625,116.6875,116.65625,116.65625,25
2026-04-01T04:25:00,116.6875,116.6875,116.625,116.65625,479
2026-04-01T04:30:00,116.65625,116.6875,116.65625,116.65625,102
2026-04-01T04:35:00,116.65625,116.6875,116.625,116.6875,230
2026-04-01T04:40:00,116.6875,116.6875,116.65625,116.65625,15
2026-04-01T04:45:00,116.65625,116.6875,116.65625,116.6875,215
2026-04-01T04:50:00,116.65625,116.71875,116.65625,116.6875,556
2026-04-01T04:55:00,116.6875,116.6875,116.65625,116.6875,129
2026-04-01T05:00:00,116.71875,116.71875,116.6875,116.6875,242
2026-04-01T05:05:00,116.71875,116.71875,116.6875,116.71875,20
2026-04-01T05:10:00,116.71875,116.75,116.6875,116.71875,243
2026-04-01T05:15:00,116.71875,116.75,116.71875,116.75,17
2026-04-01T05:20:00,116.75,116.75,116.71875,116.71875,47
2026-04-01T05:25:00,116.75,116.78125,116.71875,116.71875,629
2026-04-01T05:30:00,116.71875,116.78125,116.71875,116.75,471
2026-04-01T05:35:00,116.75,116.78125,116.75,116.78125,189
2026-04-01T05:40:00,116.8125,116.84375,116.8125,116.84375,135
2026-04-01T05:45:00,116.84375,116.84375,116.8125,116.84375,279
2026-04-01T05:50:00,116.84375,116.875,116.84375,116.875,665
2026-04-01T05:55:00,116.84375,116.875,116.84375,116.84375,12
2026-04-01T06:00:00,116.875,116.90625,116.875,116.875,643
2026-04-01T06:05:00,116.875,116.9375,116.875,116.90625,191
2026-04-01T06:10:00,116.875,116.96875,116.875,116.96875,819
2026-04-01T06:15:00,116.96875,116.96875,116.90625,116.96875,929
2026-04-01T06:20:00,116.96875,117.0,116.96875,116.96875,1321
2026-04-01T06:25:00,117.0,117.0625,116.96875,117.0625,869
2026-04-01T06:30:00,117.0625,117.125,117.0625,117.09375,1118
2026-04-01T06:35:00,117.0625,117.09375,117.03125,117.0625,1798
2026-04-01T06:40:00,117.0625,117.15625,117.0625,117.125,847
2026-04-01T06:45:00,117.125,117.125,117.0625,117.09375,523
2026-04-01T06:50:00,117.09375,117.125,117.0625,117.125,1108
2026-04-01T06:55:00,117.125,117.125,117.09375,117.125,899
2026-04-01T07:00:00,117.125,117.1875,117.0625,117.125,2394
2026-04-01T07:05:00,117.125,117.15625,117.09375,117.15625,1111
2026-04-01T07:10:00,117.15625,117.1875,117.09375,117.15625,922
2026-04-01T07:15:00,117.125,117.1875,117.125,117.15625,821
2026-04-01T07:20:00,117.125,117.15625,117.09375,117.15625,1114
2026-04-01T07:25:00,117.15625,117.21875,117.125,117.21875,1028
2026-04-01T07:30:00,117.1875,117.21875,117.15625,117.1875,1717
2026-04-01T07:35:00,117.1875,117.21875,117.125,117.1875,976
2026-04-01T07:40:00,117.1875,117.21875,117.15625,117.1875,189
2026-04-01T07:45:00,117.21875,117.21875,117.09375,117.125,1180
2026-04-01T07:50:00,117.125,117.125,117.0,117.03125,1419
2026-04-01T07:55:00,117.03125,117.0625,116.90625,116.9375,2193
2026-04-01T08:00:00,116.9375,116.96875,116.875,116.9375,1743
2026-04-01T08:05:00,116.96875,116.96875,116.90625,116.90625,433
2026-04-01T08:10:00,116.875,116.90625,116.875,116.90625,1421
2026-04-01T08:15:00,116.90625,116.9375,116.90625,116.9375,1086
2026-04-01T08:20:00,116.9375,117.0,116.9375,117.0,945
2026-04-01T08:25:00,117.0,117.03125,116.96875,116.96875,510
2026-04-01T08:30:00,116.96875,117.03125,116.96875,117.0,881
2026-04-01T08:35:00,117.0,117.03125,116.96875,117.03125,439
2026-04-01T08:40:00,117.03125,117.03125,117.0,117.03125,165
2026-04-01T08:45:00,117.0625,117.0625,117.0,117.03125,533
2026-04-01T08:50:00,117.03125,117.0625,116.96875,116.96875,1155
2026-04-01T08:55:00,116.96875,117.03125,116.9375,117.03125,427
2026-04-01T09:00:00,117.0,117.0625,117.0,117.03125,427
2026-04-01T09:05:00,117.03125,117.03125,117.0,117.0,365
2026-04-01T09:10:00,117.0,117.0,116.96875,117.0,562
2026-04-01T09:15:00,116.96875,117.0,116.9375,116.9375,1001
2026-04-01T09:20:00,116.9375,116.96875,116.90625,116.90625,712
2026-04-01T09:25:00,116.90625,116.9375,116.90625,116.9375,504
2026-04-01T09:30:00,116.9375,116.96875,116.875,116.9375,943
2026-04-01T09:35:00,116.9375,117.0,116.9375,116.9375,480
2026-04-01T09:40:00,116.9375,116.96875,116.90625,116.90625,237
2026-04-01T09:45:00,116.9375,116.96875,116.9375,116.96875,507
2026-04-01T09:50:00,117.0,117.0,116.9375,116.9375,669
2026-04-01T09:55:00,116.90625,116.9375,116.875,116.90625,679
2026-04-01T10:00:00,116.90625,116.90625,116.8125,116.84375,939
2026-04-01T10:05:00,116.8125,116.875,116.8125,116.84375,812
2026-04-01T10:10:00,116.84375,116.84375,116.78125,116.78125,877
2026-04-01T10:15:00,116.78125,116.8125,116.75,116.78125,498
2026-04-01T10:20:00,116.78125,116.8125,116.78125,116.8125,426
2026-04-01T10:25:00,116.78125,116.78125,116.75,116.78125,800
2026-04-01T10:30:00,116.78125,116.8125,116.71875,116.71875,403
2026-04-01T10:35:00,116.75,116.78125,116.71875,116.78125,567
2026-04-01T10:40:00,116.8125,116.8125,116.78125,116.8125,341
2026-04-01T10:45:00,116.8125,116.84375,116.8125,116.8125,691
2026-04-01T10:50:00,116.8125,116.84375,116.75,116.75,431
2026-04-01T10:55:00,116.75,116.78125,116.6875,116.75,981
2026-04-01T11:00:00,116.75,116.75,116.71875,116.75,788
2026-04-01T11:05:00,116.71875,116.71875,116.6875,116.6875,947
2026-04-01T11:10:00,116.65625,116.6875,116.625,116.65625,1016
2026-04-01T11:15:00,116.6875,116.6875,116.65625,116.6875,546
2026-04-01T11:20:00,116.6875,116.75,116.6875,116.75,444
2026-04-01T11:25:00,116.75,116.78125,116.75,116.78125,638
2026-04-01T11:30:00,116.75,116.78125,116.6875,116.6875,1139
2026-04-01T11:35:00,116.6875,116.75,116.65625,116.75,1483
2026-04-01T11:40:00,116.78125,116.78125,116.71875,116.75,1619
2026-04-01T11:45:00,116.78125,116.8125,116.75,116.78125,1987
2026-04-01T11:50:00,116.78125,116.84375,116.78125,116.78125,1968
2026-04-01T11:55:00,116.78125,116.78125,116.75,116.78125,761
2026-04-01T12:00:00,116.75,116.8125,116.75,116.75,1267
2026-04-01T12:05:00,116.75,116.75,116.65625,116.71875,1719
2026-04-01T12:10:00,116.71875,116.71875,116.65625,116.6875,2137
2026-04-01T12:15:00,116.6875,116.6875,116.59375,116.59375,2608
2026-04-01T12:20:00,116.59375,116.625,116.5,116.5,1895
2026-04-01T12:25:00,116.5,116.53125,116.40625,116.40625,3107
2026-04-01T12:30:00,116.40625,116.40625,116.34375,116.375,4412
2026-04-01T12:35:00,116.375,116.40625,116.21875,116.3125,3430
2026-04-01T12:40:00,116.3125,116.53125,116.28125,116.5,4114
2026-04-01T12:45:00,116.5,116.5,116.25,116.28125,9041
2026-04-01T12:50:00,116.28125,116.34375,116.15625,116.1875,4875
2026-04-01T12:55:00,116.15625,116.21875,116.125,116.15625,1593
2026-04-01T13:00:00,116.15625,116.1875,116.0625,116.125,3525
2026-04-01T13:05:00,116.09375,116.125,116.0625,116.09375,2193
2026-04-01T13:10:00,116.09375,116.21875,116.09375,116.15625,2827
2026-04-01T13:15:00,116.15625,116.21875,116.125,116.15625,1756
2026-04-01T13:20:00,116.1875,116.21875,116.09375,116.125,3893
2026-04-01T13:25:00,116.15625,116.21875,116.09375,116.125,2354
2026-04-01T13:30:00,116.125,116.28125,116.125,116.25,5348
2026-04-01T13:35:00,116.21875,116.40625,116.21875,116.40625,2629
2026-04-01T13:40:00,116.375,116.4375,116.3125,116.375,3979
2026-04-01T13:45:00,116.375,116.40625,116.3125,116.375,2947
2026-04-01T13:50:00,116.40625,116.40625,116.3125,116.34375,3100
2026-04-01T13:55:00,116.3125,116.375,116.3125,116.3125,1675
2026-04-01T14:00:00,116.3125,116.3125,116.125,116.1875,4599
2026-04-01T14:05:00,116.1875,116.25,116.125,116.1875,4242
2026-04-01T14:10:00,116.21875,116.3125,116.1875,116.3125,1157
2026-04-01T14:15:00,116.3125,116.375,116.28125,116.34375,2490
2026-04-01T14:20:00,116.375,116.4375,116.3125,116.375,4737
2026-04-01T14:25:00,116.375,116.4375,116.34375,116.4375,1876
2026-04-01T14:30:00,116.40625,116.4375,116.375,116.375,2858
2026-04-01T14:35:00,116.375,116.46875,116.3125,116.4375,4906
2026-04-01T14:40:00,116.4375,116.46875,116.375,116.40625,2922
2026-04-01T14:45:00,116.40625,116.5,116.34375,116.46875,2504
2026-04-01T14:50:00,116.46875,116.53125,116.46875,116.53125,2476
2026-04-01T14:55:00,116.53125,116.5625,116.5,116.5625,2323
2026-04-01T15:00:00,116.5625,116.625,116.53125,116.625,1934
2026-04-01T15:05:00,116.59375,116.71875,116.5625,116.71875,3509
2026-04-01T15:10:00,116.6875,116.71875,116.625,116.65625,3491
2026-04-01T15:15:00,116.65625,116.71875,116.625,116.71875,2761
2026-04-01T15:20:00,116.6875,116.71875,116.625,116.65625,3407
2026-04-01T15:25:00,116.625,116.6875,116.59375,116.625,3555
2026-04-01T15:30:00,116.625,116.65625,116.59375,116.625,1579
2026-04-01T15:35:00,116.625,116.75,116.625,116.75,2781
2026-04-01T15:40:00,116.75,116.75,116.65625,116.65625,3415
2026-04-01T15:45:00,116.6875,116.71875,116.625,116.65625,1623
2026-04-01T15:50:00,116.625,116.6875,116.625,116.625,2465
2026-04-01T15:55:00,116.65625,116.71875,116.65625,116.71875,1628
2026-04-01T16:00:00,116.71875,116.71875,116.625,116.6875,1444
2026-04-01T16:05:00,116.65625,116.6875,116.625,116.65625,1656
2026-04-01T16:10:00,116.625,116.625,116.5625,116.625,2916
2026-04-01T16:15:00,116.59375,116.625,116.5625,116.625,1706
2026-04-01T16:20:00,116.59375,116.6875,116.59375,116.65625,1273
2026-04-01T16:25:00,116.625,116.71875,116.625,116.6875,2506
2026-04-01T16:30:00,116.6875,116.71875,116.625,116.625,1522
2026-04-01T16:35:00,116.625,116.65625,116.5625,116.5625,2397
2026-04-01T16:40:00,116.59375,116.6875,116.5625,116.65625,466
2026-04-01T16:45:00,116.65625,116.71875,116.625,116.6875,744
2026-04-01T16:50:00,116.65625,116.6875,116.65625,116.6875,634
2026-04-01T16:55:00,116.6875,116.6875,116.65625,116.6875,832
2026-04-01T17:00:00,116.6875,116.75,116.6875,116.71875,1237
2026-04-01T17:05:00,116.71875,116.71875,116.65625,116.65625,913
2026-04-01T17:10:00,116.6875,116.6875,116.625,116.65625,1207
2026-04-01T17:15:00,116.6875,116.6875,116.59375,116.59375,459
2026-04-01T17:20:00,116.625,116.625,116.59375,116.59375,1863
2026-04-01T17:25:00,116.625,116.65625,116.59375,116.59375,523
2026-04-01T17:30:00,116.59375,116.59375,116.4375,116.4375,1969
2026-04-01T17:35:00,116.4375,116.46875,116.40625,116.4375,1333
2026-04-01T17:40:00,116.4375,116.46875,116.40625,116.4375,1224
2026-04-01T17:45:00,116.40625,116.4375,116.375,116.40625,1138
2026-04-01T17:50:00,116.4375,116.4375,116.375,116.40625,1016
2026-04-01T17:55:00,116.40625,116.40625,116.34375,116.40625,1875
2026-04-01T18:00:00,116.40625,116.40625,116.21875,116.25,7192
2026-04-01T18:05:00,116.25,116.28125,116.21875,116.28125,2216
2026-04-01T18:10:00,116.3125,116.375,116.3125,116.34375,1073
2026-04-01T18:15:00,116.375,116.375,116.34375,116.34375,1257
2026-04-01T18:20:00,116.34375,116.40625,116.34375,116.375,1558
2026-04-01T18:25:00,116.34375,116.40625,116.34375,116.375,321
2026-04-01T18:30:00,116.40625,116.4375,116.375,116.375,1646
2026-04-01T18:35:00,116.375,116.40625,116.3125,116.375,1290
2026-04-01T18:40:00,116.40625,116.46875,116.40625,116.4375,453
2026-04-01T18:45:00,116.4375,116.5,116.4375,116.46875,546
2026-04-01T18:50:00,116.46875,116.53125,116.46875,116.5,2428
2026-04-01T18:55:00,116.5,116.5,116.375,116.40625,4950
2026-04-01T19:00:00,116.375,116.40625,116.28125,116.3125,4332
2026-04-01T19:05:00,116.3125,116.375,116.28125,116.28125,1109
2026-04-01T19:10:00,116.28125,116.3125,116.25,116.25,1160
2026-04-01T19:15:00,116.28125,116.28125,116.1875,116.25,850
2026-04-01T19:20:00,116.21875,116.21875,116.1875,116.1875,1401
2026-04-01T19:25:00,116.21875,116.21875,116.15625,116.1875,1233
2026-04-01T19:30:00,116.15625,116.15625,116.09375,116.125,2689
2026-04-01T19:35:00,116.125,116.15625,116.125,116.15625,1204
2026-04-01T19:40:00,116.125,116.15625,116.125,116.125,1686
2026-04-01T19:45:00,116.125,116.15625,116.09375,116.125,1898
2026-04-01T19:50:00,116.09375,116.1875,116.09375,116.15625,2538
2026-04-01T19:55:00,116.125,116.21875,116.125,116.125,15596
2026-04-01T20:00:00,116.125,116.15625,116.09375,116.125,9364
2026-04-01T20:05:00,116.15625,116.25,116.125,116.21875,2217
2026-04-01T20:10:00,116.21875,116.28125,116.21875,116.28125,1279
2026-04-01T20:15:00,116.3125,116.34375,116.28125,116.34375,2080
2026-04-01T20:20:00,116.3125,116.3125,116.25,116.25,1155
2026-04-01T20:25:00,116.25,116.3125,116.25,116.28125,1577
2026-04-01T20:30:00,116.28125,116.28125,116.25,116.25,487
2026-04-01T20:35:00,116.25,116.3125,116.25,116.3125,293
2026-04-01T20:40:00,116.28125,116.34375,116.28125,116.34375,328
2026-04-01T20:45:00,116.34375,116.40625,116.34375,116.375,514
2026-04-01T20:50:00,116.375,116.40625,116.375,116.375,536
2026-04-01T20:55:00,116.40625,116.40625,116.375,116.375,781
2026-04-01T22:00:00,116.3125,116.40625,116.3125,116.375,245
2026-04-01T22:05:00,116.40625,116.40625,116.40625,116.40625,166
2026-04-01T22:10:00,116.40625,116.40625,116.40625,116.40625,10
2026-04-01T22:15:00,116.40625,116.40625,116.34375,116.34375,182
2026-04-01T22:20:00,116.34375,116.34375,116.34375,116.34375,43
2026-04-01T22:30:00,116.375,116.375,116.375,116.375,167
2026-04-01T22:40:00,116.375,116.375,116.375,116.375,1
2026-04-01T22:45:00,116.34375,116.34375,116.34375,116.34375,52
2026-04-01T22:50:00,116.34375,116.34375,116.34375,116.34375,1
2026-04-01T22:55:00,116.34375,116.34375,116.34375,116.34375,28
2026-04-01T23:00:00,116.34375,116.34375,116.3125,116.3125,148
2026-04-01T23:05:00,116.34375,116.34375,116.34375,116.34375,37
2026-04-01T23:10:00,116.375,116.375,116.375,116.375,5
2026-04-01T23:15:00,116.375,116.375,116.375,116.375,2
2026-04-01T23:20:00,116.375,116.375,116.375,116.375,2
2026-04-01T23:25:00,116.34375,116.34375,116.34375,116.34375,26
2026-04-01T23:30:00,116.34375,116.34375,116.34375,116.34375,199
2026-04-01T23:35:00,116.3125,116.34375,116.3125,116.34375,68
2026-04-01T23:40:00,116.3125,116.34375,116.3125,116.34375,69
2026-04-01T23:45:00,116.3125,116.375,116.3125,116.34375,194
2026-04-01T23:50:00,116.34375,116.34375,116.3125,116.34375,671
2026-04-01T23:55:00,116.34375,116.34375,116.34375,116.34375,137
2026-04-02T00:00:00,116.34375,116.34375,116.28125,116.3125,688
2026-04-02T00:05:00,116.28125,116.28125,116.25,116.25,560
2026-04-02T00:10:00,116.28125,116.28125,116.21875,116.25,191
2026-04-02T00:15:00,116.21875,116.28125,116.21875,116.25,91
2026-04-02T00:20:00,116.28125,116.28125,116.25,116.25,140
2026-04-02T00:25:00,116.25,116.28125,116.25,116.25,77
2026-04-02T00:30:00,116.25,116.25,116.21875,116.21875,40
2026-04-02T00:35:00,116.21875,116.34375,116.21875,116.34375,557
2026-04-02T00:40:00,116.34375,116.46875,116.34375,116.46875,790
2026-04-02T00:45:00,116.4375,116.4375,116.40625,116.40625,223
2026-04-02T00:50:00,116.375,116.4375,116.34375,116.4375,870
2026-04-02T00:55:00,116.4375,116.4375,116.40625,116.4375,505
2026-04-02T01:00:00,116.4375,116.4375,116.28125,116.34375,626
2026-04-02T01:05:00,116.3125,116.3125,116.09375,116.15625,1390
2026-04-02T01:10:00,116.15625,116.3125,116.15625,116.15625,1102
2026-04-02T01:15:00,116.15625,116.1875,115.8125,115.8125,1448
2026-04-02T01:20:00,115.78125,115.875,115.75,115.8125,1370
2026-04-02T01:25:00,115.84375,115.90625,115.84375,115.84375,973
2026-04-02T01:30:00,115.8125,115.8125,115.65625,115.71875,1460
2026-04-02T01:35:00,115.71875,115.78125,115.6875,115.78125,1476
2026-04-02T01:40:00,115.8125,115.8125,115.71875,115.71875,513
2026-04-02T01:45:00,115.71875,115.78125,115.71875,115.75,913
2026-04-02T01:50:00,115.75,115.78125,115.71875,115.75,826
2026-04-02T01:55:00,115.75,115.8125,115.75,115.78125,1078
2026-04-02T02:00:00,115.78125,115.78125,115.75,115.75,648
2026-04-02T02:05:00,115.78125,115.78125,115.71875,115.75,1193
2026-04-02T02:10:00,115.75,115.78125,115.71875,115.75,825
2026-04-02T02:15:00,115.78125,115.8125,115.78125,115.8125,304
2026-04-02T02:20:00,115.8125,115.8125,115.78125,115.8125,706
2026-04-02T02:25:00,115.8125,115.8125,115.78125,115.78125,304
2026-04-02T02:30:00,115.8125,115.8125,115.75,115.8125,442
2026-04-02T02:35:00,115.84375,115.84375,115.78125,115.78125,120
2026-04-02T02:40:00,115.78125,115.8125,115.78125,115.8125,109
2026-04-02T02:45:00,115.8125,115.875,115.8125,115.8125,187
2026-04-02T02:50:00,115.8125,115.84375,115.8125,115.8125,13
2026-04-02T02:55:00,115.84375,115.84375,115.8125,115.8125,726
2026-04-02T03:00:00,115.8125,115.8125,115.78125,115.78125,502
2026-04-02T03:05:00,115.78125,115.8125,115.75,115.78125,282
2026-04-02T03:10:00,115.75,115.78125,115.71875,115.71875,84
2026-04-02T03:15:00,115.71875,115.75,115.71875,115.71875,70
2026-04-02T03:20:00,115.71875,115.71875,115.6875,115.71875,207
2026-04-02T03:25:00,115.6875,115.71875,115.65625,115.6875,99
2026-04-02T03:30:00,115.6875,115.6875,115.65625,115.65625,202
2026-04-02T03:35:00,115.65625,115.65625,115.5,115.53125,1324
2026-04-02T03:40:00,115.53125,115.625,115.53125,115.625,134
2026-04-02T03:45:00,115.625,115.625,115.5625,115.5625,311
2026-04-02T03:50:00,115.5625,115.5625,115.53125,115.5625,194
2026-04-02T03:55:00,115.59375,115.59375,115.5625,115.5625,208
2026-04-02T04:00:00,115.5625,115.5625,115.5,115.5625,339
2026-04-02T04:05:00,115.53125,115.53125,115.46875,115.5,424
2026-04-02T04:10:00,115.5,115.53125,115.46875,115.53125,417
2026-04-02T04:15:00,115.5,115.53125,115.5,115.53125,143
2026-04-02T04:20:00,115.5,115.53125,115.46875,115.5,221
2026-04-02T04:25:00,115.5,115.5,115.46875,115.46875,39
2026-04-02T04:30:00,115.5,115.5,115.5,115.5,144
2026-04-02T04:35:00,115.5,115.53125,115.46875,115.5,352
2026-04-02T04:40:00,115.5,115.5625,115.5,115.53125,239
2026-04-02T04:45:00,115.53125,115.53125,115.5,115.5,20
2026-04-02T04:50:00,115.53125,115.53125,115.5,115.5,129
2026-04-02T04:55:00,115.5,115.5,115.46875,115.46875,93
2026-04-02T05:00:00,115.5,115.53125,115.5,115.53125,170
2026-04-02T05:05:00,115.5,115.53125,115.46875,115.5,170
2026-04-02T05:10:00,115.5,115.5,115.4375,115.46875,161
2026-04-02T05:15:00,115.5,115.5,115.46875,115.46875,147
2026-04-02T05:20:00,115.4375,115.5,115.4375,115.46875,995
2026-04-02T05:25:00,115.46875,115.5,115.46875,115.5,184
2026-04-02T05:30:00,115.5,115.53125,115.46875,115.46875,899
2026-04-02T05:35:00,115.4375,115.46875,115.4375,115.4375,102
2026-04-02T05:40:00,115.4375,115.46875,115.40625,115.40625,293
2026-04-02T05:45:00,115.40625,115.40625,115.34375,115.34375,463
2026-04-02T05:50:00,115.375,115.40625,115.34375,115.40625,99
2026-04-02T05:55:00,115.375,115.40625,115.34375,115.375,385
2026-04-02T06:00:00,115.375,115.4375,115.375,115.4375,228
2026-04-02T06:05:00,115.40625,115.4375,115.34375,115.375,639
2026-04-02T06:10:00,115.34375,115.375,115.3125,115.3125,557
2026-04-02T06:15:00,115.3125,115.375,115.3125,115.375,448
2026-04-02T06:20:00,115.375,115.40625,115.375,115.40625,783
2026-04-02T06:25:00,115.40625,115.4375,115.375,115.375,966
2026-04-02T06:30:00,115.34375,115.4375,115.34375,115.40625,699
2026-04-02T06:35:00,115.40625,115.4375,115.34375,115.40625,580
2026-04-02T06:40:00,115.4375,115.46875,115.40625,115.46875,458
2026-04-02T06:45:00,115.46875,115.46875,115.40625,115.4375,742
2026-04-02T06:50:00,115.40625,115.4375,115.40625,115.40625,283
2026-04-02T06:55:00,115.375,115.46875,115.375,115.46875,647
2026-04-02T07:00:00,115.5,115.5,115.40625,115.4375,833
2026-04-02T07:05:00,115.4375,115.5,115.4375,115.5,619
2026-04-02T07:10:00,115.5,115.53125,115.46875,115.46875,698
2026-04-02T07:15:00,115.46875,115.5,115.46875,115.5,714
2026-04-02T07:20:00,115.46875,115.53125,115.4375,115.4375,334
2026-04-02T07:25:00,115.4375,115.46875,115.40625,115.46875,451
2026-04-02T07:30:00,115.46875,115.5,115.46875,115.5,499
2026-04-02T07:35:00,115.46875,115.5,115.46875,115.5,192
2026-04-02T07:40:00,115.5,115.53125,115.5,115.53125,1243
2026-04-02T07:45:00,115.53125,115.59375,115.53125,115.59375,815
2026-04-02T07:50:00,115.5625,115.5625,115.46875,115.5,281
2026-04-02T07:55:00,115.5,115.53125,115.5,115.53125,447
2026-04-02T08:00:00,115.53125,115.5625,115.46875,115.5,344
2026-04-02T08:05:00,115.5,115.53125,115.5,115.53125,340
2026-04-02T08:10:00,115.53125,115.53125,115.46875,115.5,661
2026-04-02T08:15:00,115.46875,115.53125,115.46875,115.46875,158
2026-04-02T08:20:00,115.46875,115.5,115.46875,115.5,793
2026-04-02T08:25:00,115.46875,115.5,115.4375,115.5,503
2026-04-02T08:30:00,115.5,115.53125,115.5,115.53125,296
2026-04-02T08:35:00,115.5,115.5,115.4375,115.5,519
2026-04-02T08:40:00,115.46875,115.46875,115.4375,115.46875,479
2026-04-02T08:45:00,115.46875,115.46875,115.40625,115.4375,516
2026-04-02T08:50:00,115.4375,115.4375,115.40625,115.40625,323
2026-04-02T08:55:00,115.4375,115.4375,115.40625,115.40625,258
2026-04-02T09:00:00,115.40625,115.4375,115.40625,115.40625,330
2026-04-02T09:05:00,115.40625,115.40625,115.375,115.375,236
2026-04-02T09:10:00,115.375,115.40625,115.375,115.375,537
2026-04-02T09:15:00,115.375,115.40625,115.375,115.40625,438
2026-04-02T09:20:00,115.375,115.46875,115.375,115.4375,448
2026-04-02T09:25:00,115.46875,115.46875,115.4375,115.4375,606
2026-04-02T09:30:00,115.4375,115.46875,115.4375,115.46875,516
2026-04-02T09:35:00,115.4375,115.4375,115.40625,115.4375,432
2026-04-02T09:40:00,115.4375,115.46875,115.4375,115.4375,263
2026-04-02T09:45:00,115.46875,115.5,115.46875,115.5,452
2026-04-02T09:50:00,115.5,115.53125,115.5,115.53125,390
2026-04-02T09:55:00,115.53125,115.5625,115.5,115.53125,508
2026-04-02T10:00:00,115.5625,115.59375,115.5625,115.59375,342
2026-04-02T10:05:00,115.5625,115.59375,115.5625,115.59375,404
2026-04-02T10:10:00,115.5625,115.5625,115.53125,115.53125,337
2026-04-02T10:15:00,115.53125,115.53125,115.5,115.53125,464
2026-04-02T10:20:00,115.53125,115.5625,115.53125,115.53125,199
2026-04-02T10:25:00,115.5625,115.5625,115.53125,115.53125,98
2026-04-02T10:30:00,115.5,115.5,115.46875,115.46875,249
2026-04-02T10:35:00,115.5,115.5,115.5,115.5,242
2026-04-02T10:40:00,115.46875,115.53125,115.46875,115.53125,1346
2026-04-02T10:45:00,115.53125,115.53125,115.46875,115.46875,778
2026-04-02T10:50:00,115.46875,115.46875,115.4375,115.4375,575
2026-04-02T10:55:00,115.46875,115.5625,115.4375,115.53125,2279
2026-04-02T11:00:00,115.5,115.65625,115.5,115.625,2973
2026-04-02T11:05:00,115.625,115.6875,115.59375,115.65625,1392
2026-04-02T11:10:00,115.65625,115.65625,115.59375,115.59375,645
2026-04-02T11:15:00,115.59375,115.625,115.5625,115.625,754
2026-04-02T11:20:00,115.625,115.625,115.59375,115.625,1212
2026-04-02T11:25:00,115.625,115.625,115.5,115.5,531
2026-04-02T11:30:00,115.5,115.5625,115.46875,115.5625,1804
2026-04-02T11:35:00,115.5625,115.59375,115.5,115.53125,1584
2026-04-02T11:40:00,115.53125,115.59375,115.53125,115.59375,2296
2026-04-02T11:45:00,115.5625,115.625,115.53125,115.59375,1038
2026-04-02T11:50:00,115.59375,115.6875,115.5625,115.65625,1495
2026-04-02T11:55:00,115.6875,115.71875,115.65625,115.6875,2236
2026-04-02T12:00:00,115.71875,115.8125,115.71875,115.8125,2111
2026-04-02T12:05:00,115.8125,115.875,115.8125,115.84375,3557
2026-04-02T12:10:00,115.84375,115.875,115.78125,115.84375,2362
2026-04-02T12:15:00,115.84375,115.84375,115.75,115.75,2193
2026-04-02T12:20:00,115.75,115.875,115.75,115.875,2575
2026-04-02T12:25:00,115.84375,115.84375,115.8125,115.8125,984
2026-04-02T12:30:00,115.8125,115.84375,115.78125,115.8125,1879
2026-04-02T12:35:00,115.8125,115.875,115.78125,115.875,1813
2026-04-02T12:40:00,115.875,115.875,115.75,115.875,2735
2026-04-02T12:45:00,115.875,115.875,115.78125,115.875,2195
2026-04-02T12:50:00,115.90625,115.90625,115.78125,115.78125,1632
2026-04-02T12:55:00,115.78125,115.84375,115.75,115.78125,1568
2026-04-02T13:00:00,115.78125,115.78125,115.6875,115.78125,2420
2026-04-02T13:05:00,115.75,115.875,115.71875,115.875,599
2026-04-02T13:10:00,115.875,115.875,115.8125,115.84375,1237
2026-04-02T13:15:00,115.875,115.9375,115.875,115.9375,1363
2026-04-02T13:20:00,115.9375,116.03125,115.9375,116.03125,2594
2026-04-02T13:25:00,116.0625,116.125,116.0,116.03125,3756
2026-04-02T13:30:00,116.03125,116.0625,115.96875,116.03125,3818
2026-04-02T13:35:00,116.03125,116.09375,116.03125,116.09375,2439
2026-04-02T13:40:00,116.09375,116.125,116.0625,116.125,2497
2026-04-02T13:45:00,116.125,116.25,116.125,116.1875,4015
2026-04-02T13:50:00,116.15625,116.28125,116.15625,116.25,5147
2026-04-02T13:55:00,116.28125,116.4375,116.28125,116.4375,5131
2026-04-02T14:00:00,116.4375,116.53125,116.4375,116.5,5514
2026-04-02T14:05:00,116.5,116.59375,116.46875,116.5625,4296
2026-04-02T14:10:00,116.53125,116.5625,116.46875,116.46875,6393
2026-04-02T14:15:00,116.5,116.6875,116.5,116.65625,4647
2026-04-02T14:20:00,116.65625,116.6875,116.625,116.6875,3056
2026-04-02T14:25:00,116.6875,116.75,116.625,116.6875,4549
2026-04-02T14:30:00,116.6875,116.71875,116.625,116.71875,2958
2026-04-02T14:35:00,116.71875,116.84375,116.6875,116.8125,12864
2026-04-02T14:40:00,116.8125,116.8125,116.71875,116.8125,4029
2026-04-02T14:45:00,116.84375,116.875,116.78125,116.8125,4312
2026-04-02T14:50:00,116.8125,116.875,116.75,116.8125,3205
2026-04-02T14:55:00,116.8125,116.90625,116.78125,116.78125,3258
2026-04-02T15:00:00,116.78125,116.8125,116.71875,116.8125,3714
2026-04-02T15:05:00,116.8125,116.84375,116.78125,116.84375,2096
2026-04-02T15:10:00,116.84375,116.875,116.8125,116.8125,1425
2026-04-02T15:15:00,116.8125,116.875,116.71875,116.71875,2014
2026-04-02T15:20:00,116.71875,116.75,116.6875,116.75,860
2026-04-02T15:25:00,116.75,116.78125,116.71875,116.75,2682
2026-04-02T15:30:00,116.75,116.78125,116.71875,116.75,2320
2026-04-02T15:35:00,116.78125,116.78125,116.65625,116.6875,3205
2026-04-02T15:40:00,116.6875,116.78125,116.6875,116.75,1953
2026-04-02T15:45:00,116.75,116.78125,116.6875,116.6875,1855
2026-04-02T15:50:00,116.6875,116.75,116.65625,116.75,1901
2026-04-02T15:55:00,116.75,116.75,116.6875,116.71875,2251
2026-04-02T16:00:00,116.6875,116.6875,116.59375,116.59375,2627
2026-04-02T16:05:00,116.59375,116.625,116.59375,116.59375,2947
2026-04-02T16:10:00,116.625,116.625,116.5625,116.59375,2212
2026-04-02T16:15:00,116.625,116.65625,116.59375,116.59375,1201
2026-04-02T16:20:00,116.59375,116.6875,116.5625,116.65625,1267
2026-04-02T16:25:00,116.65625,116.71875,116.65625,116.65625,1220
2026-04-02T16:30:00,116.65625,116.6875,116.625,116.625,915
2026-04-02T16:35:00,116.625,116.6875,116.625,116.6875,1549
2026-04-02T16:40:00,116.6875,116.6875,116.625,116.65625,413
2026-04-02T16:45:00,116.65625,116.6875,116.5625,116.5625,1147
2026-04-02T16:50:00,116.59375,116.59375,116.53125,116.59375,1527
2026-04-02T16:55:00,116.5625,116.59375,116.5,116.5,1179
2026-04-02T17:00:00,116.53125,116.5625,116.46875,116.53125,1332
2026-04-02T17:05:00,116.53125,116.5625,116.5,116.53125,867
2026-04-02T17:10:00,116.5625,116.65625,116.5625,116.65625,1063
2026-04-02T17:15:00,116.65625,116.65625,116.625,116.65625,596
2026-04-02T17:20:00,116.65625,116.65625,116.65625,116.65625,435
2026-04-02T17:25:00,116.65625,116.65625,116.625,116.625,537
2026-04-02T17:30:00,116.625,116.625,116.5625,116.5625,704
2026-04-02T17:35:00,116.5625,116.625,116.53125,116.5625,783
2026-04-02T17:40:00,116.5625,116.5625,116.5625,116.5625,229
2026-04-02T17:45:00,116.5625,116.5625,116.5,116.5,786
2026-04-02T17:50:00,116.5,116.53125,116.5,116.5,1040
2026-04-02T17:55:00,116.5,116.5625,116.5,116.5625,638
2026-04-02T18:00:00,116.5625,116.59375,116.5625,116.5625,896
2026-04-02T18:05:00,116.5625,116.5625,116.5,116.5,2243
2026-04-02T18:10:00,116.5,116.5625,116.5,116.53125,1464
2026-04-02T18:15:00,116.5625,116.5625,116.53125,116.5625,767
2026-04-02T18:20:00,116.5625,116.59375,116.5625,116.5625,396
2026-04-02T18:25:00,116.59375,116.625,116.5625,116.59375,2777
2026-04-02T18:30:00,116.59375,116.625,116.5625,116.59375,807
2026-04-02T18:35:00,116.59375,116.65625,116.59375,116.625,1970
2026-04-02T18:40:00,116.625,116.75,116.625,116.71875,4489
2026-04-02T18:45:00,116.71875,116.78125,116.6875,116.75,2610
2026-04-02T18:50:00,116.78125,116.78125,116.65625,116.65625,4188
2026-04-02T18:55:00,116.65625,116.71875,116.625,116.625,5594
2026-04-02T19:00:00,116.65625,116.78125,116.59375,116.71875,7316
2026-04-02T19:05:00,116.71875,116.75,116.6875,116.71875,1698
2026-04-02T19:10:00,116.75,116.84375,116.75,116.8125,3734
2026-04-02T19:15:00,116.8125,116.84375,116.71875,116.71875,2511
2026-04-02T19:20:00,116.75,116.8125,116.6875,116.78125,2396
2026-04-02T19:25:00,116.78125,116.8125,116.75,116.75,1841
2026-04-02T19:30:00,116.78125,116.78125,116.75,116.75,1373
2026-04-02T19:35:00,116.75,116.84375,116.75,116.78125,2908
2026-04-02T19:40:00,116.78125,116.8125,116.71875,116.71875,1725
2026-04-02T19:45:00,116.75,116.8125,116.71875,116.78125,1372
2026-04-02T19:50:00,116.8125,116.84375,116.75,116.75,4342
2026-04-02T19:55:00,116.75,116.8125,116.75,116.75,16503
2026-04-02T20:00:00,116.75,116.8125,116.75,116.8125,5778
2026-04-02T20:05:00,116.8125,116.8125,116.75,116.75,1042
2026-04-02T20:10:00,116.78125,116.84375,116.75,116.84375,2125
2026-04-02T20:15:00,116.8125,116.875,116.8125,116.875,690
2026-04-02T20:20:00,116.875,116.9375,116.84375,116.875,3749
2026-04-02T20:25:00,116.875,116.90625,116.875,116.90625,1224
2026-04-02T20:30:00,116.90625,116.90625,116.875,116.875,715
2026-04-02T20:35:00,116.875,116.875,116.8125,116.8125,687
2026-04-02T20:40:00,116.8125,116.84375,116.78125,116.84375,355
2026-04-02T20:45:00,116.84375,116.84375,116.8125,116.8125,923
2026-04-02T20:50:00,116.8125,116.84375,116.78125,116.84375,796
2026-04-02T20:55:00,116.84375,116.84375,116.78125,116.78125,1128
2026-04-02T22:00:00,116.75,116.75,116.71875,116.71875,31
2026-04-02T22:05:00,116.71875,116.71875,116.71875,116.71875,52
2026-04-02T22:10:00,116.6875,116.6875,116.6875,116.6875,9
2026-04-02T22:15:00,116.71875,116.71875,116.71875,116.71875,52
2026-04-02T22:20:00,116.71875,116.71875,116.71875,116.71875,6
2026-04-02T22:25:00,116.71875,116.71875,116.71875,116.71875,9
2026-04-02T22:55:00,116.71875,116.71875,116.71875,116.71875,45
2026-04-02T23:00:00,116.71875,116.71875,116.71875,116.71875,38
2026-04-02T23:20:00,116.71875,116.71875,116.71875,116.71875,63
2026-04-02T23:35:00,116.75,116.75,116.75,116.75,67
2026-04-02T23:40:00,116.75,116.78125,116.75,116.75,393
2026-04-02T23:45:00,116.75,116.75,116.75,116.75,123
2026-04-02T23:50:00,116.75,116.75,116.75,116.75,7
2026-04-02T23:55:00,116.75,116.75,116.75,116.75,2
2026-04-03T00:00:00,116.71875,116.75,116.6875,116.6875,108
2026-04-03T00:05:00,116.6875,116.6875,116.65625,116.65625,361
2026-04-03T00:10:00,116.65625,116.65625,116.65625,116.65625,5
2026-04-03T00:15:00,116.65625,116.65625,116.65625,116.65625,1
2026-04-03T00:20:00,116.65625,116.65625,116.625,116.65625,210
2026-04-03T00:25:00,116.65625,116.65625,116.625,116.625,69
2026-04-03T00:30:00,116.625,116.65625,116.625,116.65625,7
2026-04-03T00:35:00,116.625,116.625,116.625,116.625,2
2026-04-03T00:40:00,116.625,116.65625,116.625,116.65625,2
2026-04-03T00:45:00,116.65625,116.65625,116.625,116.625,7
2026-04-03T00:50:00,116.625,116.625,116.625,116.625,1
2026-04-03T00:55:00,116.625,116.625,116.625,116.625,2
2026-04-03T01:00:00,116.625,116.625,116.625,116.625,1
2026-04-03T01:05:00,116.625,116.625,116.625,116.625,2
2026-04-03T01:10:00,116.625,116.625,116.625,116.625,1
2026-04-03T01:15:00,116.625,116.625,116.59375,116.625,239
2026-04-03T01:20:00,116.625,116.625,116.625,116.625,1
2026-04-03T01:25:00,116.625,116.625,116.625,116.625,13
2026-04-03T01:30:00,116.625,116.625,116.625,116.625,42
2026-04-03T01:35:00,116.625,116.625,116.59375,116.625,136
2026-04-03T01:40:00,116.625,116.65625,116.625,116.625,68
2026-04-03T01:45:00,116.625,116.625,116.625,116.625,1
2026-04-03T01:50:00,116.65625,116.65625,116.65625,116.65625,3
2026-04-03T01:55:00,116.625,116.625,116.625,116.625,1
2026-04-03T02:00:00,116.65625,116.65625,116.65625,116.65625,3
2026-04-03T02:05:00,116.65625,116.65625,116.625,116.625,12
2026-04-03T02:10:00,116.65625,116.65625,116.625,116.625,4
2026-04-03T02:15:00,116.65625,116.65625,116.65625,116.65625,2
2026-04-03T02:20:00,116.65625,116.65625,116.625,116.625,5
2026-04-03T02:25:00,116.65625,116.65625,116.625,116.65625,39
2026-04-03T02:30:00,116.6875,116.6875,116.65625,116.65625,32
2026-04-03T02:35:00,116.65625,116.65625,116.65625,116.65625,6
2026-04-03T02:40:00,116.6875,116.6875,116.65625,116.65625,356
2026-04-03T02:45:00,116.65625,116.65625,116.65625,116.65625,1
2026-04-03T02:50:00,116.6875,116.6875,116.6875,116.6875,94
2026-04-03T02:55:00,116.65625,116.65625,116.65625,116.65625,2
2026-04-03T03:00:00,116.6875,116.6875,116.65625,116.6875,122
2026-04-03T03:05:00,116.6875,116.6875,116.6875,116.6875,1
2026-04-03T03:10:00,116.6875,116.6875,116.6875,116.6875,70
2026-04-03T03:15:00,116.6875,116.6875,116.6875,116.6875,30
2026-04-03T03:20:00,116.71875,116.71875,116.6875,116.6875,4
2026-04-03T03:25:00,116.6875,116.6875,116.6875,116.6875,8
2026-04-03T03:30:00,116.71875,116.71875,116.6875,116.6875,8
2026-04-03T03:35:00,116.6875,116.6875,116.6875,116.6875,1
2026-04-03T03:40:00,116.71875,116.71875,116.6875,116.71875,9
2026-04-03T03:45:00,116.71875,116.71875,116.71875,116.71875,69
2026-04-03T03:50:00,116.75,116.75,116.71875,116.71875,73
2026-04-03T03:55:00,116.71875,116.71875,116.71875,116.71875,26
2026-04-03T04:00:00,116.75,116.75,116.6875,116.6875,47
2026-04-03T04:05:00,116.6875,116.6875,116.6875,116.6875,1
2026-04-03T04:10:00,116.71875,116.71875,116.6875,116.71875,61
2026-04-03T04:15:00,116.6875,116.71875,116.6875,116.71875,14
2026-04-03T04:20:00,116.71875,116.71875,116.6875,116.6875,10
2026-04-03T04:30:00,116.71875,116.71875,116.6875,116.6875,28
2026-04-03T04:40:00,116.71875,116.71875,116.6875,116.6875,6
2026-04-03T04:50:00,116.71875,116.71875,116.71875,116.71875,3
2026-04-03T05:00:00,116.71875,116.71875,116.6875,116.71875,7
2026-04-03T05:05:00,116.71875,116.71875,116.71875,116.71875,3
2026-04-03T05:10:00,116.71875,116.71875,116.71875,116.71875,1
2026-04-03T05:15:00,116.6875,116.71875,116.6875,116.71875,5
2026-04-03T05:20:00,116.6875,116.71875,116.6875,116.71875,2
2026-04-03T05:25:00,116.71875,116.71875,116.6875,116.6875,9
2026-04-03T05:30:00,116.71875,116.71875,116.6875,116.71875,6
2026-04-03T05:35:00,116.6875,116.71875,116.6875,116.71875,216
2026-04-03T05:40:00,116.71875,116.71875,116.6875,116.6875,2
2026-04-03T05:45:00,116.71875,116.71875,116.71875,116.71875,3
2026-04-03T05:50:00,116.71875,116.75,116.71875,116.71875,423
2026-04-03T05:55:00,116.71875,116.71875,116.71875,116.71875,50
2026-04-03T06:00:00,116.71875,116.71875,116.6875,116.6875,4
2026-04-03T06:05:00,116.6875,116.6875,116.6875,116.6875,1
2026-04-03T06:10:00,116.6875,116.71875,116.6875,116.71875,16
2026-04-03T06:15:00,116.6875,116.6875,116.6875,116.6875,1
2026-04-03T06:20:00,116.71875,116.71875,116.6875,116.6875,109
2026-04-03T06:30:00,116.6875,116.6875,116.625,116.625,118
2026-04-03T06:35:00,116.65625,116.65625,116.65625,116.65625,12
2026-04-03T06:40:00,116.65625,116.65625,116.65625,116.65625,225
2026-04-03T06:45:00,116.65625,116.65625,116.65625,116.65625,4
2026-04-03T06:50:00,116.65625,116.65625,116.65625,116.65625,4
2026-04-03T06:55:00,116.65625,116.65625,116.65625,116.65625,3
2026-04-03T07:00:00,116.65625,116.65625,116.65625,116.65625,70
2026-04-03T07:05:00,116.6875,116.6875,116.6875,116.6875,7
2026-04-03T07:10:00,116.65625,116.65625,116.65625,116.65625,1
2026-04-03T07:15:00,116.6875,116.6875,116.6875,116.6875,7
2026-04-03T07:20:00,116.6875,116.6875,116.6875,116.6875,3
2026-04-03T07:25:00,116.6875,116.6875,116.6875,116.6875,200
2026-04-03T07:30:00,116.71875,116.71875,116.6875,116.6875,8
2026-04-03T07:35:00,116.6875,116.6875,116.6875,116.6875,117
2026-04-03T07:40:00,116.6875,116.6875,116.6875,116.6875,107
2026-04-03T07:45:00,116.6875,116.6875,116.65625,116.65625,177
2026-04-03T07:50:00,116.65625,116.6875,116.65625,116.6875,105
2026-04-03T07:55:00,116.6875,116.6875,116.6875,116.6875,70
2026-04-03T08:00:00,116.71875,116.71875,116.6875,116.71875,326
2026-04-03T08:05:00,116.71875,116.71875,116.71875,116.71875,61
2026-04-03T08:10:00,116.6875,116.6875,116.6875,116.6875,64
2026-04-03T08:25:00,116.65625,116.65625,116.65625,116.65625,73
2026-04-03T08:30:00,116.65625,116.6875,116.65625,116.65625,94
2026-04-03T08:45:00,116.625,116.625,116.625,116.625,415
2026-04-03T08:50:00,116.625,116.625,116.625,116.625,95
2026-04-03T09:10:00,116.59375,116.59375,116.59375,116.59375,16
2026-04-03T09:15:00,116.59375,116.59375,116.59375,116.59375,42
2026-04-03T09:20:00,116.59375,116.59375,116.59375,116.59375,66
2026-04-03T09:25:00,116.625,116.625,116.625,116.625,112
2026-04-03T09:35:00,116.625,116.625,116.625,116.625,11
2026-04-03T09:45:00,116.59375,116.59375,116.59375,116.59375,115
2026-04-03T09:55:00,116.59375,116.59375,116.59375,116.59375,4
2026-04-03T10:00:00,116.5625,116.59375,116.5625,116.59375,140
2026-04-03T10:10:00,116.59375,116.59375,116.59375,116.59375,63
2026-04-03T10:20:00,116.5625,116.5625,116.5625,116.5625,69
2026-04-03T10:25:00,116.59375,116.59375,116.59375,116.59375,43
2026-04-03T10:30:00,116.59375,116.59375,116.59375,116.59375,87
2026-04-03T10:35:00,116.59375,116.625,116.59375,116.625,89
2026-04-03T10:40:00,116.625,116.625,116.625,116.625,96
2026-04-03T10:45:00,116.65625,116.65625,116.625,116.625,153
2026-04-03T10:55:00,116.59375,116.59375,116.59375,116.59375,1
2026-04-03T11:00:00,116.625,116.625,116.59375,116.625,363
2026-04-03T11:05:00,116.625,116.625,116.625,116.625,62
2026-04-03T11:10:00,116.625,116.625,116.625,116.625,228
2026-04-03T11:15:00,116.59375,116.625,116.59375,116.625,52
2026-04-03T11:20:00,116.625,116.625,116.625,116.625,234
2026-04-03T11:25:00,116.625,116.625,116.625,116.625,242
2026-04-03T11:30:00,116.65625,116.65625,116.65625,116.65625,147
2026-04-03T11:35:00,116.625,116.65625,116.625,116.65625,414
2026-04-03T11:40:00,116.625,116.625,116.625,116.625,251
2026-04-03T11:45:00,116.65625,116.6875,116.625,116.6875,349
2026-04-03T11:50:00,116.65625,116.65625,116.65625,116.65625,341
2026-04-03T11:55:00,116.6875,116.6875,116.6875,116.6875,485
2026-04-03T12:00:00,116.6875,116.6875,116.6875,116.6875,440
2026-04-03T12:05:00,116.6875,116.6875,116.625,116.65625,706
2026-04-03T12:10:00,116.625,116.6875,116.59375,116.65625,1006
2026-04-03T12:15:00,116.6875,116.6875,116.59375,116.59375,591
2026-04-03T12:20:00,116.59375,116.65625,116.5625,116.5625,1152
2026-04-03T12:25:00,116.59375,116.625,116.53125,116.625,812
2026-04-03T12:30:00,116.65625,117.0,116.0,116.0625,6665
2026-04-03T12:35:00,116.0625,116.0625,115.875,115.96875,2293
2026-04-03T12:40:00,115.96875,116.125,115.9375,116.09375,1179
2026-04-03T12:45:00,116.125,116.1875,116.09375,116.09375,922
2026-04-03T12:50:00,116.125,116.21875,116.09375,116.15625,1335
2026-04-03T12:55:00,116.15625,116.1875,116.125,116.15625,1268
2026-04-03T13:00:00,116.15625,116.21875,116.15625,116.1875,621
2026-04-03T13:05:00,116.1875,116.21875,116.1875,116.21875,636
2026-04-03T13:10:00,116.21875,116.3125,116.21875,116.28125,726
2026-04-03T13:15:00,116.25,116.25,116.21875,116.21875,442
2026-04-03T13:20:00,116.25,116.3125,116.25,116.3125,889
2026-04-03T13:25:00,116.3125,116.34375,116.1875,116.21875,1153
2026-04-03T13:30:00,116.1875,116.1875,116.09375,116.125,930
2026-04-03T13:35:00,116.125,116.15625,116.125,116.15625,725
2026-04-03T13:40:00,116.15625,116.1875,116.09375,116.15625,616
2026-04-03T13:45:00,116.15625,116.21875,116.125,116.125,723
2026-04-03T13:50:00,116.125,116.15625,116.125,116.15625,722
2026-04-03T13:55:00,116.15625,116.15625,116.125,116.125,832
2026-04-03T14:00:00,116.125,116.15625,116.09375,116.125,447
2026-04-03T14:05:00,116.09375,116.125,116.0625,116.0625,327
2026-04-03T14:10:00,116.0625,116.09375,116.03125,116.0625,736
2026-04-03T14:15:00,116.0625,116.09375,116.03125,116.09375,161
2026-04-03T14:20:00,116.0625,116.09375,116.0625,116.09375,378
2026-04-03T14:25:00,116.09375,116.125,116.0625,116.09375,601
2026-04-03T14:30:00,116.09375,116.25,116.0625,116.25,607
2026-04-03T14:35:00,116.25,116.28125,116.21875,116.21875,192
2026-04-03T14:40:00,116.21875,116.25,116.1875,116.25,263
2026-04-03T14:45:00,116.25,116.25,116.15625,116.1875,174
2026-04-03T14:50:00,116.1875,116.21875,116.1875,116.21875,136
2026-04-03T14:55:00,116.21875,116.34375,116.1875,116.34375,1731
2026-04-03T15:00:00,116.34375,116.34375,116.28125,116.34375,1987
2026-04-03T15:05:00,116.34375,116.34375,116.34375,116.34375,192
2026-04-03T15:10:00,116.3125,116.34375,116.1875,116.21875,1722
2026-04-05T22:00:00,116.15625,116.28125,116.09375,116.09375,398
2026-04-05T22:05:00,116.125,116.125,116.03125,116.0625,250
2026-04-05T22:10:00,116.0625,116.125,116.0,116.09375,470
2026-04-05T22:15:00,116.0625,116.125,116.0625,116.125,212
2026-04-05T22:20:00,116.09375,116.125,116.09375,116.125,48
2026-04-05T22:25:00,116.125,116.15625,116.125,116.125,66
2026-04-05T22:30:00,116.125,116.125,116.09375,116.125,89
2026-04-05T22:35:00,116.125,116.125,116.09375,116.125,133
2026-04-05T22:40:00,116.125,116.125,116.0625,116.09375,176
2026-04-05T22:45:00,116.0625,116.09375,116.0625,116.0625,70
2026-04-05T22:55:00,116.09375,116.09375,116.09375,116.09375,31
2026-04-05T23:00:00,116.09375,116.125,116.09375,116.09375,69
2026-04-05T23:05:00,116.09375,116.125,116.09375,116.125,235
2026-04-05T23:10:00,116.09375,116.09375,116.09375,116.09375,40
2026-04-05T23:15:00,116.0625,116.0625,116.0625,116.0625,93
2026-04-05T23:20:00,116.0625,116.0625,116.0,116.0,63
2026-04-05T23:25:00,116.03125,116.03125,116.0,116.03125,113
2026-04-05T23:30:00,116.0,116.03125,115.96875,116.03125,149
2026-04-05T23:35:00,116.0,116.03125,115.96875,115.96875,41
2026-04-05T23:40:00,115.96875,115.96875,115.9375,115.9375,131
2026-04-05T23:45:00,115.9375,116.0,115.9375,115.96875,166
2026-04-05T23:50:00,115.96875,115.96875,115.96875,115.96875,105
2026-04-06T00:00:00,115.9375,115.96875,115.9375,115.96875,586
2026-04-06T00:05:00,115.96875,116.03125,115.96875,116.0,434
2026-04-06T00:10:00,116.0,116.03125,115.96875,116.03125,221
2026-04-06T00:15:00,116.03125,116.0625,116.0,116.03125,181
2026-04-06T00:20:00,116.03125,116.09375,116.03125,116.0625,295
2026-04-06T00:25:00,116.0625,116.0625,116.0625,116.0625,111
2026-04-06T00:30:00,116.0625,116.0625,116.03125,116.03125,34
2026-04-06T00:35:00,116.0625,116.09375,116.03125,116.0625,476
2026-04-06T00:40:00,116.03125,116.09375,116.03125,116.0625,259
2026-04-06T00:45:00,116.0625,116.09375,116.03125,116.03125,89
2026-04-06T00:50:00,116.03125,116.03125,116.0,116.0,182
2026-04-06T00:55:00,115.96875,116.0,115.96875,116.0,13
2026-04-06T01:00:00,116.0,116.03125,116.0,116.03125,252
2026-04-06T01:05:00,116.0,116.03125,116.0,116.0,221
2026-04-06T01:10:00,116.0,116.03125,116.0,116.03125,61
2026-04-06T01:15:00,116.03125,116.03125,115.96875,116.0,49
2026-04-06T01:20:00,116.0,116.0,116.0,116.0,33
2026-04-06T01:25:00,116.03125,116.0625,116.03125,116.03125,53
2026-04-06T01:30:00,116.0625,116.0625,116.03125,116.03125,89
2026-04-06T01:35:00,116.03125,116.03125,116.0,116.0,72
2026-04-06T01:45:00,116.03125,116.03125,116.0,116.0,2
2026-04-06T01:50:00,116.03125,116.03125,116.0,116.0,41
2026-04-06T01:55:00,116.03125,116.03125,116.03125,116.03125,2
2026-04-06T02:00:00,116.03125,116.0625,116.03125,116.03125,133
2026-04-06T02:05:00,116.0625,116.09375,116.0625,116.09375,235
2026-04-06T02:10:00,116.125,116.125,116.09375,116.125,63
2026-04-06T02:15:00,116.125,116.1875,116.125,116.1875,155
2026-04-06T02:20:00,116.1875,116.28125,116.1875,116.25,588
2026-04-06T02:25:00,116.21875,116.21875,116.1875,116.1875,157
2026-04-06T02:30:00,116.1875,116.1875,116.1875,116.1875,34
2026-04-06T02:35:00,116.1875,116.1875,116.15625,116.15625,62
2026-04-06T02:40:00,116.125,116.15625,116.125,116.125,66
2026-04-06T02:45:00,116.125,116.15625,116.125,116.15625,34
2026-04-06T02:50:00,116.15625,116.15625,116.125,116.125,34
2026-04-06T02:55:00,116.125,116.15625,116.125,116.15625,5
2026-04-06T03:00:00,116.15625,116.15625,116.125,116.125,13
2026-04-06T03:05:00,116.15625,116.15625,116.15625,116.15625,1
2026-04-06T03:10:00,116.125,116.125,116.125,116.125,20
2026-04-06T03:15:00,116.09375,116.125,116.03125,116.03125,671
2026-04-06T03:20:00,116.03125,116.09375,116.0,116.09375,129
2026-04-06T03:25:00,116.09375,116.09375,116.03125,116.0625,273
2026-04-06T03:30:00,116.0625,116.0625,116.03125,116.03125,75
2026-04-06T03:35:00,116.0625,116.09375,116.0625,116.09375,136
2026-04-06T03:40:00,116.0625,116.0625,116.03125,116.0625,32
2026-04-06T03:45:00,116.0625,116.0625,116.0625,116.0625,38
2026-04-06T03:50:00,116.0625,116.0625,116.0625,116.0625,28
2026-04-06T03:55:00,116.0625,116.09375,116.0625,116.09375,206
2026-04-06T04:00:00,116.0625,116.09375,116.0625,116.09375,148
2026-04-06T04:05:00,116.09375,116.125,116.09375,116.09375,47
2026-04-06T04:10:00,116.09375,116.125,116.09375,116.125,21
2026-04-06T04:15:00,116.09375,116.09375,116.09375,116.09375,3
2026-04-06T04:20:00,116.125,116.125,116.125,116.125,32
2026-04-06T04:25:00,116.125,116.125,116.125,116.125,76
2026-04-06T04:30:00,116.125,116.15625,116.125,116.125,65
2026-04-06T04:35:00,116.15625,116.15625,116.125,116.125,56
2026-04-06T04:40:00,116.125,116.125,116.09375,116.125,103
2026-04-06T04:45:00,116.09375,116.125,116.09375,116.125,164
2026-04-06T04:50:00,116.125,116.125,116.125,116.125,17
2026-04-06T04:55:00,116.125,116.125,116.125,116.125,59
2026-04-06T05:00:00,116.125,116.1875,116.125,116.1875,82
2026-04-06T05:05:00,116.15625,116.15625,116.15625,116.15625,38
2026-04-06T05:10:00,116.15625,116.1875,116.15625,116.15625,34
2026-04-06T05:15:00,116.15625,116.15625,116.15625,116.15625,68
2026-04-06T05:20:00,116.15625,116.1875,116.125,116.15625,90
2026-04-06T05:25:00,116.1875,116.1875,116.15625,116.15625,16
2026-04-06T05:30:00,116.125,116.125,116.09375,116.09375,118
2026-04-06T05:35:00,116.09375,116.09375,116.0625,116.0625,134
2026-04-06T05:40:00,116.03125,116.0625,116.03125,116.03125,112
2026-04-06T05:45:00,116.0625,116.0625,116.03125,116.03125,77
2026-04-06T05:50:00,116.03125,116.0625,116.03125,116.0625,151
2026-04-06T05:55:00,116.0625,116.0625,116.0,116.0,370
2026-04-06T06:00:00,116.0,116.0,116.0,116.0,258
2026-04-06T06:05:00,116.0,116.09375,116.0,116.09375,265
2026-04-06T06:10:00,116.09375,116.125,116.0625,116.125,60
2026-04-06T06:15:00,116.09375,116.09375,116.09375,116.09375,123
2026-04-06T06:20:00,116.09375,116.125,116.09375,116.125,22
2026-04-06T06:25:00,116.125,116.125,116.0625,116.0625,31
2026-04-06T06:30:00,116.09375,116.09375,116.0625,116.09375,183
2026-04-06T06:35:00,116.09375,116.09375,116.09375,116.09375,40
2026-04-06T06:40:00,116.0625,116.0625,116.0625,116.0625,106
2026-04-06T06:45:00,116.0625,116.0625,116.0625,116.0625,28
2026-04-06T06:50:00,116.0625,116.1875,116.0625,116.0625,1651
2026-04-06T06:55:00,116.0625,116.0625,116.03125,116.0625,48
2026-04-06T07:00:00,116.09375,116.09375,116.0625,116.09375,4
2026-04-06T07:05:00,116.0625,116.0625,116.0,116.03125,472
2026-04-06T07:10:00,116.0,116.0,116.0,116.0,437
2026-04-06T07:15:00,116.03125,116.03125,116.03125,116.03125,63
2026-04-06T07:20:00,116.03125,116.03125,116.03125,116.03125,102
2026-04-06T07:25:00,116.03125,116.03125,116.03125,116.03125,264
2026-04-06T07:30:00,116.03125,116.0625,116.03125,116.0625,63
2026-04-06T07:35:00,116.09375,116.15625,116.09375,116.15625,285
2026-04-06T07:40:00,116.1875,116.25,116.1875,116.25,420
2026-04-06T07:45:00,116.21875,116.25,116.21875,116.25,403
2026-04-06T07:50:00,116.25,116.3125,116.25,116.28125,305
2026-04-06T07:55:00,116.3125,116.34375,116.3125,116.3125,293
2026-04-06T08:00:00,116.3125,116.34375,116.3125,116.3125,313
2026-04-06T08:05:00,116.3125,116.34375,116.28125,116.3125,605
2026-04-06T08:10:00,116.28125,116.28125,116.28125,116.28125,383
2026-04-06T08:15:00,116.25,116.25,116.25,116.25,48
2026-04-06T08:20:00,116.21875,116.21875,116.21875,116.21875,328
2026-04-06T08:25:00,116.25,116.25,116.21875,116.21875,668
2026-04-06T08:30:00,116.21875,116.21875,116.1875,116.1875,16
2026-04-06T08:35:00,116.21875,116.21875,116.1875,116.1875,4
2026-04-06T08:40:00,116.21875,116.21875,116.21875,116.21875,21
2026-04-06T08:45:00,116.21875,116.21875,116.21875,116.21875,25
2026-04-06T08:50:00,116.1875,116.21875,116.1875,116.1875,326
2026-04-06T08:55:00,116.21875,116.21875,116.21875,116.21875,12
2026-04-06T09:00:00,116.21875,116.25,116.21875,116.25,222
2026-04-06T09:05:00,116.21875,116.21875,116.21875,116.21875,283
2026-04-06T09:10:00,116.21875,116.28125,116.21875,116.28125,177
2026-04-06T09:15:00,116.25,116.28125,116.25,116.28125,116
2026-04-06T09:20:00,116.28125,116.28125,116.25,116.25,554
2026-04-06T09:25:00,116.21875,116.25,116.21875,116.25,183
2026-04-06T09:30:00,116.25,116.25,116.1875,116.21875,749
2026-04-06T09:35:00,116.21875,116.21875,116.21875,116.21875,31
2026-04-06T09:40:00,116.21875,116.21875,116.21875,116.21875,7
2026-04-06T09:45:00,116.21875,116.21875,116.21875,116.21875,8
2026-04-06T09:50:00,116.1875,116.1875,116.125,116.125,429
2026-04-06T09:55:00,116.125,116.125,116.125,116.125,42
2026-04-06T10:00:00,116.125,116.15625,116.09375,116.15625,1048
2026-04-06T10:05:00,116.15625,116.15625,116.15625,116.15625,276
2026-04-06T10:10:00,116.15625,116.15625,116.125,116.125,80
2026-04-06T10:15:00,116.125,116.15625,116.125,116.15625,101
2026-04-06T10:20:00,116.15625,116.15625,116.15625,116.15625,69
2026-04-06T10:25:00,116.15625,116.15625,116.15625,116.15625,96
2026-04-06T10:30:00,116.1875,116.21875,116.1875,116.21875,76
2026-04-06T10:35:00,116.21875,116.21875,116.1875,116.1875,140
2026-04-06T10:40:00,116.21875,116.21875,116.21875,116.21875,68
2026-04-06T10:45:00,116.21875,116.25,116.03125,116.25,2804
2026-04-06T10:50:00,116.25,116.34375,116.25,116.34375,332
2026-04-06T10:55:00,116.34375,116.34375,116.3125,116.34375,303
2026-04-06T11:00:00,116.34375,116.34375,116.3125,116.3125,648
2026-04-06T11:05:00,116.3125,116.34375,116.28125,116.3125,385
2026-04-06T11:10:00,116.28125,116.28125,116.21875,116.21875,273
2026-04-06T11:15:00,116.25,116.25,116.25,116.25,241
2026-04-06T11:20:00,116.25,116.25,116.15625,116.15625,324
2026-04-06T11:25:00,116.125,116.125,115.96875,115.96875,618
2026-04-06T11:30:00,116.0,116.09375,115.96875,116.09375,1197
2026-04-06T11:35:00,116.0625,116.09375,116.03125,116.03125,520
2026-04-06T11:40:00,116.0625,116.09375,116.0625,116.0625,706
2026-04-06T11:45:00,116.0625,116.09375,116.0625,116.09375,629
2026-04-06T11:50:00,116.09375,116.15625,116.09375,116.125,513
2026-04-06T11:55:00,116.09375,116.09375,116.0625,116.0625,601
2026-04-06T12:00:00,116.03125,116.03125,115.96875,115.96875,1098
2026-04-06T12:05:00,115.96875,116.0625,115.96875,116.0,722
2026-04-06T12:10:00,116.0,116.03125,115.96875,116.0,817
2026-04-06T12:15:00,116.03125,116.125,116.03125,116.125,712
2026-04-06T12:20:00,116.09375,116.09375,116.0,116.03125,1805
2026-04-06T12:25:00,116.0625,116.09375,116.03125,116.09375,829
2026-04-06T12:30:00,116.125,116.40625,116.125,116.40625,2238
2026-04-06T12:35:00,116.375,116.4375,116.3125,116.375,2860
2026-04-06T12:40:00,116.375,116.46875,116.375,116.4375,2242
2026-04-06T12:45:00,116.46875,116.5625,116.46875,116.5625,2065
2026-04-06T12:50:00,116.5625,116.65625,116.5625,116.65625,2107
2026-04-06T12:55:00,116.625,116.65625,116.5625,116.65625,2576
2026-04-06T13:00:00,116.65625,116.71875,116.53125,116.53125,3324
2026-04-06T13:05:00,116.53125,116.5625,116.46875,116.53125,728
2026-04-06T13:10:00,116.5,116.5,116.40625,116.46875,1130
2026-04-06T13:15:00,116.46875,116.53125,116.46875,116.46875,1120
2026-04-06T13:20:00,116.5,116.5,116.40625,116.46875,991
2026-04-06T13:25:00,116.46875,116.5,116.40625,116.40625,1206
2026-04-06T13:30:00,116.40625,116.4375,116.375,116.40625,1370
2026-04-06T13:35:00,116.40625,116.4375,116.375,116.40625,1052
2026-04-06T13:40:00,116.375,116.5,116.375,116.46875,1251
2026-04-06T13:45:00,116.46875,116.5,116.4375,116.4375,1354
2026-04-06T13:50:00,116.40625,116.5,116.40625,116.46875,987
2026-04-06T13:55:00,116.5,116.5,116.4375,116.46875,1247
2026-04-06T14:00:00,116.5,116.65625,116.3125,116.3125,4406
2026-04-06T14:05:00,116.3125,116.375,116.28125,116.375,1931
2026-04-06T14:10:00,116.34375,116.59375,116.34375,116.59375,2760
2026-04-06T14:15:00,116.59375,116.71875,116.59375,116.71875,3493
2026-04-06T14:20:00,116.71875,116.78125,116.6875,116.75,2085
2026-04-06T14:25:00,116.75,116.78125,116.75,116.75,1814
2026-04-06T14:30:00,116.78125,116.8125,116.71875,116.71875,1677
2026-04-06T14:35:00,116.75,116.8125,116.59375,116.625,4053
2026-04-06T14:40:00,116.65625,116.75,116.625,116.71875,1923
2026-04-06T14:45:00,116.71875,116.71875,116.625,116.625,1916
2026-04-06T14:50:00,116.65625,116.71875,116.625,116.6875,1946
2026-04-06T14:55:00,116.6875,116.75,116.65625,116.6875,2224
2026-04-06T15:00:00,116.71875,116.8125,116.71875,116.71875,2012
2026-04-06T15:05:00,116.71875,116.75,116.625,116.75,1129
2026-04-06T15:10:00,116.75,116.75,116.65625,116.65625,2449
2026-04-06T15:15:00,116.65625,116.71875,116.625,116.65625,1770
2026-04-06T15:20:00,116.625,116.625,116.53125,116.53125,1991
2026-04-06T15:25:00,116.53125,116.625,116.53125,116.59375,1806
2026-04-06T15:30:00,116.59375,116.65625,116.59375,116.625,1468
2026-04-06T15:35:00,116.625,116.65625,116.5625,116.625,1720
2026-04-06T15:40:00,116.65625,116.75,116.625,116.75,2038
2026-04-06T15:45:00,116.75,116.8125,116.71875,116.78125,1831
2026-04-06T15:50:00,116.78125,116.8125,116.75,116.8125,1374
2026-04-06T15:55:00,116.8125,116.8125,116.75,116.78125,781
2026-04-06T16:00:00,116.78125,116.84375,116.71875,116.84375,883
2026-04-06T16:05:00,116.84375,116.84375,116.75,116.75,1257
2026-04-06T16:10:00,116.78125,116.84375,116.75,116.8125,856
2026-04-06T16:15:00,116.8125,116.8125,116.75,116.75,682
2026-04-06T16:20:00,116.78125,116.78125,116.75,116.78125,556
2026-04-06T16:25:00,116.8125,116.84375,116.78125,116.8125,493
2026-04-06T16:30:00,116.78125,116.84375,116.78125,116.8125,1168
2026-04-06T16:35:00,116.8125,116.8125,116.75,116.75,1050
2026-04-06T16:40:00,116.75,116.8125,116.71875,116.78125,871
2026-04-06T16:45:00,116.78125,116.8125,116.75,116.75,1084
2026-04-06T16:50:00,116.78125,116.78125,116.6875,116.6875,1784
2026-04-06T16:55:00,116.6875,116.6875,116.65625,116.65625,1382
2026-04-06T17:00:00,116.65625,116.6875,116.625,116.65625,1766
2026-04-06T17:05:00,116.625,116.6875,116.625,116.65625,1687
2026-04-06T17:10:00,116.65625,116.65625,116.5,116.53125,1876
2026-04-06T17:15:00,116.5,116.53125,116.4375,116.53125,1225
2026-04-06T17:20:00,116.5625,116.59375,116.53125,116.59375,1120
2026-04-06T17:25:00,116.59375,116.625,116.5625,116.59375,438
2026-04-06T17:30:00,116.59375,116.65625,116.59375,116.625,675
2026-04-06T17:35:00,116.59375,116.625,116.59375,116.625,342
2026-04-06T17:40:00,116.625,116.625,116.59375,116.625,1926
2026-04-06T17:45:00,116.65625,116.65625,116.53125,116.59375,1147
2026-04-06T17:50:00,116.625,116.625,116.59375,116.59375,441
2026-04-06T17:55:00,116.59375,116.625,116.5625,116.59375,424
2026-04-06T18:00:00,116.5625,116.625,116.5625,116.625,1257
2026-04-06T18:05:00,116.625,116.65625,116.625,116.65625,641
2026-04-06T18:10:00,116.6875,116.75,116.6875,116.71875,1347
2026-04-06T18:15:00,116.75,116.875,116.71875,116.84375,1768
2026-04-06T18:20:00,116.84375,116.90625,116.84375,116.875,2089
2026-04-06T18:25:00,116.84375,116.875,116.8125,116.8125,3353
2026-04-06T18:30:00,116.84375,116.875,116.8125,116.8125,1344
2026-04-06T18:35:00,116.84375,116.875,116.78125,116.8125,1566
2026-04-06T18:40:00,116.78125,116.78125,116.6875,116.71875,1478
2026-04-06T18:45:00,116.71875,116.78125,116.6875,116.71875,996
2026-04-06T18:50:00,116.71875,116.75,116.6875,116.75,1591
2026-04-06T18:55:00,116.75,116.75,116.65625,116.65625,4541
2026-04-06T19:00:00,116.6875,116.71875,116.625,116.71875,1731
2026-04-06T19:05:00,116.71875,116.75,116.6875,116.71875,1103
2026-04-06T19:10:00,116.6875,116.71875,116.65625,116.65625,563
2026-04-06T19:15:00,116.6875,116.71875,116.65625,116.6875,1012
2026-04-06T19:20:00,116.6875,116.6875,116.6875,116.6875,400
2026-04-06T19:25:00,116.65625,116.71875,116.65625,116.6875,373
2026-04-06T19:30:00,116.6875,116.71875,116.6875,116.71875,161
2026-04-06T19:35:00,116.6875,116.71875,116.65625,116.65625,669
2026-04-06T19:40:00,116.65625,116.6875,116.65625,116.6875,1345
2026-04-06T19:45:00,116.71875,116.71875,116.6875,116.71875,917
2026-04-06T19:50:00,116.6875,116.75,116.6875,116.6875,752
2026-04-06T19:55:00,116.71875,116.71875,116.625,116.65625,5825
2026-04-06T20:00:00,116.65625,116.65625,116.5625,116.59375,4735
2026-04-06T20:05:00,116.59375,116.625,116.5625,116.625,1023
2026-04-06T20:10:00,116.59375,116.625,116.59375,116.59375,750
2026-04-06T20:15:00,116.5625,116.625,116.5625,116.625,96
2026-04-06T20:20:00,116.59375,116.625,116.5625,116.59375,594
2026-04-06T20:25:00,116.59375,116.625,116.59375,116.59375,515
2026-04-06T20:30:00,116.59375,116.59375,116.5625,116.59375,169
2026-04-06T20:35:00,116.625,116.625,116.59375,116.59375,160
2026-04-06T20:40:00,116.59375,116.65625,116.59375,116.65625,189
2026-04-06T20:45:00,116.625,116.625,116.625,116.625,507
2026-04-06T20:50:00,116.625,116.65625,116.625,116.65625,534
2026-04-06T20:55:00,116.65625,116.71875,116.65625,116.65625,723
2026-04-06T22:00:00,116.625,116.6875,116.625,116.6875,88
2026-04-06T22:05:00,116.65625,116.65625,116.625,116.625,29
2026-04-06T22:15:00,116.625,116.625,116.625,116.625,31
2026-04-06T22:20:00,116.625,116.625,116.625,116.625,12
2026-04-06T22:30:00,116.625,116.625,116.59375,116.59375,58
2026-04-06T22:35:00,116.59375,116.59375,116.59375,116.59375,9
2026-04-06T22:45:00,116.625,116.65625,116.625,116.65625,60
2026-04-06T22:50:00,116.625,116.625,116.625,116.625,88
2026-04-06T22:55:00,116.65625,116.65625,116.65625,116.65625,69
2026-04-06T23:00:00,116.65625,116.65625,116.625,116.625,7
2026-04-06T23:30:00,116.65625,116.6875,116.65625,116.65625,99
2026-04-06T23:35:00,116.65625,116.65625,116.625,116.625,7
2026-04-06T23:40:00,116.625,116.625,116.59375,116.625,130
2026-04-06T23:45:00,116.625,116.65625,116.625,116.65625,229
2026-04-06T23:50:00,116.625,116.625,116.625,116.625,57
2026-04-06T23:55:00,116.625,116.625,116.59375,116.59375,197
2026-04-07T00:00:00,116.59375,116.59375,116.53125,116.53125,183
2026-04-07T00:05:00,116.53125,116.5625,116.5,116.53125,338
2026-04-07T00:10:00,116.53125,116.5625,116.53125,116.5625,192
2026-04-07T00:15:00,116.5625,116.6875,116.5625,116.65625,514
2026-04-07T00:20:00,116.65625,116.6875,116.625,116.625,146
2026-04-07T00:25:00,116.59375,116.59375,116.5625,116.5625,341
2026-04-07T00:30:00,116.5625,116.59375,116.5625,116.59375,116
2026-04-07T00:35:00,116.59375,116.59375,116.5,116.5,316
2026-04-07T00:40:00,116.53125,116.5625,116.53125,116.53125,235
2026-04-07T00:45:00,116.5625,116.625,116.5625,116.59375,114
2026-04-07T00:50:00,116.59375,116.625,116.59375,116.625,195
2026-04-07T00:55:00,116.625,116.65625,116.625,116.65625,111
2026-04-07T01:00:00,116.6875,116.75,116.65625,116.75,583
2026-04-07T01:05:00,116.78125,116.78125,116.65625,116.65625,228
2026-04-07T01:10:00,116.65625,116.6875,116.625,116.625,406
2026-04-07T01:15:00,116.65625,116.65625,116.625,116.65625,590
2026-04-07T01:20:00,116.65625,116.65625,116.5625,116.5625,433
2026-04-07T01:25:00,116.59375,116.625,116.59375,116.625,252
2026-04-07T01:30:00,116.59375,116.625,116.59375,116.59375,316
2026-04-07T01:35:00,116.5625,116.5625,116.375,116.4375,626
2026-04-07T01:40:00,116.40625,116.40625,116.375,116.375,292
2026-04-07T01:45:00,116.40625,116.4375,116.375,116.40625,280
2026-04-07T01:50:00,116.375,116.40625,116.375,116.375,158
2026-04-07T01:55:00,116.34375,116.34375,116.3125,116.34375,203
2026-04-07T02:00:00,116.34375,116.34375,116.3125,116.3125,523
2026-04-07T02:05:00,116.3125,116.375,116.3125,116.34375,388
2026-04-07T02:10:00,116.34375,116.375,116.34375,116.375,45
2026-04-07T02:15:00,116.375,116.375,116.34375,116.375,89
2026-04-07T02:20:00,116.34375,116.34375,116.3125,116.34375,67
2026-04-07T02:25:00,116.34375,116.34375,116.3125,116.34375,80
2026-04-07T02:30:00,116.375,116.375,116.3125,116.3125,45
2026-04-07T02:35:00,116.3125,116.3125,116.3125,116.3125,52
2026-04-07T02:40:00,116.34375,116.34375,116.28125,116.3125,80
2026-04-07T02:45:00,116.3125,116.34375,116.3125,116.3125,110
2026-04-07T02:50:00,116.3125,116.3125,116.3125,116.3125,3
2026-04-07T02:55:00,116.34375,116.375,116.3125,116.375,116
2026-04-07T03:00:00,116.375,116.375,116.34375,116.34375,67
2026-04-07T03:05:00,116.34375,116.34375,116.3125,116.3125,19
2026-04-07T03:10:00,116.3125,116.34375,116.3125,116.3125,64
2026-04-07T03:15:00,116.3125,116.3125,116.3125,116.3125,192
2026-04-07T03:20:00,116.3125,116.3125,116.3125,116.3125,89
2026-04-07T03:25:00,116.3125,116.34375,116.3125,116.34375,117
2026-04-07T03:30:00,116.34375,116.375,116.3125,116.3125,59
2026-04-07T03:35:00,116.34375,116.375,116.34375,116.375,173
2026-04-07T03:40:00,116.375,116.40625,116.375,116.40625,183
2026-04-07T03:45:00,116.40625,116.40625,116.375,116.375,117
2026-04-07T03:50:00,116.375,116.375,116.3125,116.3125,85
2026-04-07T03:55:00,116.34375,116.34375,116.3125,116.3125,24
2026-04-07T04:00:00,116.3125,116.375,116.3125,116.34375,74
2026-04-07T04:05:00,116.3125,116.34375,116.3125,116.3125,276
2026-04-07T04:10:00,116.34375,116.34375,116.28125,116.28125,430
2026-04-07T04:15:00,116.3125,116.34375,116.3125,116.3125,212
2026-04-07T04:20:00,116.34375,116.34375,116.3125,116.3125,6
2026-04-07T04:25:00,116.34375,116.34375,116.3125,116.34375,162
2026-04-07T04:30:00,116.34375,116.375,116.3125,116.3125,165
2026-04-07T04:35:00,116.3125,116.34375,116.3125,116.34375,9
2026-04-07T04:40:00,116.34375,116.375,116.34375,116.34375,120
2026-04-07T04:45:00,116.375,116.375,116.34375,116.375,344
2026-04-07T04:50:00,116.375,116.40625,116.34375,116.375,154
2026-04-07T04:55:00,116.375,116.40625,116.375,116.375,67
2026-04-07T05:00:00,116.375,116.375,116.34375,116.34375,116
2026-04-07T05:05:00,116.34375,116.375,116.34375,116.34375,5
2026-04-07T05:10:00,116.34375,116.375,116.34375,116.375,14
2026-04-07T05:15:00,116.375,116.375,116.34375,116.375,18
2026-04-07T05:20:00,116.34375,116.375,116.28125,116.3125,259
2026-04-07T05:25:00,116.3125,116.3125,116.25,116.25,191
2026-04-07T05:30:00,116.28125,116.28125,116.21875,116.28125,419
2026-04-07T05:35:00,116.25,116.3125,116.25,116.28125,240
2026-04-07T05:40:00,116.28125,116.28125,116.25,116.25,157
2026-04-07T05:45:00,116.28125,116.28125,116.25,116.28125,199
2026-04-07T05:50:00,116.28125,116.3125,116.28125,116.3125,120
2026-04-07T05:55:00,116.3125,116.3125,116.28125,116.3125,35
2026-04-07T06:00:00,116.3125,116.3125,116.25,116.25,228
2026-04-07T06:05:00,116.21875,116.25,116.1875,116.21875,276
2026-04-07T06:10:00,116.21875,116.25,116.21875,116.25,370
2026-04-07T06:15:00,116.21875,116.28125,116.21875,116.21875,315
2026-04-07T06:20:00,116.25,116.28125,116.25,116.28125,159
2026-04-07T06:25:00,116.28125,116.34375,116.28125,116.34375,216
2026-04-07T06:30:00,116.34375,116.34375,116.28125,116.28125,157
2026-04-07T06:35:00,116.25,116.34375,116.25,116.28125,476
2026-04-07T06:40:00,116.28125,116.375,116.28125,116.34375,178
2026-04-07T06:45:00,116.34375,116.34375,116.28125,116.28125,124
2026-04-07T06:50:00,116.28125,116.34375,116.28125,116.3125,191
2026-04-07T06:55:00,116.3125,116.34375,116.3125,116.3125,93
2026-04-07T07:00:00,116.34375,116.40625,116.3125,116.40625,429
2026-04-07T07:05:00,116.375,116.375,116.34375,116.375,447
2026-04-07T07:10:00,116.375,116.40625,116.34375,116.40625,440
2026-04-07T07:15:00,116.40625,116.46875,116.40625,116.4375,430
2026-04-07T07:20:00,116.4375,116.4375,116.375,116.40625,179
2026-04-07T07:25:00,116.40625,116.40625,116.34375,116.375,432
2026-04-07T07:30:00,116.375,116.4375,116.375,116.40625,252
2026-04-07T07:35:00,116.40625,116.40625,116.34375,116.34375,419
2026-04-07T07:40:00,116.375,116.375,116.34375,116.375,178
2026-04-07T07:45:00,116.375,116.375,116.3125,116.3125,473
2026-04-07T07:50:00,116.3125,116.34375,116.28125,116.28125,276
2026-04-07T07:55:00,116.28125,116.40625,116.28125,116.40625,1016
2026-04-07T08:00:00,116.40625,116.65625,116.40625,116.5,2319
2026-04-07T08:05:00,116.5,116.53125,116.4375,116.5,768
2026-04-07T08:10:00,116.5,116.65625,116.5,116.65625,974
2026-04-07T08:15:00,116.65625,116.6875,116.5625,116.625,826
2026-04-07T08:20:00,116.65625,116.71875,116.65625,116.65625,1099
2026-04-07T08:25:00,116.625,116.65625,116.59375,116.625,425
2026-04-07T08:30:00,116.625,116.71875,116.625,116.6875,1271
2026-04-07T08:35:00,116.71875,116.75,116.71875,116.75,392
2026-04-07T08:40:00,116.71875,116.71875,116.65625,116.71875,448
2026-04-07T08:45:00,116.71875,116.71875,116.65625,116.65625,321
2026-04-07T08:50:00,116.65625,116.65625,116.625,116.65625,294
2026-04-07T08:55:00,116.625,116.6875,116.625,116.65625,485
2026-04-07T09:00:00,116.625,116.71875,116.625,116.71875,331
2026-04-07T09:05:00,116.6875,116.78125,116.65625,116.78125,324
2026-04-07T09:10:00,116.78125,116.78125,116.71875,116.71875,425
2026-04-07T09:15:00,116.6875,116.75,116.6875,116.71875,546
2026-04-07T09:20:00,116.71875,116.71875,116.71875,116.71875,228
2026-04-07T09:25:00,116.71875,116.75,116.6875,116.71875,610
2026-04-07T09:30:00,116.71875,116.75,116.6875,116.75,253
2026-04-07T09:35:00,116.75,116.75,116.71875,116.75,294
2026-04-07T09:40:00,116.75,116.78125,116.75,116.75,247
2026-04-07T09:45:00,116.75,116.75,116.6875,116.71875,202
2026-04-07T09:50:00,116.71875,116.78125,116.71875,116.75,2437
2026-04-07T09:55:00,116.75,116.78125,116.75,116.78125,130
2026-04-07T10:00:00,116.75,116.8125,116.75,116.75,204
2026-04-07T10:05:00,116.75,116.78125,116.5625,116.6875,1428
2026-04-07T10:10:00,116.6875,116.78125,116.65625,116.75,924
2026-04-07T10:15:00,116.75,116.75,116.71875,116.71875,349
2026-04-07T10:20:00,116.71875,116.75,116.65625,116.6875,626
2026-04-07T10:25:00,116.6875,116.6875,116.46875,116.53125,2378
2026-04-07T10:30:00,116.5625,116.625,116.53125,116.5625,813
2026-04-07T10:35:00,116.5625,116.625,116.5625,116.5625,773
2026-04-07T10:40:00,116.5625,116.5625,116.46875,116.53125,1000
2026-04-07T10:45:00,116.53125,116.53125,116.46875,116.5,928
2026-04-07T10:50:00,116.5,116.53125,116.4375,116.5,720
2026-04-07T10:55:00,116.53125,116.53125,116.46875,116.46875,823
2026-04-07T11:00:00,116.5,116.53125,116.46875,116.5,568
2026-04-07T11:05:00,116.5,116.5,116.40625,116.4375,520
2026-04-07T11:10:00,116.4375,116.5,116.40625,116.46875,611
2026-04-07T11:15:00,116.46875,116.46875,116.4375,116.4375,603
2026-04-07T11:20:00,116.4375,116.4375,116.40625,116.40625,1157
2026-04-07T11:25:00,116.4375,116.4375,116.40625,116.40625,480
2026-04-07T11:30:00,116.40625,116.4375,116.40625,116.4375,482
2026-04-07T11:35:00,116.4375,116.5,116.4375,116.4375,1017
2026-04-07T11:40:00,116.4375,116.46875,116.40625,116.46875,615
2026-04-07T11:45:00,116.46875,116.46875,116.375,116.375,458
2026-04-07T11:50:00,116.375,116.40625,116.3125,116.34375,1020
2026-04-07T11:55:00,116.34375,116.375,116.34375,116.34375,1136
2026-04-07T12:00:00,116.34375,116.34375,116.28125,116.28125,1775
2026-04-07T12:05:00,116.28125,116.375,116.21875,116.21875,3823
2026-04-07T12:10:00,116.25,116.28125,116.1875,116.28125,2011
2026-04-07T12:15:00,116.28125,116.34375,116.21875,116.3125,2380
2026-04-07T12:20:00,116.3125,116.4375,116.25,116.40625,2507
2026-04-07T12:25:00,116.40625,116.46875,116.40625,116.4375,751
2026-04-07T12:30:00,116.4375,116.53125,116.4375,116.5,1470
2026-04-07T12:35:00,116.5,116.53125,116.4375,116.5,1371
2026-04-07T12:40:00,116.53125,116.53125,116.40625,116.4375,697
2026-04-07T12:45:00,116.46875,116.46875,116.375,116.375,1074
2026-04-07T12:50:00,116.375,116.46875,116.375,116.4375,862
2026-04-07T12:55:00,116.4375,116.53125,116.40625,116.40625,3273
2026-04-07T13:00:00,116.40625,116.53125,116.375,116.5,1479
2026-04-07T13:05:00,116.53125,116.59375,116.53125,116.5625,2031
2026-04-07T13:10:00,116.5625,116.5625,116.5,116.5,3477
2026-04-07T13:15:00,116.5,116.5625,116.40625,116.4375,2374
2026-04-07T13:20:00,116.40625,116.5,116.40625,116.46875,3524
2026-04-07T13:25:00,116.46875,116.5,116.4375,116.4375,2205
2026-04-07T13:30:00,116.46875,116.5,116.25,116.25,2702
2026-04-07T13:35:00,116.25,116.28125,116.0625,116.09375,6192
2026-04-07T13:40:00,116.0625,116.09375,115.90625,115.90625,4238
2026-04-07T13:45:00,115.90625,116.0625,115.90625,116.0625,4070
2026-04-07T13:50:00,116.0625,116.25,116.0625,116.25,3340
2026-04-07T13:55:00,116.25,116.25,116.15625,116.1875,2894
2026-04-07T14:00:00,116.1875,116.1875,116.03125,116.0625,4052
2026-04-07T14:05:00,116.0625,116.0625,115.9375,116.0,3057
2026-04-07T14:10:00,116.03125,116.03125,115.90625,115.9375,2901
2026-04-07T14:15:00,115.9375,115.96875,115.84375,115.875,2551
2026-04-07T14:20:00,115.875,116.03125,115.875,116.0,3770
2026-04-07T14:25:00,116.0,116.0,115.9375,115.96875,1319
2026-04-07T14:30:00,115.96875,116.09375,115.90625,116.0625,2635
2026-04-07T14:35:00,116.0625,116.0625,115.9375,115.9375,1829
2026-04-07T14:40:00,115.96875,116.0,115.90625,115.90625,1902
2026-04-07T14:45:00,115.90625,116.0625,115.90625,115.90625,3175
2026-04-07T14:50:00,115.875,115.9375,115.84375,115.875,1878
2026-04-07T14:55:00,115.875,115.90625,115.8125,115.8125,3107
2026-04-07T15:00:00,115.8125,115.84375,115.65625,115.65625,4190
2026-04-07T15:05:00,115.625,115.6875,115.59375,115.6875,5211
2026-04-07T15:10:00,115.6875,115.78125,115.6875,115.75,3545
2026-04-07T15:15:00,115.75,115.96875,115.75,115.96875,5134
2026-04-07T15:20:00,115.9375,115.9375,115.84375,115.875,2462
2026-04-07T15:25:00,115.90625,115.96875,115.90625,115.96875,2039
2026-04-07T15:30:00,115.96875,116.0,115.90625,116.0,2396
2026-04-07T15:35:00,115.96875,116.03125,115.9375,115.96875,4002
2026-04-07T15:40:00,115.9375,115.9375,115.90625,115.9375,1119
2026-04-07T15:45:00,115.90625,115.9375,115.875,115.875,617
2026-04-07T15:50:00,115.875,115.9375,115.84375,115.90625,3731
2026-04-07T15:55:00,115.90625,116.03125,115.875,116.0,6965
2026-04-07T16:00:00,116.0,116.125,115.96875,116.125,4227
2026-04-07T16:05:00,116.125,116.21875,116.09375,116.15625,2556
2026-04-07T16:10:00,116.15625,116.15625,116.03125,116.09375,1768
2026-04-07T16:15:00,116.0625,116.09375,115.9375,116.0,5889
2026-04-07T16:20:00,116.0,116.09375,115.96875,116.03125,3516
2026-04-07T16:25:00,116.03125,116.0625,116.0,116.03125,1989
2026-04-07T16:30:00,116.03125,116.09375,116.0,116.03125,1114
2026-04-07T16:35:00,116.03125,116.0625,115.9375,115.9375,1150
2026-04-07T16:40:00,115.96875,115.96875,115.90625,115.96875,688
2026-04-07T16:45:00,115.96875,116.0,115.9375,115.9375,1127
2026-04-07T16:50:00,115.9375,115.96875,115.90625,115.90625,1195
2026-04-07T16:55:00,115.90625,115.9375,115.84375,115.84375,889
2026-04-07T17:00:00,115.84375,115.96875,115.8125,115.96875,1830
2026-04-07T17:05:00,115.9375,115.96875,115.90625,115.9375,1495
2026-04-07T17:10:00,115.90625,115.90625,115.84375,115.875,1976
2026-04-07T17:15:00,115.875,115.90625,115.78125,115.78125,1651
2026-04-07T17:20:00,115.8125,115.84375,115.8125,115.84375,1804
2026-04-07T17:25:00,115.84375,115.875,115.8125,115.84375,1048
2026-04-07T17:30:00,115.875,115.96875,115.875,115.96875,1501
2026-04-07T17:35:00,115.96875,116.0625,115.9375,116.03125,3280
2026-04-07T17:40:00,116.03125,116.03125,116.0,116.0,1103
2026-04-07T17:45:00,116.0,116.0,115.96875,115.96875,1413
2026-04-07T17:50:00,115.96875,116.0,115.96875,116.0,593
2026-04-07T17:55:00,116.0,116.03125,115.96875,116.0,1280
2026-04-07T18:00:00,116.0,116.0625,115.96875,116.0625,1590
2026-04-07T18:05:00,116.0625,116.09375,116.0625,116.09375,1273
2026-04-07T18:10:00,116.09375,116.125,116.09375,116.125,956
2026-04-07T18:15:00,116.125,116.1875,116.09375,116.1875,1272
2026-04-07T18:20:00,116.21875,116.21875,116.15625,116.15625,782
2026-04-07T18:25:00,116.15625,116.1875,116.15625,116.1875,837
2026-04-07T18:30:00,116.1875,116.21875,116.1875,116.1875,1709
2026-04-07T18:35:00,116.1875,116.21875,116.1875,116.1875,851
2026-04-07T18:40:00,116.21875,116.21875,116.15625,116.1875,755
2026-04-07T18:45:00,116.1875,116.21875,116.15625,116.1875,1680
2026-04-07T18:50:00,116.1875,116.1875,116.125,116.15625,1228
2026-04-07T18:55:00,116.15625,116.15625,116.0625,116.125,3273
2026-04-07T19:00:00,116.09375,116.25,116.09375,116.21875,2550
2026-04-07T19:05:00,116.1875,116.34375,116.1875,116.28125,3814
2026-04-07T19:10:00,116.28125,116.3125,116.28125,116.28125,975
2026-04-07T19:15:00,116.28125,116.40625,116.28125,116.375,5114
2026-04-07T19:20:00,116.40625,116.4375,116.34375,116.375,2924
2026-04-07T19:25:00,116.375,116.4375,116.375,116.4375,2795
2026-04-07T19:30:00,116.4375,116.46875,116.40625,116.46875,1015
2026-04-07T19:35:00,116.4375,116.46875,116.4375,116.46875,2335
2026-04-07T19:40:00,116.4375,116.5,116.40625,116.46875,3315
2026-04-07T19:45:00,116.4375,116.65625,116.4375,116.53125,11552
2026-04-07T19:50:00,116.5625,116.625,116.53125,116.53125,4082
2026-04-07T19:55:00,116.53125,116.625,116.5,116.5625,21927
2026-04-07T20:00:00,116.5625,116.6875,116.5625,116.625,7868
2026-04-07T20:05:00,116.65625,116.75,116.65625,116.75,3170
2026-04-07T20:10:00,116.75,116.78125,116.71875,116.78125,2182
2026-04-07T20:15:00,116.78125,116.84375,116.78125,116.8125,2290
2026-04-07T20:20:00,116.8125,116.84375,116.8125,116.8125,578
2026-04-07T20:25:00,116.8125,116.84375,116.75,116.75,1226
2026-04-07T20:30:00,116.75,116.8125,116.71875,116.78125,1551
2026-04-07T20:35:00,116.78125,116.8125,116.71875,116.75,738
2026-04-07T20:40:00,116.75,116.90625,116.75,116.875,3142
2026-04-07T20:45:00,116.90625,116.90625,116.875,116.90625,1010
2026-04-07T20:50:00,116.875,116.90625,116.875,116.875,321
2026-04-07T20:55:00,116.875,117.0,116.875,116.96875,1551
2026-04-07T22:00:00,117.0,117.1875,116.875,117.0,933
2026-04-07T22:05:00,117.0,117.1875,117.0,117.09375,800
2026-04-07T22:10:00,117.0625,117.0625,117.0,117.0,424
2026-04-07T22:15:00,117.0,117.0,116.90625,116.96875,531
2026-04-07T22:20:00,116.9375,117.0,116.90625,117.0,301
2026-04-07T22:25:00,116.96875,116.96875,116.96875,116.96875,46
2026-04-07T22:30:00,116.96875,117.28125,116.84375,117.15625,1601
2026-04-07T22:35:00,117.15625,117.3125,117.15625,117.28125,961
2026-04-07T22:40:00,117.28125,117.3125,117.15625,117.28125,792
2026-04-07T22:45:00,117.25,117.25,117.125,117.1875,500
2026-04-07T22:50:00,117.1875,117.28125,117.1875,117.25,355
2026-04-07T22:55:00,117.25,117.375,117.25,117.34375,913
2026-04-07T23:00:00,117.34375,117.46875,117.34375,117.46875,617
2026-04-07T23:05:00,117.4375,117.4375,117.25,117.28125,850
2026-04-07T23:10:00,117.3125,117.3125,117.25,117.3125,319
2026-04-07T23:15:00,117.3125,117.34375,117.28125,117.3125,406
2026-04-07T23:20:00,117.3125,117.40625,117.3125,117.40625,450
2026-04-07T23:25:00,117.40625,117.40625,117.25,117.25,803
2026-04-07T23:30:00,117.28125,117.375,117.28125,117.3125,549
2026-04-07T23:35:00,117.3125,117.34375,117.28125,117.34375,975
2026-04-07T23:40:00,117.375,117.46875,117.375,117.40625,1447
2026-04-07T23:45:00,117.40625,117.4375,117.34375,117.375,449
2026-04-07T23:50:00,117.375,117.46875,117.34375,117.46875,1443
2026-04-07T23:55:00,117.4375,117.46875,117.40625,117.4375,670
2026-04-08T00:00:00,117.4375,117.53125,117.40625,117.46875,2197
2026-04-08T00:05:00,117.4375,117.5,117.375,117.46875,1968
2026-04-08T00:10:00,117.46875,117.5625,117.4375,117.4375,827
2026-04-08T00:15:00,117.46875,117.46875,117.375,117.375,1471
2026-04-08T00:20:00,117.40625,117.40625,117.375,117.375,666
2026-04-08T00:25:00,117.375,117.375,117.28125,117.28125,1125
2026-04-08T00:30:00,117.28125,117.3125,117.1875,117.28125,3867
2026-04-08T00:35:00,117.3125,117.375,117.28125,117.34375,738
2026-04-08T00:40:00,117.34375,117.375,117.3125,117.3125,674
2026-04-08T00:45:00,117.3125,117.375,117.3125,117.34375,1098
2026-04-08T00:50:00,117.34375,117.375,117.21875,117.25,904
2026-04-08T00:55:00,117.21875,117.25,117.21875,117.25,491
2026-04-08T01:00:00,117.25,117.28125,117.21875,117.21875,895
2026-04-08T01:05:00,117.21875,117.34375,117.21875,117.34375,610
2026-04-08T01:10:00,117.34375,117.34375,117.28125,117.3125,807
2026-04-08T01:15:00,117.3125,117.34375,117.3125,117.3125,478
2026-04-08T01:20:00,117.3125,117.3125,117.25,117.25,677
2026-04-08T01:25:00,117.25,117.28125,117.21875,117.21875,1045
2026-04-08T01:30:00,117.21875,117.3125,117.1875,117.3125,897
2026-04-08T01:35:00,117.3125,117.40625,117.3125,117.40625,1076
2026-04-08T01:40:00,117.375,117.40625,117.375,117.375,358
2026-04-08T01:45:00,117.40625,117.46875,117.375,117.4375,691
2026-04-08T01:50:00,117.46875,117.46875,117.34375,117.375,798
2026-04-08T01:55:00,117.375,117.40625,117.34375,117.375,647
2026-04-08T02:00:00,117.40625,117.40625,117.375,117.375,316
2026-04-08T02:05:00,117.40625,117.40625,117.375,117.375,76
2026-04-08T02:10:00,117.375,117.40625,117.34375,117.34375,419
2026-04-08T02:15:00,117.34375,117.375,117.34375,117.375,110
2026-04-08T02:20:00,117.375,117.375,117.3125,117.34375,168
2026-04-08T02:25:00,117.375,117.375,117.34375,117.34375,120
2026-04-08T02:30:00,117.375,117.40625,117.375,117.40625,261
2026-04-08T02:35:00,117.4375,117.4375,117.40625,117.4375,79
2026-04-08T02:40:00,117.4375,117.46875,117.40625,117.40625,352
2026-04-08T02:45:00,117.4375,117.46875,117.4375,117.4375,87
2026-04-08T02:50:00,117.46875,117.46875,117.4375,117.4375,182
2026-04-08T02:55:00,117.4375,117.46875,117.40625,117.46875,47
2026-04-08T03:00:00,117.46875,117.46875,117.4375,117.46875,237
2026-04-08T03:05:00,117.46875,117.5,117.46875,117.46875,117
2026-04-08T03:10:00,117.46875,117.5,117.4375,117.46875,99
2026-04-08T03:15:00,117.46875,117.46875,117.4375,117.46875,108
2026-04-08T03:20:00,117.46875,117.46875,117.4375,117.46875,47
2026-04-08T03:25:00,117.46875,117.5,117.46875,117.46875,220
2026-04-08T03:30:00,117.5,117.5,117.46875,117.46875,21
2026-04-08T03:35:00,117.5,117.53125,117.46875,117.53125,457
2026-04-08T03:40:00,117.53125,117.53125,117.46875,117.5,213
2026-04-08T03:45:00,117.5,117.53125,117.5,117.5,127
2026-04-08T03:50:00,117.5,117.53125,117.5,117.5,170
2026-04-08T03:55:00,117.53125,117.53125,117.5,117.5,29
2026-04-08T04:00:00,117.53125,117.53125,117.46875,117.5,359
2026-04-08T04:05:00,117.5,117.5625,117.5,117.53125,609
2026-04-08T04:10:00,117.53125,117.53125,117.5,117.53125,134
2026-04-08T04:15:00,117.53125,117.5625,117.5,117.5,581
2026-04-08T04:20:00,117.5,117.5,117.46875,117.46875,324
2026-04-08T04:25:00,117.5,117.5,117.46875,117.5,184
2026-04-08T04:30:00,117.53125,117.53125,117.5,117.53125,62
2026-04-08T04:35:00,117.53125,117.53125,117.46875,117.46875,517
2026-04-08T04:40:00,117.46875,117.5,117.4375,117.5,166
2026-04-08T04:45:00,117.5,117.5,117.46875,117.46875,154
2026-04-08T04:50:00,117.46875,117.46875,117.4375,117.46875,249
2026-04-08T04:55:00,117.4375,117.46875,117.4375,117.46875,214
2026-04-08T05:00:00,117.5,117.53125,117.5,117.53125,77
2026-04-08T05:05:00,117.53125,117.5625,117.46875,117.46875,540
2026-04-08T05:10:00,117.5,117.53125,117.46875,117.5,803
2026-04-08T05:15:00,117.53125,117.5625,117.53125,117.53125,640
2026-04-08T05:20:00,117.53125,117.5625,117.53125,117.53125,119
2026-04-08T05:25:00,117.53125,117.5625,117.5,117.5625,517
2026-04-08T05:30:00,117.5625,117.625,117.53125,117.59375,570
2026-04-08T05:35:00,117.5625,117.5625,117.53125,117.5625,771
2026-04-08T05:40:00,117.5625,117.59375,117.5625,117.5625,161
2026-04-08T05:45:00,117.5625,117.5625,117.5,117.53125,570
2026-04-08T05:50:00,117.53125,117.5625,117.5,117.53125,471
2026-04-08T05:55:00,117.53125,117.5625,117.53125,117.5625,167
2026-04-08T06:00:00,117.5625,117.59375,117.53125,117.5625,856
2026-04-08T06:05:00,117.5625,117.625,117.5,117.53125,1251
2026-04-08T06:10:00,117.53125,117.59375,117.53125,117.59375,978
2026-04-08T06:15:00,117.59375,117.59375,117.5625,117.59375,617
2026-04-08T06:20:00,117.59375,117.625,117.59375,117.59375,1118
2026-04-08T06:25:00,117.5625,117.5625,117.5,117.53125,297
2026-04-08T06:30:00,117.53125,117.53125,117.4375,117.46875,918
2026-04-08T06:35:00,117.5,117.5625,117.5,117.53125,672
2026-04-08T06:40:00,117.53125,117.5625,117.5,117.53125,1369
2026-04-08T06:45:00,117.5625,117.59375,117.53125,117.5625,732
2026-04-08T06:50:00,117.5625,117.59375,117.4375,117.4375,1187
2026-04-08T06:55:00,117.46875,117.5625,117.46875,117.5,1611
2026-04-08T07:00:00,117.5,117.53125,117.40625,117.4375,2009
2026-04-08T07:05:00,117.4375,117.53125,117.4375,117.53125,776
2026-04-08T07:10:00,117.53125,117.59375,117.5,117.5,2128
2026-04-08T07:15:00,117.5,117.5625,117.46875,117.53125,1360
2026-04-08T07:20:00,117.53125,117.59375,117.53125,117.5625,810
2026-04-08T07:25:00,117.5625,117.5625,117.5,117.53125,712
2026-04-08T07:30:00,117.53125,117.5625,117.5,117.53125,753
2026-04-08T07:35:00,117.5625,117.5625,117.5,117.5,1056
2026-04-08T07:40:00,117.5,117.53125,117.46875,117.53125,813
2026-04-08T07:45:00,117.53125,117.59375,117.53125,117.53125,1030
2026-04-08T07:50:00,117.53125,117.5625,117.53125,117.5625,485
2026-04-08T07:55:00,117.5625,117.5625,117.5,117.53125,852
2026-04-08T08:00:00,117.53125,117.5625,117.5,117.53125,2333
2026-04-08T08:05:00,117.53125,117.53125,117.40625,117.40625,852
2026-04-08T08:10:00,117.4375,117.5,117.40625,117.5,858
2026-04-08T08:15:00,117.5,117.53125,117.46875,117.5,735
2026-04-08T08:20:00,117.5,117.53125,117.4375,117.5,516
2026-04-08T08:25:00,117.5,117.5,117.46875,117.5,164
2026-04-08T08:30:00,117.46875,117.5,117.4375,117.46875,1403
2026-04-08T08:35:00,117.46875,117.59375,117.46875,117.59375,1283
2026-04-08T08:40:00,117.59375,117.625,117.46875,117.5625,1257
2026-04-08T08:45:00,117.5625,117.625,117.53125,117.625,1069
2026-04-08T08:50:00,117.625,117.65625,117.625,117.65625,384
2026-04-08T08:55:00,117.65625,117.65625,117.625,117.625,694
2026-04-08T09:00:00,117.625,117.65625,117.59375,117.65625,1302
2026-04-08T09:05:00,117.625,117.65625,117.59375,117.59375,937
2026-04-08T09:10:00,117.625,117.625,117.59375,117.625,716
2026-04-08T09:15:00,117.625,117.65625,117.625,117.65625,470
2026-04-08T09:20:00,117.65625,117.65625,117.59375,117.625,247
2026-04-08T09:25:00,117.625,117.625,117.53125,117.5625,1102
2026-04-08T09:30:00,117.5625,117.625,117.53125,117.59375,1170
2026-04-08T09:35:00,117.59375,117.625,117.59375,117.59375,1114
2026-04-08T09:40:00,117.59375,117.59375,117.4375,117.46875,1948
2026-04-08T09:45:00,117.46875,117.46875,117.4375,117.4375,1014
2026-04-08T09:50:00,117.46875,117.5,117.40625,117.4375,1832
2026-04-08T09:55:00,117.46875,117.46875,117.40625,117.40625,1409
2026-04-08T10:00:00,117.4375,117.46875,117.4375,117.46875,831
2026-04-08T10:05:00,117.46875,117.5,117.4375,117.5,726
2026-04-08T10:10:00,117.5,117.5,117.4375,117.46875,820
2026-04-08T10:15:00,117.46875,117.46875,117.4375,117.4375,584
2026-04-08T10:20:00,117.4375,117.5,117.4375,117.5,244
2026-04-08T10:25:00,117.5,117.53125,117.5,117.5,222
2026-04-08T10:30:00,117.53125,117.5625,117.53125,117.53125,588
2026-04-08T10:35:00,117.53125,117.5625,117.5,117.53125,897
2026-04-08T10:40:00,117.53125,117.5625,117.53125,117.53125,344
2026-04-08T10:45:00,117.53125,117.53125,117.5,117.5,418
2026-04-08T10:50:00,117.53125,117.5625,117.53125,117.5625,607
2026-04-08T10:55:00,117.5625,117.625,117.5625,117.5625,383
2026-04-08T11:00:00,117.53125,117.59375,117.5,117.5625,768
2026-04-08T11:05:00,117.53125,117.5625,117.5,117.5625,517
2026-04-08T11:10:00,117.53125,117.59375,117.53125,117.59375,484
2026-04-08T11:15:00,117.59375,117.59375,117.53125,117.5625,995
2026-04-08T11:20:00,117.5625,117.59375,117.53125,117.59375,1319
2026-04-08T11:25:00,117.625,117.65625,117.53125,117.5625,1730
2026-04-08T11:30:00,117.5625,117.5625,117.5,117.5625,1430
2026-04-08T11:35:00,117.5625,117.5625,117.46875,117.5,1473
2026-04-08T11:40:00,117.5,117.53125,117.5,117.53125,1474
2026-04-08T11:45:00,117.53125,117.59375,117.53125,117.5625,2159
2026-04-08T11:50:00,117.5625,117.625,117.5,117.5,1055
2026-04-08T11:55:00,117.5,117.5,117.4375,117.4375,1736
2026-04-08T12:00:00,117.46875,117.59375,117.46875,117.59375,2058
2026-04-08T12:05:00,117.59375,117.625,117.5625,117.5625,1652
2026-04-08T12:10:00,117.5625,117.625,117.53125,117.625,1487
2026-04-08T12:15:00,117.59375,117.625,117.4375,117.4375,2519
2026-04-08T12:20:00,117.40625,117.5,117.375,117.4375,7768
2026-04-08T12:25:00,117.4375,117.59375,117.4375,117.59375,1575
2026-04-08T12:30:00,117.5625,117.6875,117.53125,117.65625,3589
2026-04-08T12:35:00,117.6875,117.71875,117.625,117.6875,2784
2026-04-08T12:40:00,117.6875,117.71875,117.65625,117.6875,2027
2026-04-08T12:45:00,117.6875,117.71875,117.625,117.6875,1915
2026-04-08T12:50:00,117.6875,117.6875,117.59375,117.625,2387
2026-04-08T12:55:00,117.65625,117.65625,117.5625,117.5625,3660
2026-04-08T13:00:00,117.5625,117.65625,117.53125,117.625,4796
2026-04-08T13:05:00,117.625,117.625,117.53125,117.53125,2008
2026-04-08T13:10:00,117.53125,117.5625,117.5,117.53125,1682
2026-04-08T13:15:00,117.53125,117.59375,117.53125,117.53125,2713
2026-04-08T13:20:00,117.53125,117.53125,117.40625,117.53125,3901
2026-04-08T13:25:00,117.53125,117.59375,117.5,117.5,1553
2026-04-08T13:30:00,117.53125,117.53125,117.375,117.40625,5553
2026-04-08T13:35:00,117.375,117.375,117.25,117.28125,5816
2026-04-08T13:40:00,117.28125,117.34375,117.25,117.28125,2812
2026-04-08T13:45:00,117.28125,117.375,117.25,117.34375,3235
2026-04-08T13:50:00,117.34375,117.34375,117.25,117.25,2605
2026-04-08T13:55:00,117.25,117.375,117.21875,117.3125,5753
2026-04-08T14:00:00,117.3125,117.34375,117.25,117.28125,4390
2026-04-08T14:05:00,117.3125,117.34375,117.21875,117.28125,3964
2026-04-08T14:10:00,117.28125,117.28125,117.21875,117.21875,1266
2026-04-08T14:15:00,117.21875,117.28125,117.1875,117.1875,4007
2026-04-08T14:20:00,117.1875,117.34375,117.1875,117.3125,7708
2026-04-08T14:25:00,117.28125,117.3125,117.25,117.3125,3453
2026-04-08T14:30:00,117.28125,117.3125,117.21875,117.25,3108
2026-04-08T14:35:00,117.25,117.3125,117.1875,117.25,3829
2026-04-08T14:40:00,117.25,117.28125,117.21875,117.25,1843
2026-04-08T14:45:00,117.28125,117.34375,117.25,117.3125,2048
2026-04-08T14:50:00,117.3125,117.34375,117.25,117.34375,2016
2026-04-08T14:55:00,117.34375,117.34375,117.15625,117.21875,4701
2026-04-08T15:00:00,117.25,117.28125,117.21875,117.25,2159
2026-04-08T15:05:00,117.28125,117.3125,117.1875,117.1875,3028
2026-04-08T15:10:00,117.15625,117.1875,117.09375,117.125,4756
2026-04-08T15:15:00,117.125,117.15625,117.0625,117.125,2028
2026-04-08T15:20:00,117.125,117.21875,117.125,117.21875,2832
2026-04-08T15:25:00,117.1875,117.1875,117.125,117.125,2620
2026-04-08T15:30:00,117.125,117.25,117.125,117.21875,1501
2026-04-08T15:35:00,117.25,117.28125,117.21875,117.28125,1402
2026-04-08T15:40:00,117.3125,117.3125,117.1875,117.1875,638
2026-04-08T15:45:00,117.21875,117.25,117.125,117.125,2472
2026-04-08T15:50:00,117.125,117.125,117.03125,117.03125,3693
2026-04-08T15:55:00,117.03125,117.0625,116.96875,116.96875,1793
2026-04-08T16:00:00,116.96875,117.0625,116.9375,117.0,5904
2026-04-08T16:05:00,117.0,117.0625,116.96875,117.03125,2339
2026-04-08T16:10:00,117.0625,117.09375,117.0,117.0,2269
2026-04-08T16:15:00,117.0,117.0,116.96875,116.96875,1901
2026-04-08T16:20:00,116.96875,117.0,116.9375,117.0,2327
2026-04-08T16:25:00,117.0,117.03125,117.0,117.0,1149
2026-04-08T16:30:00,117.03125,117.03125,116.9375,116.96875,966
2026-04-08T16:35:00,117.0,117.0,116.875,116.90625,2005
2026-04-08T16:40:00,116.90625,116.9375,116.875,116.90625,757
2026-04-08T16:45:00,116.90625,116.96875,116.875,116.9375,3954
2026-04-08T16:50:00,116.9375,117.0,116.9375,116.96875,2833
2026-04-08T16:55:00,116.96875,116.96875,116.9375,116.96875,1211
2026-04-08T17:00:00,116.9375,116.96875,116.84375,116.90625,4164
2026-04-08T17:05:00,116.90625,116.9375,116.875,116.90625,2197
2026-04-08T17:10:00,116.90625,116.96875,116.90625,116.96875,1460
2026-04-08T17:15:00,116.96875,117.0,116.90625,116.90625,1029
2026-04-08T17:20:00,116.9375,116.9375,116.875,116.875,1476
2026-04-08T17:25:00,116.875,116.90625,116.84375,116.90625,2279
2026-04-08T17:30:00,116.875,116.96875,116.875,116.96875,2055
2026-04-08T17:35:00,116.96875,116.96875,116.9375,116.9375,1716
2026-04-08T17:40:00,116.9375,116.96875,116.90625,116.9375,1383
2026-04-08T17:45:00,116.96875,116.96875,116.90625,116.90625,1694
2026-04-08T17:50:00,116.90625,116.96875,116.90625,116.9375,1918
2026-04-08T17:55:00,116.9375,116.96875,116.90625,116.90625,587
2026-04-08T18:00:00,116.90625,116.96875,116.8125,116.96875,3203
2026-04-08T18:05:00,116.96875,117.03125,116.9375,117.03125,937
2026-04-08T18:10:00,117.0,117.03125,116.96875,117.0,1196
2026-04-08T18:15:00,116.96875,117.0,116.78125,116.84375,4536
2026-04-08T18:20:00,116.8125,116.8125,116.71875,116.75,3862
2026-04-08T18:25:00,116.75,116.8125,116.71875,116.8125,2667
2026-04-08T18:30:00,116.8125,116.84375,116.75,116.78125,1137
2026-04-08T18:35:00,116.78125,116.78125,116.75,116.75,1798
2026-04-08T18:40:00,116.71875,116.75,116.6875,116.75,2612
2026-04-08T18:45:00,116.75,116.8125,116.75,116.78125,1294
2026-04-08T18:50:00,116.8125,116.8125,116.75,116.8125,2128
2026-04-08T18:55:00,116.78125,116.84375,116.78125,116.8125,2706
2026-04-08T19:00:00,116.78125,116.84375,116.75,116.78125,2598
2026-04-08T19:05:00,116.78125,116.8125,116.78125,116.8125,995
2026-04-08T19:10:00,116.78125,116.84375,116.78125,116.8125,2318
2026-04-08T19:15:00,116.84375,116.84375,116.78125,116.8125,1559
2026-04-08T19:20:00,116.78125,116.8125,116.78125,116.8125,2885
2026-04-08T19:25:00,116.8125,116.84375,116.75,116.75,1531
2026-04-08T19:30:00,116.78125,116.875,116.78125,116.84375,1822
2026-04-08T19:35:00,116.875,116.9375,116.84375,116.90625,2884
2026-04-08T19:40:00,116.90625,116.90625,116.84375,116.875,1088
2026-04-08T19:45:00,116.84375,116.875,116.78125,116.8125,2309
2026-04-08T19:50:00,116.84375,116.96875,116.84375,116.9375,3732
2026-04-08T19:55:00,116.9375,116.96875,116.875,116.90625,13937
2026-04-08T20:00:00,116.9375,116.9375,116.8125,116.8125,6766
2026-04-08T20:05:00,116.8125,116.84375,116.75,116.78125,993
2026-04-08T20:10:00,116.78125,116.78125,116.71875,116.78125,2684
2026-04-08T20:15:00,116.78125,116.78125,116.71875,116.71875,626
2026-04-08T20:20:00,116.71875,116.71875,116.65625,116.65625,2248
2026-04-08T20:25:00,116.65625,116.6875,116.625,116.625,750
2026-04-08T20:30:00,116.65625,116.71875,116.59375,116.71875,4097
2026-04-08T20:35:00,116.71875,116.71875,116.65625,116.71875,1342
2026-04-08T20:40:00,116.71875,116.84375,116.71875,116.78125,3315
2026-04-08T20:45:00,116.78125,116.84375,116.78125,116.84375,1741
2026-04-08T20:50:00,116.84375,116.875,116.84375,116.84375,1570
2026-04-08T20:55:00,116.84375,116.84375,116.8125,116.8125,526
2026-04-08T22:00:00,116.8125,116.90625,116.8125,116.90625,196
2026-04-08T22:05:00,116.875,116.875,116.875,116.875,8
2026-04-08T22:10:00,116.875,116.875,116.875,116.875,3
2026-04-08T22:15:00,116.90625,116.90625,116.90625,116.90625,119
2026-04-08T22:20:00,116.875,116.90625,116.875,116.875,166
2026-04-08T22:25:00,116.875,116.875,116.875,116.875,4
2026-04-08T22:30:00,116.875,116.875,116.8125,116.84375,272
2026-04-08T22:35:00,116.84375,116.84375,116.8125,116.8125,107
2026-04-08T22:40:00,116.8125,116.8125,116.8125,116.8125,4
2026-04-08T22:45:00,116.84375,116.84375,116.8125,116.84375,126
2026-04-08T22:50:00,116.84375,116.84375,116.84375,116.84375,13
2026-04-08T22:55:00,116.84375,116.84375,116.84375,116.84375,3
2026-04-08T23:00:00,116.84375,116.84375,116.84375,116.84375,16
2026-04-08T23:05:00,116.875,116.875,116.875,116.875,35
2026-04-08T23:10:00,116.90625,116.90625,116.875,116.875,76
2026-04-08T23:15:00,116.875,116.875,116.84375,116.84375,162
2026-04-08T23:20:00,116.84375,116.84375,116.8125,116.8125,36
2026-04-08T23:25:00,116.8125,116.84375,116.8125,116.84375,96
2026-04-08T23:30:00,116.84375,116.84375,116.84375,116.84375,23
2026-04-08T23:35:00,116.84375,116.875,116.84375,116.84375,9
2026-04-08T23:40:00,116.84375,116.84375,116.84375,116.84375,2
2026-04-08T23:45:00,116.84375,116.84375,116.8125,116.84375,343
2026-04-08T23:50:00,116.84375,116.875,116.84375,116.84375,19
2026-04-08T23:55:00,116.84375,116.84375,116.8125,116.84375,26
2026-04-09T00:00:00,116.84375,116.84375,116.78125,116.78125,591
2026-04-09T00:05:00,116.78125,116.8125,116.75,116.75,959
2026-04-09T00:10:00,116.75,116.78125,116.75,116.78125,253
2026-04-09T00:15:00,116.78125,116.84375,116.78125,116.8125,311
2026-04-09T00:20:00,116.8125,116.875,116.8125,116.84375,502
2026-04-09T00:25:00,116.84375,116.84375,116.78125,116.78125,248
2026-04-09T00:30:00,116.78125,116.8125,116.75,116.78125,209
2026-04-09T00:35:00,116.75,116.78125,116.75,116.75,100
2026-04-09T00:40:00,116.75,116.75,116.71875,116.75,81
2026-04-09T00:45:00,116.75,116.75,116.6875,116.71875,275
2026-04-09T00:50:00,116.71875,116.75,116.6875,116.6875,210
2026-04-09T00:55:00,116.65625,116.6875,116.65625,116.6875,345
2026-04-09T01:00:00,116.6875,116.71875,116.6875,116.6875,354
2026-04-09T01:05:00,116.6875,116.6875,116.6875,116.6875,125
2026-04-09T01:10:00,116.6875,116.6875,116.65625,116.6875,125
2026-04-09T01:15:00,116.6875,116.71875,116.6875,116.6875,245
2026-04-09T01:20:00,116.65625,116.6875,116.65625,116.6875,233
2026-04-09T01:25:00,116.6875,116.71875,116.6875,116.71875,240
2026-04-09T01:30:00,116.71875,116.71875,116.71875,116.71875,172
2026-04-09T01:35:00,116.6875,116.71875,116.6875,116.6875,119
2026-04-09T01:40:00,116.6875,116.71875,116.6875,116.6875,170
2026-04-09T01:45:00,116.71875,116.71875,116.6875,116.71875,57
2026-04-09T01:50:00,116.71875,116.78125,116.71875,116.75,308
2026-04-09T01:55:00,116.71875,116.75,116.71875,116.71875,151
2026-04-09T02:00:00,116.71875,116.75,116.6875,116.6875,159
2026-04-09T02:05:00,116.71875,116.71875,116.71875,116.71875,16
2026-04-09T02:10:00,116.6875,116.6875,116.65625,116.6875,93
2026-04-09T02:15:00,116.71875,116.75,116.6875,116.71875,89
2026-04-09T02:20:00,116.71875,116.71875,116.6875,116.6875,114
2026-04-09T02:25:00,116.6875,116.71875,116.6875,116.71875,341
2026-04-09T02:30:00,116.71875,116.75,116.71875,116.71875,155
2026-04-09T02:35:00,116.71875,116.71875,116.71875,116.71875,1
2026-04-09T02:40:00,116.71875,116.71875,116.71875,116.71875,17
2026-04-09T02:45:00,116.71875,116.71875,116.71875,116.71875,94
2026-04-09T02:50:00,116.71875,116.71875,116.6875,116.6875,118
2026-04-09T02:55:00,116.6875,116.71875,116.65625,116.65625,174
2026-04-09T03:00:00,116.6875,116.6875,116.65625,116.6875,34
2026-04-09T03:05:00,116.6875,116.75,116.6875,116.71875,217
2026-04-09T03:10:00,116.71875,116.71875,116.6875,116.71875,134
2026-04-09T03:15:00,116.71875,116.75,116.71875,116.75,567
2026-04-09T03:20:00,116.75,116.75,116.75,116.75,34
2026-04-09T03:25:00,116.75,116.78125,116.75,116.78125,48
2026-04-09T03:30:00,116.75,116.78125,116.75,116.75,164
2026-04-09T03:35:00,116.75,116.75,116.71875,116.71875,66
2026-04-09T03:40:00,116.75,116.75,116.71875,116.71875,34
2026-04-09T03:45:00,116.71875,116.71875,116.6875,116.71875,603
2026-04-09T03:50:00,116.75,116.75,116.71875,116.75,160
2026-04-09T03:55:00,116.75,116.75,116.75,116.75,56
2026-04-09T04:00:00,116.75,116.78125,116.75,116.78125,150
2026-04-09T04:05:00,116.78125,116.8125,116.78125,116.8125,8
2026-04-09T04:10:00,116.8125,116.8125,116.78125,116.78125,3
2026-04-09T04:15:00,116.78125,116.8125,116.78125,116.8125,266
2026-04-09T04:20:00,116.78125,116.8125,116.78125,116.8125,11
2026-04-09T04:25:00,116.8125,116.8125,116.8125,116.8125,140
2026-04-09T04:30:00,116.8125,116.8125,116.8125,116.8125,4
2026-04-09T04:35:00,116.8125,116.875,116.8125,116.84375,167
2026-04-09T04:40:00,116.875,116.875,116.84375,116.84375,3
2026-04-09T04:45:00,116.84375,116.84375,116.84375,116.84375,98
2026-04-09T04:50:00,116.84375,116.84375,116.8125,116.84375,173
2026-04-09T04:55:00,116.84375,116.84375,116.8125,116.8125,166
2026-04-09T05:00:00,116.84375,116.84375,116.8125,116.8125,182
2026-04-09T05:05:00,116.78125,116.78125,116.75,116.78125,43
2026-04-09T05:10:00,116.75,116.78125,116.75,116.75,6
2026-04-09T05:15:00,116.75,116.8125,116.75,116.78125,208
2026-04-09T05:20:00,116.8125,116.84375,116.8125,116.8125,397
2026-04-09T05:25:00,116.8125,116.8125,116.8125,116.8125,174
2026-04-09T05:30:00,116.8125,116.8125,116.8125,116.8125,15
2026-04-09T05:35:00,116.8125,116.8125,116.8125,116.8125,146
2026-04-09T05:40:00,116.78125,116.78125,116.78125,116.78125,167
2026-04-09T05:45:00,116.78125,116.78125,116.75,116.75,226
2026-04-09T05:50:00,116.75,116.78125,116.75,116.75,102
2026-04-09T05:55:00,116.78125,116.78125,116.75,116.78125,145
2026-04-09T06:00:00,116.78125,116.84375,116.78125,116.84375,365
2026-04-09T06:05:00,116.8125,116.84375,116.78125,116.78125,217
2026-04-09T06:10:00,116.78125,116.78125,116.75,116.75,628
2026-04-09T06:15:00,116.75,116.75,116.75,116.75,199
2026-04-09T06:20:00,116.75,116.75,116.71875,116.71875,330
2026-04-09T06:25:00,116.71875,116.78125,116.71875,116.78125,1416
2026-04-09T06:30:00,116.78125,116.78125,116.75,116.75,275
2026-04-09T06:35:00,116.75,116.75,116.75,116.75,389
2026-04-09T06:40:00,116.75,116.78125,116.75,116.78125,426
2026-04-09T06:45:00,116.75,116.75,116.71875,116.75,361
2026-04-09T06:50:00,116.75,116.78125,116.75,116.78125,230
2026-04-09T06:55:00,116.78125,116.8125,116.75,116.8125,680
2026-04-09T07:00:00,116.8125,116.8125,116.75,116.8125,1015
2026-04-09T07:05:00,116.8125,116.8125,116.78125,116.78125,461
2026-04-09T07:10:00,116.78125,116.84375,116.78125,116.8125,344
2026-04-09T07:15:00,116.8125,116.8125,116.75,116.78125,569
2026-04-09T07:20:00,116.78125,116.875,116.78125,116.875,503
2026-04-09T07:25:00,116.84375,116.84375,116.8125,116.8125,712
2026-04-09T07:30:00,116.84375,116.84375,116.8125,116.84375,858
2026-04-09T07:35:00,116.84375,116.90625,116.84375,116.90625,861
2026-04-09T07:40:00,116.90625,116.90625,116.84375,116.875,327
2026-04-09T07:45:00,116.90625,116.9375,116.875,116.90625,247
2026-04-09T07:50:00,116.90625,116.9375,116.875,116.9375,280
2026-04-09T07:55:00,116.9375,116.96875,116.90625,116.9375,514
2026-04-09T08:00:00,116.90625,116.90625,116.90625,116.90625,777
2026-04-09T08:05:00,116.90625,116.9375,116.875,116.875,964
2026-04-09T08:10:00,116.90625,116.90625,116.90625,116.90625,470
2026-04-09T08:15:00,116.90625,116.90625,116.84375,116.84375,850
2026-04-09T08:20:00,116.84375,116.875,116.84375,116.875,126
2026-04-09T08:25:00,116.84375,116.875,116.78125,116.8125,709
2026-04-09T08:30:00,116.8125,116.84375,116.8125,116.84375,341
2026-04-09T08:35:00,116.8125,116.8125,116.78125,116.78125,475
2026-04-09T08:40:00,116.78125,116.84375,116.75,116.84375,522
2026-04-09T08:45:00,116.84375,116.84375,116.8125,116.8125,493
2026-04-09T08:50:00,116.78125,116.8125,116.78125,116.8125,403
2026-04-09T08:55:00,116.8125,116.8125,116.75,116.75,761
2026-04-09T09:00:00,116.75,116.75,116.75,116.75,921
2026-04-09T09:05:00,116.78125,116.8125,116.78125,116.8125,208
2026-04-09T09:10:00,116.8125,116.875,116.8125,116.84375,987
2026-04-09T09:15:00,116.875,116.875,116.8125,116.84375,696
2026-04-09T09:20:00,116.875,116.875,116.8125,116.84375,707
2026-04-09T09:25:00,116.84375,116.90625,116.84375,116.90625,418
2026-04-09T09:30:00,116.90625,116.96875,116.90625,116.90625,1099
2026-04-09T09:35:00,116.90625,116.90625,116.875,116.875,1053
2026-04-09T09:40:00,116.90625,116.9375,116.875,116.90625,393
2026-04-09T09:45:00,116.90625,116.9375,116.90625,116.9375,276
2026-04-09T09:50:00,116.9375,116.9375,116.90625,116.90625,491
2026-04-09T09:55:00,116.9375,116.9375,116.9375,116.9375,488
2026-04-09T10:00:00,116.9375,116.9375,116.9375,116.9375,116
2026-04-09T10:05:00,116.90625,116.9375,116.90625,116.9375,221
2026-04-09T10:10:00,116.90625,116.90625,116.90625,116.90625,402
2026-04-09T10:15:00,116.90625,116.90625,116.90625,116.90625,407
2026-04-09T10:20:00,116.90625,116.96875,116.90625,116.9375,464
2026-04-09T10:25:00,116.9375,116.9375,116.9375,116.9375,90
2026-04-09T10:30:00,116.9375,116.96875,116.9375,116.9375,264
2026-04-09T10:35:00,116.90625,116.90625,116.875,116.90625,751
2026-04-09T10:40:00,116.90625,116.90625,116.875,116.875,370
2026-04-09T10:45:00,116.90625,116.90625,116.875,116.90625,339
2026-04-09T10:50:00,116.90625,116.90625,116.875,116.90625,519
2026-04-09T10:55:00,116.90625,116.90625,116.875,116.875,535
2026-04-09T11:00:00,116.875,116.9375,116.875,116.9375,496
2026-04-09T11:05:00,116.9375,116.96875,116.9375,116.96875,514
2026-04-09T11:10:00,116.9375,116.9375,116.9375,116.9375,128
2026-04-09T11:15:00,116.9375,116.96875,116.9375,116.9375,237
2026-04-09T11:20:00,116.90625,116.9375,116.875,116.90625,479
2026-04-09T11:25:00,116.90625,116.9375,116.875,116.90625,423
2026-04-09T11:30:00,116.9375,116.9375,116.90625,116.90625,321
2026-04-09T11:35:00,116.9375,116.9375,116.875,116.875,863
2026-04-09T11:40:00,116.90625,116.90625,116.78125,116.875,1583
2026-04-09T11:45:00,116.875,116.9375,116.875,116.9375,597
2026-04-09T11:50:00,116.9375,116.9375,116.84375,116.875,559
2026-04-09T11:55:00,116.875,116.875,116.84375,116.84375,583
2026-04-09T12:00:00,116.84375,116.9375,116.84375,116.90625,628
2026-04-09T12:05:00,116.9375,116.96875,116.9375,116.96875,1090
2026-04-09T12:10:00,116.96875,116.96875,116.71875,116.71875,1431
2026-04-09T12:15:00,116.75,116.78125,116.625,116.625,2890
2026-04-09T12:20:00,116.625,116.6875,116.5,116.6875,3821
2026-04-09T12:25:00,116.71875,116.875,116.71875,116.875,3763
2026-04-09T12:30:00,116.875,116.875,116.59375,116.6875,5320
2026-04-09T12:35:00,116.6875,116.6875,116.53125,116.5625,3905
2026-04-09T12:40:00,116.59375,116.75,116.59375,116.71875,3289
2026-04-09T12:45:00,116.71875,116.75,116.625,116.6875,2525
2026-04-09T12:50:00,116.71875,116.71875,116.65625,116.65625,1493
2026-04-09T12:55:00,116.65625,116.6875,116.65625,116.65625,795
2026-04-09T13:00:00,116.6875,116.71875,116.625,116.65625,1917
2026-04-09T13:05:00,116.6875,116.6875,116.625,116.6875,1345
2026-04-09T13:10:00,116.6875,116.71875,116.6875,116.6875,984
2026-04-09T13:15:00,116.6875,116.71875,116.65625,116.6875,1338
2026-04-09T13:20:00,116.6875,116.6875,116.625,116.625,1242
2026-04-09T13:25:00,116.65625,116.65625,116.59375,116.625,1009
2026-04-09T13:30:00,116.625,116.6875,116.59375,116.65625,2634
2026-04-09T13:35:00,116.65625,116.71875,116.65625,116.6875,2044
2026-04-09T13:40:00,116.6875,116.75,116.6875,116.71875,2697
2026-04-09T13:45:00,116.71875,116.71875,116.59375,116.625,2999
2026-04-09T13:50:00,116.625,116.625,116.46875,116.46875,3589
2026-04-09T13:55:00,116.4375,116.4375,116.28125,116.3125,6641
2026-04-09T14:00:00,116.3125,116.4375,116.3125,116.375,4160
2026-04-09T14:05:00,116.34375,116.40625,116.34375,116.40625,2169
2026-04-09T14:10:00,116.375,116.375,116.3125,116.375,2787
2026-04-09T14:15:00,116.375,116.40625,116.3125,116.34375,1521
2026-04-09T14:20:00,116.34375,116.40625,116.3125,116.40625,2312
2026-04-09T14:25:00,116.40625,116.40625,116.34375,116.375,2891
2026-04-09T14:30:00,116.375,116.375,116.34375,116.34375,1310
2026-04-09T14:35:00,116.34375,116.375,116.25,116.25,1900
2026-04-09T14:40:00,116.25,116.34375,116.25,116.3125,1575
2026-04-09T14:45:00,116.3125,116.375,116.28125,116.28125,1973
2026-04-09T14:50:00,116.28125,116.3125,116.25,116.25,3016
2026-04-09T14:55:00,116.25,116.375,116.21875,116.34375,3636
2026-04-09T15:00:00,116.3125,116.34375,116.28125,116.3125,1547
2026-04-09T15:05:00,116.3125,116.375,116.3125,116.375,1500
2026-04-09T15:10:00,116.34375,116.46875,116.34375,116.46875,2490
2026-04-09T15:15:00,116.46875,116.59375,116.46875,116.59375,6387
2026-04-09T15:20:00,116.625,116.625,116.46875,116.5625,4784
2026-04-09T15:25:00,116.5625,116.5625,116.5,116.5625,1807
2026-04-09T15:30:00,116.53125,116.625,116.5,116.625,5171
2026-04-09T15:35:00,116.625,116.78125,116.625,116.6875,5839
2026-04-09T15:40:00,116.71875,116.8125,116.71875,116.8125,2868
2026-04-09T15:45:00,116.78125,116.9375,116.78125,116.84375,5541
2026-04-09T15:50:00,116.84375,116.90625,116.84375,116.875,2168
2026-04-09T15:55:00,116.90625,117.0,116.90625,116.96875,3288
2026-04-09T16:00:00,116.96875,117.0625,116.9375,117.03125,5363
2026-04-09T16:05:00,117.03125,117.125,117.0,117.0625,3532
2026-04-09T16:10:00,117.0625,117.09375,117.0,117.0,3286
2026-04-09T16:15:00,117.0,117.03125,116.96875,117.0,2110
2026-04-09T16:20:00,117.03125,117.03125,116.96875,116.96875,2283
2026-04-09T16:25:00,116.96875,117.03125,116.96875,117.03125,2703
2026-04-09T16:30:00,117.0,117.0625,116.96875,117.0,2707
2026-04-09T16:35:00,117.0,117.0625,116.96875,117.0,1865
2026-04-09T16:40:00,116.96875,117.0,116.9375,117.0,2775
2026-04-09T16:45:00,116.96875,117.03125,116.96875,117.0,3722
2026-04-09T16:50:00,116.96875,117.09375,116.96875,117.09375,4921
2026-04-09T16:55:00,117.09375,117.09375,117.03125,117.09375,6783
2026-04-09T17:00:00,117.09375,117.15625,116.9375,117.15625,6090
2026-04-09T17:05:00,117.125,117.21875,117.125,117.1875,3533
2026-04-09T17:10:00,117.15625,117.1875,117.09375,117.15625,2516
2026-04-09T17:15:00,117.15625,117.21875,117.125,117.21875,2034
2026-04-09T17:20:00,117.1875,117.1875,117.125,117.15625,1333
2026-04-09T17:25:00,117.15625,117.15625,117.09375,117.09375,828
2026-04-09T17:30:00,117.09375,117.09375,117.0,117.0,1773
2026-04-09T17:35:00,117.0,117.0625,117.0,117.03125,2634
2026-04-09T17:40:00,117.03125,117.0625,117.0,117.0,2193
2026-04-09T17:45:00,117.0,117.0,116.96875,116.96875,2409
2026-04-09T17:50:00,116.9375,116.9375,116.90625,116.9375,1512
2026-04-09T17:55:00,116.90625,116.90625,116.84375,116.84375,2047
2026-04-09T18:00:00,116.84375,116.84375,116.625,116.625,7423
2026-04-09T18:05:00,116.65625,116.75,116.625,116.65625,5492
2026-04-09T18:10:00,116.6875,116.6875,116.625,116.6875,3207
2026-04-09T18:15:00,116.65625,116.78125,116.65625,116.65625,5848
2026-04-09T18:20:00,116.65625,116.6875,116.625,116.6875,2180
2026-04-09T18:25:00,116.6875,116.6875,116.65625,116.65625,1925
2026-04-09T18:30:00,116.65625,116.6875,116.53125,116.625,4811
2026-04-09T18:35:00,116.625,116.65625,116.5625,116.65625,2044
2026-04-09T18:40:00,116.65625,116.65625,116.59375,116.59375,808
2026-04-09T18:45:00,116.59375,116.625,116.5625,116.5625,1486
2026-04-09T18:50:00,116.59375,116.59375,116.53125,116.53125,754
2026-04-09T18:55:00,116.5625,116.625,116.53125,116.5625,2969
2026-04-09T19:00:00,116.59375,116.59375,116.5,116.53125,5365
2026-04-09T19:05:00,116.53125,116.59375,116.53125,116.59375,831
2026-04-09T19:10:00,116.5625,116.59375,116.53125,116.53125,1612
2026-04-09T19:15:00,116.53125,116.5625,116.5,116.53125,2068
2026-04-09T19:20:00,116.53125,116.53125,116.5,116.5,2238
2026-04-09T19:25:00,116.5,116.53125,116.46875,116.5,1247
2026-04-09T19:30:00,116.5,116.59375,116.5,116.59375,1418
2026-04-09T19:35:00,116.59375,116.625,116.5,116.53125,1935
2026-04-09T19:40:00,116.53125,116.5625,116.5,116.53125,1824
2026-04-09T19:45:00,116.53125,116.5625,116.53125,116.5625,513
2026-04-09T19:50:00,116.5625,116.65625,116.53125,116.65625,4866
2026-04-09T19:55:00,116.65625,116.65625,116.5625,116.65625,13896
2026-04-09T20:00:00,116.65625,116.71875,116.625,116.65625,6956
2026-04-09T20:05:00,116.65625,116.65625,116.625,116.625,838
2026-04-09T20:10:00,116.625,116.65625,116.59375,116.625,610
2026-04-09T20:15:00,116.625,116.65625,116.59375,116.65625,863
2026-04-09T20:20:00,116.6875,116.75,116.6875,116.75,878
2026-04-09T20:25:00,116.71875,116.75,116.71875,116.75,636
2026-04-09T20:30:00,116.75,116.75,116.71875,116.75,691
2026-04-09T20:35:00,116.75,116.75,116.71875,116.75,1191
2026-04-09T20:40:00,116.78125,116.78125,116.71875,116.75,820
2026-04-09T20:45:00,116.78125,116.8125,116.78125,116.78125,610
2026-04-09T20:50:00,116.8125,116.875,116.8125,116.875,1425
2026-04-09T20:55:00,116.875,116.90625,116.8125,116.84375,1602
2026-04-09T22:00:00,116.84375,116.84375,116.78125,116.78125,92
2026-04-09T22:05:00,116.78125,116.78125,116.78125,116.78125,141
2026-04-09T22:10:00,116.78125,116.8125,116.78125,116.8125,39
2026-04-09T22:15:00,116.84375,116.84375,116.8125,116.8125,2
2026-04-09T22:20:00,116.84375,116.84375,116.84375,116.84375,67
2026-04-09T22:25:00,116.84375,116.84375,116.8125,116.8125,312
2026-04-09T22:30:00,116.8125,116.8125,116.78125,116.78125,94
2026-04-09T22:35:00,116.78125,116.78125,116.78125,116.78125,47
2026-04-09T22:40:00,116.78125,116.78125,116.75,116.75,206
2026-04-09T22:45:00,116.75,116.78125,116.75,116.78125,287
2026-04-09T22:50:00,116.75,116.75,116.75,116.75,4
2026-04-09T22:55:00,116.75,116.75,116.71875,116.75,106
2026-04-09T23:00:00,116.78125,116.78125,116.78125,116.78125,1
2026-04-09T23:05:00,116.78125,116.78125,116.78125,116.78125,169
2026-04-09T23:10:00,116.75,116.75,116.75,116.75,2
2026-04-09T23:25:00,116.78125,116.78125,116.78125,116.78125,46
2026-04-09T23:30:00,116.8125,116.8125,116.78125,116.8125,166
2026-04-09T23:35:00,116.8125,116.8125,116.78125,116.78125,386
2026-04-09T23:40:00,116.78125,116.78125,116.78125,116.78125,65
2026-04-09T23:45:00,116.78125,116.78125,116.78125,116.78125,1
2026-04-09T23:50:00,116.78125,116.8125,116.78125,116.78125,143
2026-04-09T23:55:00,116.78125,116.8125,116.78125,116.8125,176
2026-04-10T00:00:00,116.8125,116.8125,116.78125,116.78125,233
2026-04-10T00:05:00,116.75,116.78125,116.75,116.75,88
2026-04-10T00:10:00,116.78125,116.78125,116.78125,116.78125,72
2026-04-10T00:15:00,116.78125,116.78125,116.75,116.78125,118
2026-04-10T00:20:00,116.8125,116.8125,116.78125,116.8125,144
2026-04-10T00:25:00,116.78125,116.8125,116.71875,116.75,204
2026-04-10T00:30:00,116.75,116.75,116.75,116.75,57
2026-04-10T00:35:00,116.75,116.78125,116.75,116.78125,108
2026-04-10T00:40:00,116.78125,116.78125,116.78125,116.78125,106
2026-04-10T00:45:00,116.78125,116.78125,116.75,116.78125,154
2026-04-10T00:50:00,116.78125,116.78125,116.71875,116.75,221
2026-04-10T00:55:00,116.71875,116.75,116.6875,116.75,1157
2026-04-10T01:00:00,116.75,116.78125,116.71875,116.78125,210
2026-04-10T01:05:00,116.75,116.78125,116.75,116.75,260
2026-04-10T01:10:00,116.71875,116.71875,116.6875,116.71875,194
2026-04-10T01:15:00,116.75,116.75,116.71875,116.71875,28
2026-04-10T01:20:00,116.71875,116.75,116.6875,116.75,374
2026-04-10T01:25:00,116.75,116.78125,116.75,116.75,206
2026-04-10T01:30:00,116.75,116.78125,116.75,116.78125,212
2026-04-10T01:35:00,116.8125,116.8125,116.78125,116.78125,753
2026-04-10T01:40:00,116.75,116.75,116.71875,116.71875,177
2026-04-10T01:45:00,116.71875,116.75,116.71875,116.75,197
2026-04-10T01:50:00,116.75,116.75,116.71875,116.75,28
2026-04-10T01:55:00,116.75,116.75,116.75,116.75,8
2026-04-10T02:00:00,116.71875,116.75,116.6875,116.6875,90
2026-04-10T02:05:00,116.6875,116.6875,116.6875,116.6875,532
2026-04-10T02:10:00,116.71875,116.71875,116.71875,116.71875,3
2026-04-10T02:15:00,116.71875,116.71875,116.6875,116.6875,36
2026-04-10T02:20:00,116.6875,116.6875,116.65625,116.6875,84
2026-04-10T02:25:00,116.65625,116.65625,116.65625,116.65625,147
2026-04-10T02:30:00,116.65625,116.65625,116.59375,116.625,626
2026-04-10T02:35:00,116.625,116.65625,116.625,116.625,85
2026-04-10T02:40:00,116.625,116.65625,116.625,116.625,290
2026-04-10T02:45:00,116.625,116.625,116.625,116.625,208
2026-04-10T02:50:00,116.65625,116.65625,116.65625,116.65625,52
2026-04-10T02:55:00,116.65625,116.65625,116.65625,116.65625,2
2026-04-10T03:00:00,116.65625,116.65625,116.65625,116.65625,1
2026-04-10T03:05:00,116.625,116.65625,116.625,116.625,7
2026-04-10T03:10:00,116.625,116.65625,116.625,116.65625,142
2026-04-10T03:15:00,116.625,116.625,116.59375,116.59375,19
2026-04-10T03:20:00,116.59375,116.59375,116.5625,116.59375,156
2026-04-10T03:25:00,116.59375,116.59375,116.59375,116.59375,55
2026-04-10T03:30:00,116.5625,116.59375,116.5625,116.59375,55
2026-04-10T03:35:00,116.59375,116.59375,116.5625,116.59375,273
2026-04-10T03:40:00,116.59375,116.625,116.59375,116.59375,145
2026-04-10T03:45:00,116.59375,116.625,116.59375,116.625,49
2026-04-10T03:50:00,116.59375,116.625,116.59375,116.625,280
2026-04-10T03:55:00,116.59375,116.59375,116.59375,116.59375,1
2026-04-10T04:00:00,116.59375,116.59375,116.59375,116.59375,54
2026-04-10T04:05:00,116.59375,116.59375,116.5625,116.5625,147
2026-04-10T04:10:00,116.5625,116.59375,116.5625,116.5625,39
2026-04-10T04:15:00,116.59375,116.625,116.59375,116.59375,85
2026-04-10T04:20:00,116.59375,116.59375,116.59375,116.59375,16
2026-04-10T04:25:00,116.59375,116.625,116.59375,116.625,35
2026-04-10T04:35:00,116.59375,116.625,116.59375,116.625,155
2026-04-10T04:40:00,116.59375,116.625,116.59375,116.59375,3
2026-04-10T04:45:00,116.59375,116.59375,116.59375,116.59375,35
2026-04-10T04:50:00,116.59375,116.59375,116.59375,116.59375,5
2026-04-10T04:55:00,116.59375,116.59375,116.5625,116.5625,84
2026-04-10T05:00:00,116.5625,116.59375,116.5625,116.5625,133
2026-04-10T05:05:00,116.5625,116.5625,116.53125,116.53125,75
2026-04-10T05:10:00,116.53125,116.5625,116.53125,116.5625,87
2026-04-10T05:15:00,116.53125,116.5625,116.5,116.53125,328
2026-04-10T05:20:00,116.5625,116.5625,116.5,116.53125,349
2026-04-10T05:25:00,116.5,116.53125,116.5,116.5,453
2026-04-10T05:30:00,116.5,116.53125,116.5,116.53125,501
2026-04-10T05:35:00,116.5,116.53125,116.5,116.53125,113
2026-04-10T05:40:00,116.53125,116.53125,116.5,116.5,189
2026-04-10T05:45:00,116.53125,116.53125,116.5,116.53125,363
2026-04-10T05:50:00,116.5625,116.5625,116.53125,116.5625,82
2026-04-10T05:55:00,116.5625,116.5625,116.5625,116.5625,58
2026-04-10T06:00:00,116.5625,116.5625,116.53125,116.53125,162
2026-04-10T06:05:00,116.5625,116.59375,116.53125,116.5625,424
2026-04-10T06:10:00,116.59375,116.59375,116.5625,116.5625,62
2026-04-10T06:15:00,116.59375,116.59375,116.5625,116.5625,149
2026-04-10T06:20:00,116.5625,116.59375,116.5625,116.59375,153
2026-04-10T06:25:00,116.5625,116.5625,116.5625,116.5625,322
2026-04-10T06:30:00,116.5625,116.625,116.5625,116.625,281
2026-04-10T06:35:00,116.59375,116.59375,116.53125,116.53125,212
2026-04-10T06:40:00,116.5,116.5625,116.5,116.5625,176
2026-04-10T06:45:00,116.59375,116.59375,116.59375,116.59375,224
2026-04-10T06:50:00,116.59375,116.625,116.59375,116.625,303
2026-04-10T06:55:00,116.625,116.65625,116.625,116.65625,261
2026-04-10T07:00:00,116.65625,116.65625,116.59375,116.59375,832
2026-04-10T07:05:00,116.59375,116.625,116.59375,116.59375,821
2026-04-10T07:10:00,116.625,116.625,116.5625,116.5625,1161
2026-04-10T07:15:00,116.5625,116.625,116.53125,116.625,715
2026-04-10T07:20:00,116.625,116.65625,116.59375,116.65625,524
2026-04-10T07:25:00,116.625,116.65625,116.625,116.625,211
2026-04-10T07:30:00,116.625,116.625,116.59375,116.59375,309
2026-04-10T07:35:00,116.59375,116.625,116.59375,116.625,224
2026-04-10T07:40:00,116.59375,116.59375,116.59375,116.59375,124
2026-04-10T07:45:00,116.59375,116.59375,116.5625,116.59375,765
2026-04-10T07:50:00,116.59375,116.59375,116.5625,116.59375,567
2026-04-10T07:55:00,116.59375,116.59375,116.59375,116.59375,518
2026-04-10T08:00:00,116.59375,116.625,116.59375,116.59375,816
2026-04-10T08:05:00,116.5625,116.625,116.5625,116.625,550
2026-04-10T08:10:00,116.625,116.625,116.59375,116.625,497
2026-04-10T08:15:00,116.625,116.65625,116.625,116.65625,126
2026-04-10T08:20:00,116.65625,116.65625,116.625,116.625,675
2026-04-10T08:25:00,116.65625,116.65625,116.59375,116.59375,138
2026-04-10T08:30:00,116.59375,116.625,116.5625,116.625,374
2026-04-10T08:35:00,116.625,116.625,116.625,116.625,151
2026-04-10T08:40:00,116.625,116.625,116.59375,116.59375,267
2026-04-10T08:45:00,116.59375,116.59375,116.5625,116.59375,183
2026-04-10T08:50:00,116.5625,116.5625,116.46875,116.46875,620
2026-04-10T08:55:00,116.5,116.53125,116.46875,116.53125,416
2026-04-10T09:00:00,116.5,116.53125,116.46875,116.53125,472
2026-04-10T09:05:00,116.5,116.5,116.46875,116.46875,852
2026-04-10T09:10:00,116.46875,116.53125,116.46875,116.53125,156
2026-04-10T09:15:00,116.53125,116.59375,116.53125,116.5625,875
2026-04-10T09:20:00,116.5625,116.5625,116.53125,116.53125,525
2026-04-10T09:25:00,116.53125,116.5625,116.53125,116.5625,205
2026-04-10T09:30:00,116.5625,116.5625,116.53125,116.5625,196
2026-04-10T09:35:00,116.5625,116.5625,116.5625,116.5625,89
2026-04-10T09:40:00,116.5625,116.5625,116.53125,116.53125,50
2026-04-10T09:45:00,116.5625,116.5625,116.53125,116.53125,655
2026-04-10T09:50:00,116.53125,116.5625,116.53125,116.5625,405
2026-04-10T09:55:00,116.5625,116.59375,116.53125,116.53125,524
2026-04-10T10:00:00,116.5625,116.5625,116.53125,116.5625,231
2026-04-10T10:05:00,116.53125,116.5625,116.53125,116.5625,150
2026-04-10T10:10:00,116.53125,116.5625,116.5,116.5,98
2026-04-10T10:15:00,116.53125,116.53125,116.5,116.53125,239
2026-04-10T10:20:00,116.53125,116.53125,116.5,116.53125,166
2026-04-10T10:25:00,116.5625,116.5625,116.53125,116.53125,528
2026-04-10T10:30:00,116.53125,116.5625,116.53125,116.5625,335
2026-04-10T10:35:00,116.5625,116.5625,116.5,116.5625,344
2026-04-10T10:40:00,116.5625,116.5625,116.53125,116.5625,205
2026-04-10T10:45:00,116.5625,116.5625,116.53125,116.5625,379
2026-04-10T10:50:00,116.5625,116.625,116.5625,116.625,623
2026-04-10T10:55:00,116.59375,116.59375,116.5625,116.5625,351
2026-04-10T11:00:00,116.59375,116.625,116.59375,116.625,313
2026-04-10T11:05:00,116.625,116.625,116.5625,116.5625,775
2026-04-10T11:10:00,116.5625,116.59375,116.53125,116.59375,375
2026-04-10T11:15:00,116.59375,116.59375,116.5625,116.59375,276
2026-04-10T11:20:00,116.59375,116.59375,116.5625,116.5625,630
2026-04-10T11:25:00,116.5625,116.625,116.53125,116.53125,581
2026-04-10T11:30:00,116.53125,116.53125,116.4375,116.46875,611
2026-04-10T11:35:00,116.46875,116.53125,116.46875,116.53125,1413
2026-04-10T11:40:00,116.5,116.53125,116.5,116.53125,301
2026-04-10T11:45:00,116.53125,116.5625,116.5,116.5625,239
2026-04-10T11:50:00,116.5625,116.5625,116.53125,116.53125,539
2026-04-10T11:55:00,116.53125,116.5625,116.5,116.5625,1995
2026-04-10T12:00:00,116.5625,116.5625,116.5,116.5,2702
2026-04-10T12:05:00,116.5,116.53125,116.4375,116.53125,1002
2026-04-10T12:10:00,116.5,116.5625,116.5,116.5625,1875
2026-04-10T12:15:00,116.5625,116.625,116.53125,116.59375,2065
2026-04-10T12:20:00,116.625,116.625,116.53125,116.53125,2482
2026-04-10T12:25:00,116.53125,116.5625,116.5,116.5625,2134
2026-04-10T12:30:00,116.5,116.78125,116.5,116.5625,6584
2026-04-10T12:35:00,116.53125,116.53125,116.375,116.46875,4178
2026-04-10T12:40:00,116.46875,116.46875,116.40625,116.46875,2422
2026-04-10T12:45:00,116.5,116.5625,116.5,116.53125,2197
2026-04-10T12:50:00,116.53125,116.53125,116.4375,116.4375,1595
2026-04-10T12:55:00,116.4375,116.4375,116.3125,116.3125,2014
2026-04-10T13:00:00,116.3125,116.4375,116.3125,116.375,3744
2026-04-10T13:05:00,116.375,116.4375,116.34375,116.4375,1343
2026-04-10T13:10:00,116.4375,116.46875,116.40625,116.4375,1123
2026-04-10T13:15:00,116.40625,116.4375,116.375,116.40625,1375
2026-04-10T13:20:00,116.40625,116.5,116.40625,116.4375,903
2026-04-10T13:25:00,116.4375,116.46875,116.4375,116.4375,936
2026-04-10T13:30:00,116.46875,116.5,116.40625,116.40625,2382
2026-04-10T13:35:00,116.40625,116.46875,116.40625,116.4375,1275
2026-04-10T13:40:00,116.46875,116.5,116.375,116.4375,3370
2026-04-10T13:45:00,116.4375,116.4375,116.28125,116.34375,2762
2026-04-10T13:50:00,116.3125,116.375,116.3125,116.375,1462
2026-04-10T13:55:00,116.375,116.375,116.34375,116.34375,1606
2026-04-10T14:00:00,116.34375,116.34375,116.25,116.3125,1951
2026-04-10T14:05:00,116.3125,116.34375,116.25,116.3125,1523
2026-04-10T14:10:00,116.3125,116.34375,116.28125,116.3125,1467
2026-04-10T14:15:00,116.34375,116.375,116.3125,116.34375,2048
2026-04-10T14:20:00,116.375,116.375,116.3125,116.34375,1287
2026-04-10T14:25:00,116.34375,116.375,116.3125,116.34375,1481
2026-04-10T14:30:00,116.34375,116.4375,116.34375,116.40625,1710
2026-04-10T14:35:00,116.375,116.46875,116.375,116.4375,941
2026-04-10T14:40:00,116.4375,116.46875,116.25,116.28125,3213
2026-04-10T14:45:00,116.28125,116.34375,116.21875,116.34375,3345
2026-04-10T14:50:00,116.34375,116.40625,116.3125,116.34375,2046
2026-04-10T14:55:00,116.34375,116.4375,116.3125,116.40625,2688
2026-04-10T15:00:00,116.40625,116.4375,116.375,116.4375,2419
2026-04-10T15:05:00,116.4375,116.46875,116.4375,116.46875,1936
2026-04-10T15:10:00,116.4375,116.4375,116.375,116.375,1368
2026-04-10T15:15:00,116.40625,116.4375,116.34375,116.4375,1851
2026-04-10T15:20:00,116.40625,116.5625,116.40625,116.53125,4392
2026-04-10T15:25:00,116.53125,116.53125,116.4375,116.5,3059
2026-04-10T15:30:00,116.5,116.5,116.40625,116.4375,2084
2026-04-10T15:35:00,116.40625,116.46875,116.375,116.40625,971
2026-04-10T15:40:00,116.40625,116.40625,116.28125,116.3125,1497
2026-04-10T15:45:00,116.3125,116.3125,116.15625,116.15625,2819
2026-04-10T15:50:00,116.15625,116.25,116.15625,116.15625,2350
2026-04-10T15:55:00,116.1875,116.1875,116.15625,116.15625,1099
2026-04-10T16:00:00,116.15625,116.21875,116.125,116.1875,1959
2026-04-10T16:05:00,116.1875,116.21875,116.15625,116.21875,940
2026-04-10T16:10:00,116.21875,116.25,116.21875,116.25,886
2026-04-10T16:15:00,116.25,116.25,116.21875,116.21875,843
2026-04-10T16:20:00,116.21875,116.21875,116.1875,116.1875,981
2026-04-10T16:25:00,116.1875,116.21875,116.15625,116.1875,1230
2026-04-10T16:30:00,116.1875,116.25,116.15625,116.1875,1897
2026-04-10T16:35:00,116.1875,116.1875,116.125,116.15625,565
2026-04-10T16:40:00,116.125,116.15625,116.09375,116.125,1501
2026-04-10T16:45:00,116.125,116.15625,116.125,116.15625,1333
2026-04-10T16:50:00,116.15625,116.21875,116.125,116.21875,965
2026-04-10T16:55:00,116.1875,116.21875,116.1875,116.21875,1113
2026-04-10T17:00:00,116.1875,116.1875,116.125,116.125,1089
2026-04-10T17:05:00,116.125,116.15625,116.09375,116.15625,721
2026-04-10T17:10:00,116.125,116.15625,116.09375,116.15625,796
2026-04-10T17:15:00,116.15625,116.15625,116.125,116.15625,634
2026-04-10T17:20:00,116.125,116.1875,116.125,116.1875,700
2026-04-10T17:25:00,116.15625,116.21875,116.15625,116.15625,739
2026-04-10T17:30:00,116.15625,116.1875,116.125,116.15625,949
2026-04-10T17:35:00,116.15625,116.1875,116.15625,116.1875,450
2026-04-10T17:40:00,116.21875,116.21875,116.1875,116.1875,2021
2026-04-10T17:45:00,116.1875,116.21875,116.1875,116.21875,820
2026-04-10T17:50:00,116.21875,116.25,116.21875,116.21875,411
2026-04-10T17:55:00,116.21875,116.25,116.1875,116.25,647
2026-04-10T18:00:00,116.25,116.25,116.1875,116.21875,3209
2026-04-10T18:05:00,116.21875,116.21875,116.1875,116.1875,983
2026-04-10T18:10:00,116.1875,116.21875,116.15625,116.1875,1129
2026-04-10T18:15:00,116.21875,116.28125,116.1875,116.28125,863
2026-04-10T18:20:00,116.28125,116.28125,116.25,116.28125,1199
2026-04-10T18:25:00,116.28125,116.34375,116.28125,116.3125,1080
2026-04-10T18:30:00,116.3125,116.375,116.28125,116.34375,623
2026-04-10T18:35:00,116.34375,116.375,116.34375,116.34375,661
2026-04-10T18:40:00,116.375,116.375,116.34375,116.34375,1058
2026-04-10T18:45:00,116.375,116.375,116.34375,116.34375,285
2026-04-10T18:50:00,116.34375,116.34375,116.3125,116.3125,552
2026-04-10T18:55:00,116.34375,116.34375,116.28125,116.28125,2574
2026-04-10T19:00:00,116.28125,116.3125,116.25,116.3125,2920
2026-04-10T19:05:00,116.3125,116.375,116.28125,116.34375,1201
2026-04-10T19:10:00,116.375,116.375,116.34375,116.34375,1037
2026-04-10T19:15:00,116.34375,116.375,116.34375,116.375,105
2026-04-10T19:20:00,116.375,116.375,116.34375,116.375,866
2026-04-10T19:25:00,116.34375,116.375,116.34375,116.34375,479
2026-04-10T19:30:00,116.34375,116.34375,116.3125,116.34375,1072
2026-04-10T19:35:00,116.34375,116.34375,116.3125,116.34375,96
2026-04-10T19:40:00,116.34375,116.34375,116.3125,116.3125,684
2026-04-10T19:45:00,116.34375,116.34375,116.3125,116.34375,362
2026-04-10T19:50:00,116.3125,116.34375,116.3125,116.3125,1605
2026-04-10T19:55:00,116.34375,116.375,116.3125,116.34375,12281
2026-04-10T20:00:00,116.3125,116.34375,116.28125,116.28125,3183
2026-04-10T20:05:00,116.3125,116.34375,116.28125,116.3125,310
2026-04-10T20:10:00,116.3125,116.34375,116.3125,116.34375,375
2026-04-10T20:15:00,116.34375,116.34375,116.3125,116.34375,112
2026-04-10T20:20:00,116.34375,116.40625,116.3125,116.40625,1207
2026-04-10T20:25:00,116.40625,116.40625,116.375,116.40625,1296
2026-04-10T20:30:00,116.40625,116.4375,116.375,116.40625,1900
2026-04-10T20:35:00,116.375,116.40625,116.375,116.40625,511
2026-04-10T20:40:00,116.40625,116.40625,116.375,116.40625,550
2026-04-10T20:45:00,116.40625,116.4375,116.375,116.375,2442
2026-04-10T20:50:00,116.375,116.375,116.3125,116.34375,198
2026-04-10T20:55:00,116.3125,116.375,116.3125,116.375,921
2026-04-12T22:00:00,116.28125,116.3125,115.6875,115.71875,2064
2026-04-12T22:05:00,115.71875,115.78125,115.6875,115.78125,320
2026-04-12T22:10:00,115.8125,115.90625,115.8125,115.875,771
2026-04-12T22:15:00,115.90625,115.9375,115.84375,115.875,569
2026-04-12T22:20:00,115.875,115.9375,115.8125,115.8125,366
2026-04-12T22:25:00,115.8125,115.8125,115.8125,115.8125,108
2026-04-12T22:30:00,115.78125,115.84375,115.75,115.84375,406
2026-04-12T22:35:00,115.84375,115.84375,115.78125,115.78125,222
2026-04-12T22:40:00,115.78125,115.8125,115.78125,115.8125,130
2026-04-12T22:45:00,115.8125,115.84375,115.8125,115.84375,127
2026-04-12T22:50:00,115.84375,115.84375,115.78125,115.78125,41
2026-04-12T22:55:00,115.78125,115.8125,115.78125,115.8125,176
2026-04-12T23:00:00,115.8125,115.84375,115.8125,115.8125,148
2026-04-12T23:05:00,115.8125,115.8125,115.78125,115.78125,59
2026-04-12T23:10:00,115.75,115.84375,115.75,115.78125,149
2026-04-12T23:15:00,115.78125,115.78125,115.75,115.75,22
2026-04-12T23:20:00,115.75,115.75,115.75,115.75,118
2026-04-12T23:25:00,115.75,115.75,115.75,115.75,24
2026-04-12T23:30:00,115.75,115.78125,115.71875,115.75,341
2026-04-12T23:35:00,115.71875,115.71875,115.71875,115.71875,61
2026-04-12T23:40:00,115.75,115.75,115.71875,115.75,366
2026-04-12T23:45:00,115.71875,115.75,115.6875,115.6875,258
2026-04-12T23:50:00,115.71875,115.71875,115.71875,115.71875,228
2026-04-12T23:55:00,115.6875,115.6875,115.65625,115.6875,467
2026-04-13T00:00:00,115.71875,115.75,115.6875,115.6875,934
2026-04-13T00:05:00,115.71875,115.75,115.6875,115.75,694
2026-04-13T00:10:00,115.71875,115.71875,115.6875,115.6875,691
2026-04-13T00:15:00,115.6875,115.71875,115.65625,115.6875,758
2026-04-13T00:20:00,115.6875,115.6875,115.65625,115.6875,290
2026-04-13T00:25:00,115.71875,115.71875,115.6875,115.6875,227
2026-04-13T00:30:00,115.65625,115.71875,115.65625,115.71875,565
2026-04-13T00:35:00,115.71875,115.71875,115.65625,115.65625,131
2026-04-13T00:40:00,115.6875,115.71875,115.6875,115.6875,477
2026-04-13T00:45:00,115.71875,115.78125,115.71875,115.78125,217
2026-04-13T00:50:00,115.78125,115.8125,115.78125,115.8125,178
2026-04-13T00:55:00,115.8125,115.84375,115.78125,115.8125,147
2026-04-13T01:00:00,115.8125,115.84375,115.78125,115.78125,217
2026-04-13T01:05:00,115.78125,115.84375,115.78125,115.8125,202
2026-04-13T01:10:00,115.84375,115.84375,115.8125,115.8125,449
2026-04-13T01:15:00,115.8125,115.8125,115.78125,115.8125,363
2026-04-13T01:20:00,115.8125,115.8125,115.78125,115.78125,183
2026-04-13T01:25:00,115.78125,115.8125,115.75,115.75,105
2026-04-13T01:30:00,115.75,115.8125,115.75,115.78125,187
2026-04-13T01:35:00,115.78125,115.8125,115.75,115.78125,166
2026-04-13T01:40:00,115.78125,115.8125,115.75,115.75,179
2026-04-13T01:45:00,115.75,115.78125,115.75,115.75,102
2026-04-13T01:50:00,115.78125,115.8125,115.78125,115.8125,182
2026-04-13T01:55:00,115.8125,115.8125,115.78125,115.8125,64
2026-04-13T02:00:00,115.78125,115.78125,115.78125,115.78125,162
2026-04-13T02:05:00,115.78125,115.78125,115.75,115.75,13
2026-04-13T02:10:00,115.75,115.78125,115.75,115.78125,349
2026-04-13T02:15:00,115.75,115.75,115.75,115.75,220
2026-04-13T02:20:00,115.78125,115.78125,115.75,115.78125,477
2026-04-13T02:25:00,115.78125,115.78125,115.75,115.78125,24
2026-04-13T02:30:00,115.78125,115.8125,115.78125,115.8125,192
2026-04-13T02:35:00,115.8125,115.8125,115.78125,115.8125,234
2026-04-13T02:40:00,115.8125,115.8125,115.78125,115.8125,25
2026-04-13T02:45:00,115.8125,115.8125,115.75,115.75,68
2026-04-13T02:50:00,115.75,115.78125,115.75,115.78125,17
2026-04-13T02:55:00,115.78125,115.78125,115.75,115.78125,39
2026-04-13T03:00:00,115.78125,115.8125,115.78125,115.8125,151
2026-04-13T03:05:00,115.8125,115.8125,115.78125,115.8125,12
2026-04-13T03:10:00,115.78125,115.8125,115.75,115.8125,293
2026-04-13T03:15:00,115.8125,115.8125,115.78125,115.8125,26
2026-04-13T03:20:00,115.78125,115.8125,115.78125,115.8125,9
2026-04-13T03:25:00,115.8125,115.84375,115.8125,115.8125,88
2026-04-13T03:30:00,115.8125,115.84375,115.8125,115.8125,115
2026-04-13T03:35:00,115.84375,115.84375,115.8125,115.8125,195
2026-04-13T03:40:00,115.8125,115.875,115.8125,115.875,127
2026-04-13T03:45:00,115.84375,115.875,115.84375,115.84375,173
2026-04-13T03:50:00,115.875,115.875,115.8125,115.8125,190
2026-04-13T03:55:00,115.84375,115.875,115.84375,115.84375,131
2026-04-13T04:00:00,115.875,115.875,115.84375,115.84375,223
2026-04-13T04:05:00,115.84375,115.84375,115.8125,115.84375,130
2026-04-13T04:10:00,115.84375,115.875,115.84375,115.875,80
2026-04-13T04:15:00,115.875,115.875,115.84375,115.875,133
2026-04-13T04:20:00,115.875,115.90625,115.875,115.90625,7
2026-04-13T04:25:00,115.90625,115.90625,115.875,115.90625,13
2026-04-13T04:30:00,115.90625,115.90625,115.875,115.875,152
2026-04-13T04:35:00,115.84375,115.84375,115.8125,115.84375,123
2026-04-13T04:40:00,115.8125,115.875,115.8125,115.84375,152
2026-04-13T04:45:00,115.84375,115.84375,115.84375,115.84375,16
2026-04-13T04:50:00,115.84375,115.875,115.84375,115.875,279
2026-04-13T04:55:00,115.875,115.90625,115.875,115.90625,52
2026-04-13T05:00:00,115.875,115.90625,115.84375,115.875,222
2026-04-13T05:05:00,115.875,115.90625,115.875,115.875,135
2026-04-13T05:10:00,115.875,115.90625,115.84375,115.875,95
2026-04-13T05:15:00,115.875,115.90625,115.84375,115.875,80
2026-04-13T05:20:00,115.875,115.90625,115.875,115.875,981
2026-04-13T05:25:00,115.875,115.90625,115.875,115.90625,5
2026-04-13T05:30:00,115.90625,115.90625,115.90625,115.90625,1
2026-04-13T05:35:00,115.90625,115.90625,115.90625,115.90625,224
2026-04-13T05:40:00,115.90625,115.90625,115.90625,115.90625,36
2026-04-13T05:45:00,115.90625,115.90625,115.90625,115.90625,113
2026-04-13T05:50:00,115.90625,115.90625,115.875,115.875,92
2026-04-13T05:55:00,115.84375,115.90625,115.84375,115.90625,297
2026-04-13T06:00:00,115.875,115.9375,115.875,115.9375,733
2026-04-13T06:05:00,115.90625,115.9375,115.90625,115.9375,316
2026-04-13T06:10:00,115.9375,115.9375,115.875,115.90625,136
2026-04-13T06:15:00,115.90625,115.90625,115.875,115.875,286
2026-04-13T06:20:00,115.875,115.96875,115.875,115.96875,904
2026-04-13T06:25:00,115.96875,115.96875,115.9375,115.9375,227
2026-04-13T06:30:00,115.90625,115.9375,115.90625,115.90625,400
2026-04-13T06:35:00,115.9375,115.9375,115.9375,115.9375,539
2026-04-13T06:40:00,115.90625,115.9375,115.90625,115.9375,333
2026-04-13T06:45:00,115.9375,115.9375,115.9375,115.9375,232
2026-04-13T06:50:00,115.9375,115.96875,115.9375,115.96875,259
2026-04-13T06:55:00,115.96875,115.96875,115.9375,115.96875,118
2026-04-13T07:00:00,115.96875,116.0625,115.96875,116.03125,786
2026-04-13T07:05:00,116.03125,116.03125,116.03125,116.03125,273
2026-04-13T07:10:00,116.03125,116.0625,116.03125,116.0625,358
2026-04-13T07:15:00,116.0625,116.15625,116.0625,116.15625,1172
2026-04-13T07:20:00,116.15625,116.1875,116.125,116.15625,504
2026-04-13T07:25:00,116.15625,116.1875,116.125,116.1875,152
2026-04-13T07:30:00,116.1875,116.1875,116.125,116.125,317
2026-04-13T07:35:00,116.15625,116.15625,116.125,116.125,220
2026-04-13T07:40:00,116.125,116.15625,116.09375,116.125,404
2026-04-13T07:45:00,116.125,116.125,116.09375,116.09375,298
2026-04-13T07:50:00,116.09375,116.125,116.09375,116.125,453
2026-04-13T07:55:00,116.09375,116.15625,116.09375,116.125,305
2026-04-13T08:00:00,116.125,116.15625,116.125,116.15625,439
2026-04-13T08:05:00,116.15625,116.15625,116.0625,116.0625,481
2026-04-13T08:10:00,116.0625,116.09375,116.03125,116.03125,144
2026-04-13T08:15:00,116.0625,116.0625,116.03125,116.0625,217
2026-04-13T08:20:00,116.03125,116.03125,116.03125,116.03125,532
2026-04-13T08:25:00,116.0625,116.0625,116.03125,116.03125,385
2026-04-13T08:30:00,116.03125,116.0625,116.03125,116.03125,650
2026-04-13T08:35:00,116.03125,116.0625,116.03125,116.03125,220
2026-04-13T08:40:00,116.03125,116.03125,115.9375,115.96875,1050
2026-04-13T08:45:00,115.96875,116.03125,115.96875,116.0,595
2026-04-13T08:50:00,116.0,116.0,116.0,116.0,301
2026-04-13T08:55:00,116.03125,116.03125,116.03125,116.03125,495
2026-04-13T09:00:00,116.03125,116.0625,116.0,116.0,744
2026-04-13T09:05:00,116.0,116.03125,116.0,116.0,221
2026-04-13T09:10:00,115.96875,116.03125,115.96875,116.03125,261
2026-04-13T09:15:00,116.0,116.03125,116.0,116.03125,220
2026-04-13T09:20:00,116.03125,116.03125,116.03125,116.03125,194
2026-04-13T09:25:00,116.03125,116.03125,116.0,116.0,219
2026-04-13T09:30:00,116.0,116.03125,115.96875,116.03125,257
2026-04-13T09:35:00,116.03125,116.0625,116.03125,116.03125,205
2026-04-13T09:40:00,116.0625,116.0625,115.9375,116.0,1448
2026-04-13T09:45:00,116.0,116.0,115.96875,116.0,412
2026-04-13T09:50:00,116.0,116.0,115.96875,115.96875,166
2026-04-13T09:55:00,116.0,116.03125,116.0,116.03125,193
2026-04-13T10:00:00,116.03125,116.03125,116.03125,116.03125,247
2026-04-13T10:05:00,116.03125,116.03125,116.03125,116.03125,156
2026-04-13T10:10:00,116.03125,116.0625,116.0,116.0,218
2026-04-13T10:15:00,116.0,116.0,115.96875,116.0,536
2026-04-13T10:20:00,115.96875,116.0,115.96875,115.96875,145
2026-04-13T10:25:00,116.0,116.0,115.96875,116.0,79
2026-04-13T10:30:00,116.03125,116.03125,116.0,116.03125,294
2026-04-13T10:35:00,116.0625,116.0625,116.0,116.0,105
2026-04-13T10:40:00,116.0,116.03125,116.0,116.03125,309
2026-04-13T10:45:00,116.03125,116.03125,116.0,116.03125,413
2026-04-13T10:50:00,116.03125,116.0625,116.03125,116.0625,200
2026-04-13T10:55:00,116.03125,116.03125,116.0,116.03125,87
2026-04-13T11:00:00,116.0625,116.09375,116.0625,116.0625,759
2026-04-13T11:05:00,116.0625,116.09375,116.0,116.0,436
2026-04-13T11:10:00,116.03125,116.03125,116.0,116.03125,530
2026-04-13T11:15:00,116.0,116.03125,115.96875,116.0,197
2026-04-13T11:20:00,115.96875,116.0,115.90625,115.90625,605
2026-04-13T11:25:00,115.90625,115.90625,115.875,115.90625,457
2026-04-13T11:30:00,115.90625,115.9375,115.90625,115.90625,33
2026-04-13T11:35:00,115.90625,115.90625,115.8125,115.84375,671
2026-04-13T11:40:00,115.84375,115.84375,115.78125,115.78125,1173
2026-04-13T11:45:00,115.78125,115.8125,115.75,115.75,520
2026-04-13T11:50:00,115.71875,115.78125,115.71875,115.71875,1506
2026-04-13T11:55:00,115.6875,115.71875,115.65625,115.6875,879
2026-04-13T12:00:00,115.6875,115.6875,115.59375,115.625,3024
2026-04-13T12:05:00,115.625,115.6875,115.59375,115.6875,1675
2026-04-13T12:10:00,115.6875,115.78125,115.6875,115.75,1230
2026-04-13T12:15:00,115.78125,115.8125,115.75,115.78125,1730
2026-04-13T12:20:00,115.78125,115.8125,115.75,115.75,1479
2026-04-13T12:25:00,115.78125,115.84375,115.75,115.84375,1487
2026-04-13T12:30:00,115.84375,116.03125,115.84375,116.03125,2717
2026-04-13T12:35:00,116.0,116.0625,116.0,116.03125,1675
2026-04-13T12:40:00,116.03125,116.125,116.03125,116.125,1707
2026-04-13T12:45:00,116.125,116.21875,116.125,116.21875,2034
2026-04-13T12:50:00,116.21875,116.28125,116.21875,116.28125,2241
2026-04-13T12:55:00,116.25,116.25,116.15625,116.15625,779
2026-04-13T13:00:00,116.1875,116.25,116.1875,116.25,1761
2026-04-13T13:05:00,116.25,116.25,116.15625,116.15625,722
2026-04-13T13:10:00,116.15625,116.21875,116.15625,116.21875,645
2026-04-13T13:15:00,116.1875,116.21875,116.09375,116.125,1449
2026-04-13T13:20:00,116.125,116.1875,116.125,116.1875,1127
2026-04-13T13:25:00,116.1875,116.28125,116.1875,116.25,1116
2026-04-13T13:30:00,116.25,116.25,116.1875,116.25,1755
2026-04-13T13:35:00,116.25,116.25,116.15625,116.1875,1914
2026-04-13T13:40:00,116.21875,116.28125,116.21875,116.28125,2220
2026-04-13T13:45:00,116.25,116.46875,116.25,116.46875,4366
2026-04-13T13:50:00,116.46875,116.53125,116.4375,116.4375,5221
2026-04-13T13:55:00,116.46875,116.46875,116.375,116.375,2737
2026-04-13T14:00:00,116.40625,116.40625,116.28125,116.3125,2215
2026-04-13T14:05:00,116.34375,116.34375,116.28125,116.3125,1780
2026-04-13T14:10:00,116.3125,116.34375,116.28125,116.34375,1370
2026-04-13T14:15:00,116.34375,116.34375,116.28125,116.34375,558
2026-04-13T14:20:00,116.34375,116.34375,116.21875,116.28125,3284
2026-04-13T14:25:00,116.28125,116.28125,116.125,116.15625,3128
2026-04-13T14:30:00,116.15625,116.21875,116.15625,116.21875,2966
2026-04-13T14:35:00,116.1875,116.25,116.15625,116.1875,1487
2026-04-13T14:40:00,116.1875,116.25,116.15625,116.25,1271
2026-04-13T14:45:00,116.21875,116.21875,116.15625,116.15625,1057
2026-04-13T14:50:00,116.1875,116.21875,116.15625,116.21875,1400
2026-04-13T14:55:00,116.1875,116.21875,116.1875,116.1875,1539
2026-04-13T15:00:00,116.21875,116.21875,116.125,116.1875,2514
2026-04-13T15:05:00,116.15625,116.15625,116.125,116.15625,1149
2026-04-13T15:10:00,116.15625,116.1875,116.15625,116.1875,2052
2026-04-13T15:15:00,116.15625,116.15625,116.0625,116.0625,1642
2026-04-13T15:20:00,116.0625,116.125,116.0625,116.0625,750
2026-04-13T15:25:00,116.0625,116.125,116.03125,116.125,874
2026-04-13T15:30:00,116.125,116.125,116.03125,116.0625,747
2026-04-13T15:35:00,116.0625,116.125,116.03125,116.125,1393
2026-04-13T15:40:00,116.09375,116.125,116.0625,116.09375,637
2026-04-13T15:45:00,116.09375,116.125,116.03125,116.09375,812
2026-04-13T15:50:00,116.09375,116.09375,116.03125,116.03125,848
2026-04-13T15:55:00,116.03125,116.0625,116.03125,116.0625,1673
2026-04-13T16:00:00,116.09375,116.09375,116.0,116.0,1360
2026-04-13T16:05:00,115.96875,116.125,115.96875,116.03125,5495
2026-04-13T16:10:00,116.03125,116.09375,116.03125,116.0625,625
2026-04-13T16:15:00,116.09375,116.15625,116.09375,116.15625,1031
2026-04-13T16:20:00,116.1875,116.28125,116.15625,116.25,1872
2026-04-13T16:25:00,116.28125,116.375,116.28125,116.375,2652
2026-04-13T16:30:00,116.375,116.46875,116.375,116.46875,3243
2026-04-13T16:35:00,116.4375,116.5625,116.4375,116.5,2749
2026-04-13T16:40:00,116.46875,116.5625,116.375,116.4375,5529
2026-04-13T16:45:00,116.40625,116.5,116.375,116.46875,4688
2026-04-13T16:50:00,116.5,116.53125,116.40625,116.40625,4080
2026-04-13T16:55:00,116.40625,116.4375,116.375,116.40625,655
2026-04-13T17:00:00,116.40625,116.4375,116.375,116.40625,1159
2026-04-13T17:05:00,116.40625,116.46875,116.375,116.40625,1852
2026-04-13T17:10:00,116.4375,116.46875,116.40625,116.4375,563
2026-04-13T17:15:00,116.4375,116.5,116.4375,116.46875,872
2026-04-13T17:20:00,116.4375,116.46875,116.4375,116.4375,508
2026-04-13T17:25:00,116.40625,116.46875,116.40625,116.4375,833
2026-04-13T17:30:00,116.46875,116.5,116.4375,116.4375,808
2026-04-13T17:35:00,116.4375,116.46875,116.40625,116.46875,1258
2026-04-13T17:40:00,116.46875,116.46875,116.4375,116.4375,719
2026-04-13T17:45:00,116.46875,116.46875,116.4375,116.4375,417
2026-04-13T17:50:00,116.4375,116.4375,116.40625,116.4375,109
2026-04-13T17:55:00,116.4375,116.4375,116.40625,116.4375,58
2026-04-13T18:00:00,116.4375,116.5,116.4375,116.46875,1205
2026-04-13T18:05:00,116.46875,116.5,116.46875,116.5,282
2026-04-13T18:10:00,116.46875,116.53125,116.46875,116.53125,792
2026-04-13T18:15:00,116.53125,116.53125,116.5,116.5,594
2026-04-13T18:20:00,116.5,116.53125,116.5,116.53125,51
2026-04-13T18:25:00,116.5,116.5,116.4375,116.5,559
2026-04-13T18:30:00,116.5,116.5,116.46875,116.46875,288
2026-04-13T18:35:00,116.46875,116.53125,116.46875,116.53125,1094
2026-04-13T18:40:00,116.5,116.5,116.46875,116.5,450
2026-04-13T18:45:00,116.5,116.5625,116.46875,116.5625,1296
2026-04-13T18:50:00,116.5625,116.5625,116.53125,116.5625,530
2026-04-13T18:55:00,116.5625,116.59375,116.53125,116.5625,5122
2026-04-13T19:00:00,116.53125,116.59375,116.53125,116.5625,2242
2026-04-13T19:05:00,116.5625,116.5625,116.53125,116.5625,1653
2026-04-13T19:10:00,116.53125,116.5625,116.5,116.5,662
2026-04-13T19:15:00,116.5,116.53125,116.5,116.5,69
2026-04-13T19:20:00,116.5,116.53125,116.5,116.53125,78
2026-04-13T19:25:00,116.53125,116.59375,116.53125,116.59375,1852
2026-04-13T19:30:00,116.5625,116.5625,116.5625,116.5625,2228
2026-04-13T19:35:00,116.5625,116.59375,116.5625,116.5625,313
2026-04-13T19:40:00,116.59375,116.625,116.5625,116.625,875
2026-04-13T19:45:00,116.625,116.625,116.59375,116.625,766
2026-04-13T19:50:00,116.625,116.6875,116.625,116.65625,2420
2026-04-13T19:55:00,116.65625,116.6875,116.59375,116.59375,21561
2026-04-13T20:00:00,116.59375,116.6875,116.59375,116.65625,4127
2026-04-13T20:05:00,116.625,116.65625,116.59375,116.625,589
2026-04-13T20:10:00,116.625,116.625,116.59375,116.625,2157
2026-04-13T20:15:00,116.59375,116.625,116.59375,116.625,655
2026-04-13T20:20:00,116.625,116.65625,116.625,116.625,270
2026-04-13T20:25:00,116.625,116.625,116.59375,116.625,1123
2026-04-13T20:30:00,116.625,116.625,116.625,116.625,1249
2026-04-13T20:35:00,116.625,116.65625,116.625,116.625,603
2026-04-13T20:40:00,116.625,116.65625,116.625,116.625,310
2026-04-13T20:45:00,116.625,116.625,116.59375,116.625,428
2026-04-13T20:50:00,116.625,116.625,116.59375,116.625,1773
2026-04-13T20:55:00,116.625,116.625,116.53125,116.5625,452
2026-04-13T22:00:00,116.53125,116.5625,116.53125,116.5625,66
2026-04-13T22:05:00,116.5625,116.5625,116.5625,116.5625,61
2026-04-13T22:10:00,116.59375,116.59375,116.5625,116.59375,28
2026-04-13T22:15:00,116.59375,116.59375,116.59375,116.59375,5
2026-04-13T22:25:00,116.59375,116.59375,116.59375,116.59375,90
2026-04-13T22:30:00,116.59375,116.59375,116.59375,116.59375,135
2026-04-13T22:35:00,116.59375,116.59375,116.5625,116.59375,31
2026-04-13T22:40:00,116.59375,116.59375,116.59375,116.59375,100
2026-04-13T22:45:00,116.59375,116.59375,116.5625,116.5625,60
2026-04-13T22:50:00,116.5625,116.5625,116.5625,116.5625,10
2026-04-13T22:55:00,116.59375,116.59375,116.59375,116.59375,30
2026-04-13T23:00:00,116.625,116.625,116.625,116.625,5
2026-04-13T23:05:00,116.625,116.625,116.625,116.625,14
2026-04-13T23:10:00,116.625,116.65625,116.625,116.65625,71
2026-04-13T23:15:00,116.65625,116.65625,116.65625,116.65625,23
2026-04-13T23:20:00,116.65625,116.65625,116.65625,116.65625,6
2026-04-13T23:25:00,116.65625,116.65625,116.65625,116.65625,8
2026-04-13T23:30:00,116.65625,116.71875,116.65625,116.6875,216
2026-04-13T23:35:00,116.71875,116.71875,116.6875,116.71875,211
2026-04-13T23:40:00,116.71875,116.75,116.71875,116.75,76
2026-04-13T23:45:00,116.71875,116.75,116.71875,116.71875,324
2026-04-13T23:50:00,116.6875,116.6875,116.6875,116.6875,47
2026-04-13T23:55:00,116.6875,116.71875,116.6875,116.71875,225
2026-04-14T00:00:00,116.71875,116.71875,116.6875,116.6875,412
2026-04-14T00:05:00,116.6875,116.71875,116.65625,116.6875,162
2026-04-14T00:10:00,116.6875,116.71875,116.65625,116.71875,108
2026-04-14T00:15:00,116.71875,116.78125,116.71875,116.78125,615
2026-04-14T00:20:00,116.78125,116.84375,116.78125,116.8125,531
2026-04-14T00:25:00,116.8125,116.8125,116.75,116.75,188
2026-04-14T00:30:00,116.75,116.8125,116.75,116.8125,127
2026-04-14T00:35:00,116.78125,116.8125,116.78125,116.8125,45
2026-04-14T00:40:00,116.78125,116.78125,116.78125,116.78125,17
2026-04-14T00:45:00,116.78125,116.78125,116.75,116.78125,381
2026-04-14T00:50:00,116.78125,116.78125,116.75,116.78125,149
2026-04-14T00:55:00,116.78125,116.8125,116.75,116.8125,180
2026-04-14T01:00:00,116.8125,116.8125,116.75,116.75,243
2026-04-14T01:05:00,116.75,116.78125,116.75,116.75,149
2026-04-14T01:10:00,116.75,116.78125,116.71875,116.75,152
2026-04-14T01:15:00,116.75,116.75,116.75,116.75,15
2026-04-14T01:20:00,116.75,116.75,116.71875,116.75,64
2026-04-14T01:25:00,116.75,116.78125,116.75,116.75,154
2026-04-14T01:30:00,116.78125,116.78125,116.75,116.75,91
2026-04-14T01:35:00,116.78125,116.78125,116.75,116.78125,176
2026-04-14T01:40:00,116.78125,116.8125,116.75,116.78125,319
2026-04-14T01:45:00,116.78125,116.8125,116.78125,116.8125,147
2026-04-14T01:50:00,116.84375,116.84375,116.78125,116.8125,177
2026-04-14T01:55:00,116.78125,116.8125,116.78125,116.78125,70
2026-04-14T02:00:00,116.78125,116.8125,116.78125,116.78125,17
2026-04-14T02:05:00,116.78125,116.84375,116.78125,116.8125,237
2026-04-14T02:10:00,116.78125,116.8125,116.78125,116.78125,35
2026-04-14T02:15:00,116.8125,116.84375,116.8125,116.84375,29
2026-04-14T02:20:00,116.8125,116.8125,116.78125,116.78125,256
2026-04-14T02:25:00,116.78125,116.78125,116.75,116.78125,30
2026-04-14T02:30:00,116.75,116.78125,116.75,116.75,5
2026-04-14T02:35:00,116.75,116.78125,116.75,116.78125,71
2026-04-14T02:40:00,116.8125,116.8125,116.75,116.75,141
2026-04-14T02:45:00,116.75,116.78125,116.75,116.78125,21
2026-04-14T02:50:00,116.78125,116.8125,116.78125,116.78125,182
2026-04-14T02:55:00,116.78125,116.78125,116.75,116.78125,194
2026-04-14T03:00:00,116.78125,116.8125,116.78125,116.78125,41
2026-04-14T03:05:00,116.78125,116.78125,116.78125,116.78125,14
2026-04-14T03:10:00,116.8125,116.8125,116.78125,116.78125,90
2026-04-14T03:15:00,116.8125,116.8125,116.75,116.75,24
2026-04-14T03:20:00,116.78125,116.78125,116.75,116.75,62
2026-04-14T03:25:00,116.75,116.75,116.75,116.75,104
2026-04-14T03:30:00,116.78125,116.8125,116.75,116.8125,173
2026-04-14T03:35:00,116.8125,116.875,116.8125,116.84375,505
2026-04-14T03:40:00,116.84375,116.875,116.8125,116.8125,131
2026-04-14T03:45:00,116.84375,116.84375,116.84375,116.84375,42
2026-04-14T03:50:00,116.84375,116.875,116.84375,116.875,422
2026-04-14T03:55:00,116.875,116.875,116.84375,116.84375,31
2026-04-14T04:00:00,116.84375,116.90625,116.84375,116.875,85
2026-04-14T04:05:00,116.875,116.90625,116.84375,116.90625,189
2026-04-14T04:10:00,116.875,116.90625,116.875,116.875,13
2026-04-14T04:15:00,116.875,116.90625,116.875,116.875,235
2026-04-14T04:20:00,116.875,116.90625,116.875,116.875,167
2026-04-14T04:25:00,116.90625,116.90625,116.84375,116.875,84
2026-04-14T04:30:00,116.84375,116.84375,116.84375,116.84375,2
2026-04-14T04:35:00,116.84375,116.84375,116.8125,116.84375,153
2026-04-14T04:40:00,116.8125,116.84375,116.8125,116.8125,94
2026-04-14T04:45:00,116.8125,116.875,116.8125,116.84375,114
2026-04-14T04:50:00,116.84375,116.875,116.84375,116.875,94
2026-04-14T04:55:00,116.875,116.90625,116.875,116.875,94
2026-04-14T05:00:00,116.875,116.875,116.875,116.875,10
2026-04-14T05:05:00,116.875,116.90625,116.875,116.875,282
2026-04-14T05:10:00,116.875,116.875,116.875,116.875,25
2026-04-14T05:15:00,116.90625,116.90625,116.875,116.90625,289
2026-04-14T05:20:00,116.9375,116.9375,116.90625,116.90625,105
2026-04-14T05:25:00,116.875,116.90625,116.875,116.90625,8
2026-04-14T05:30:00,116.90625,116.90625,116.84375,116.84375,183
2026-04-14T05:35:00,116.84375,116.84375,116.84375,116.84375,48
2026-04-14T05:40:00,116.84375,116.875,116.84375,116.84375,111
2026-04-14T05:45:00,116.84375,116.875,116.8125,116.875,72
2026-04-14T05:50:00,116.875,116.875,116.84375,116.84375,349
2026-04-14T05:55:00,116.875,116.875,116.84375,116.84375,102
2026-04-14T06:00:00,116.8125,116.875,116.8125,116.84375,434
2026-04-14T06:05:00,116.84375,116.90625,116.84375,116.875,379
2026-04-14T06:10:00,116.84375,116.84375,116.8125,116.8125,247
2026-04-14T06:15:00,116.84375,116.84375,116.8125,116.8125,97
2026-04-14T06:20:00,116.8125,116.8125,116.8125,116.8125,21
2026-04-14T06:25:00,116.8125,116.8125,116.8125,116.8125,49
2026-04-14T06:30:00,116.8125,116.84375,116.8125,116.8125,267
2026-04-14T06:35:00,116.84375,116.84375,116.84375,116.84375,340
2026-04-14T06:40:00,116.84375,116.9375,116.84375,116.875,392
2026-04-14T06:45:00,116.875,116.875,116.84375,116.84375,185
2026-04-14T06:50:00,116.84375,116.84375,116.8125,116.8125,183
2026-04-14T06:55:00,116.84375,116.84375,116.8125,116.8125,142
2026-04-14T07:00:00,116.84375,116.90625,116.78125,116.90625,1460
2026-04-14T07:05:00,116.90625,117.03125,116.875,117.0,796
2026-04-14T07:10:00,117.0,117.0,116.96875,117.0,859
2026-04-14T07:15:00,117.0,117.0,116.90625,116.9375,349
2026-04-14T07:20:00,116.9375,116.96875,116.90625,116.90625,1138
2026-04-14T07:25:00,116.90625,116.9375,116.90625,116.90625,398
2026-04-14T07:30:00,116.90625,116.9375,116.90625,116.9375,463
2026-04-14T07:35:00,116.9375,116.9375,116.90625,116.9375,383
2026-04-14T07:40:00,116.9375,116.9375,116.90625,116.9375,250
2026-04-14T07:45:00,116.9375,116.96875,116.875,116.875,1360
2026-04-14T07:50:00,116.875,116.90625,116.875,116.875,435
2026-04-14T07:55:00,116.90625,116.90625,116.90625,116.90625,161
2026-04-14T08:00:00,116.875,116.90625,116.875,116.90625,362
2026-04-14T08:05:00,116.90625,116.90625,116.875,116.875,138
2026-04-14T08:10:00,116.875,116.90625,116.84375,116.90625,1035
2026-04-14T08:15:00,116.90625,116.90625,116.84375,116.875,514
2026-04-14T08:20:00,116.875,116.875,116.84375,116.84375,223
2026-04-14T08:25:00,116.875,116.875,116.84375,116.84375,56
2026-04-14T08:30:00,116.875,116.875,116.84375,116.875,336
2026-04-14T08:35:00,116.875,116.875,116.84375,116.875,146
2026-04-14T08:40:00,116.84375,116.875,116.78125,116.875,902
2026-04-14T08:45:00,116.875,116.90625,116.875,116.875,317
2026-04-14T08:50:00,116.875,116.875,116.875,116.875,98
2026-04-14T08:55:00,116.875,116.875,116.84375,116.84375,105
2026-04-14T09:00:00,116.875,116.875,116.875,116.875,117
2026-04-14T09:05:00,116.875,116.875,116.8125,116.8125,81
2026-04-14T09:10:00,116.84375,116.84375,116.84375,116.84375,97
2026-04-14T09:15:00,116.875,116.875,116.84375,116.84375,192
2026-04-14T09:20:00,116.84375,116.875,116.8125,116.8125,200
2026-04-14T09:25:00,116.8125,116.8125,116.78125,116.78125,250
2026-04-14T09:30:00,116.78125,116.8125,116.78125,116.8125,166
2026-04-14T09:35:00,116.8125,116.84375,116.8125,116.8125,721
2026-04-14T09:40:00,116.78125,116.78125,116.75,116.75,130
2026-04-14T09:45:00,116.75,116.75,116.75,116.75,272
2026-04-14T09:50:00,116.75,116.75,116.75,116.75,216
2026-04-14T09:55:00,116.75,116.78125,116.75,116.75,133
2026-04-14T10:00:00,116.75,116.75,116.71875,116.71875,422
2026-04-14T10:05:00,116.71875,116.8125,116.71875,116.8125,1025
2026-04-14T10:10:00,116.8125,116.8125,116.75,116.78125,340
2026-04-14T10:15:00,116.78125,116.78125,116.75,116.78125,271
2026-04-14T10:20:00,116.78125,116.8125,116.78125,116.78125,114
2026-04-14T10:25:00,116.78125,116.78125,116.78125,116.78125,482
2026-04-14T10:30:00,116.78125,116.78125,116.75,116.75,499
2026-04-14T10:35:00,116.75,116.75,116.65625,116.65625,1317
2026-04-14T10:40:00,116.625,116.65625,116.59375,116.59375,296
2026-04-14T10:45:00,116.59375,116.65625,116.59375,116.65625,596
2026-04-14T10:50:00,116.6875,116.6875,116.625,116.625,534
2026-04-14T10:55:00,116.625,116.65625,116.59375,116.625,317
2026-04-14T11:00:00,116.625,116.625,116.59375,116.625,537
2026-04-14T11:05:00,116.625,116.625,116.5625,116.5625,241
2026-04-14T11:10:00,116.59375,116.625,116.5625,116.59375,413
2026-04-14T11:15:00,116.5625,116.625,116.5625,116.625,2053
2026-04-14T11:20:00,116.625,116.625,116.59375,116.59375,319
2026-04-14T11:25:00,116.625,116.625,116.59375,116.625,263
2026-04-14T11:30:00,116.59375,116.59375,116.5625,116.5625,732
2026-04-14T11:35:00,116.59375,116.625,116.59375,116.625,267
2026-04-14T11:40:00,116.625,116.65625,116.59375,116.59375,505
2026-04-14T11:45:00,116.59375,116.625,116.5625,116.59375,380
2026-04-14T11:50:00,116.59375,116.625,116.59375,116.59375,154
2026-04-14T11:55:00,116.625,116.6875,116.59375,116.65625,2346
2026-04-14T12:00:00,116.65625,116.6875,116.59375,116.59375,711
2026-04-14T12:05:00,116.59375,116.59375,116.53125,116.53125,919
2026-04-14T12:10:00,116.5625,116.5625,116.5,116.53125,784
2026-04-14T12:15:00,116.5,116.59375,116.5,116.5625,2181
2026-04-14T12:20:00,116.5625,116.5625,116.5,116.53125,1494
2026-04-14T12:25:00,116.53125,116.59375,116.53125,116.5625,2280
2026-04-14T12:30:00,116.53125,116.71875,116.53125,116.59375,2543
2026-04-14T12:35:00,116.59375,116.625,116.5625,116.59375,721
2026-04-14T12:40:00,116.5625,116.5625,116.5,116.5,1738
2026-04-14T12:45:00,116.53125,116.625,116.5,116.59375,1323
2026-04-14T12:50:00,116.625,116.625,116.5625,116.59375,875
2026-04-14T12:55:00,116.59375,116.625,116.5625,116.625,1103
2026-04-14T13:00:00,116.59375,116.625,116.53125,116.625,1911
2026-04-14T13:05:00,116.625,116.65625,116.59375,116.625,427
2026-04-14T13:10:00,116.65625,116.6875,116.625,116.65625,987
2026-04-14T13:15:00,116.65625,116.6875,116.65625,116.6875,944
2026-04-14T13:20:00,116.65625,116.65625,116.59375,116.625,1149
2026-04-14T13:25:00,116.625,116.625,116.5,116.53125,1913
2026-04-14T13:30:00,116.5625,116.5625,116.4375,116.5,4185
2026-04-14T13:35:00,116.5,116.59375,116.46875,116.5625,2041
2026-04-14T13:40:00,116.5625,116.59375,116.5,116.59375,1830
2026-04-14T13:45:00,116.59375,116.625,116.53125,116.5625,3724
2026-04-14T13:50:00,116.53125,116.5625,116.5,116.5625,822
2026-04-14T13:55:00,116.53125,116.5625,116.53125,116.53125,1152
2026-04-14T14:00:00,116.5625,116.625,116.5625,116.625,1404
2026-04-14T14:05:00,116.625,116.78125,116.59375,116.78125,2789
2026-04-14T14:10:00,116.78125,116.84375,116.71875,116.78125,2668
2026-04-14T14:15:00,116.8125,116.84375,116.78125,116.8125,1798
2026-04-14T14:20:00,116.8125,116.8125,116.71875,116.75,1350
2026-04-14T14:25:00,116.75,116.8125,116.75,116.78125,1555
2026-04-14T14:30:00,116.78125,116.8125,116.75,116.78125,1847
2026-04-14T14:35:00,116.8125,116.875,116.8125,116.875,1599
2026-04-14T14:40:00,116.875,116.90625,116.84375,116.84375,1537
2026-04-14T14:45:00,116.84375,116.875,116.84375,116.84375,1530
2026-04-14T14:50:00,116.84375,116.875,116.8125,116.84375,855
2026-04-14T14:55:00,116.875,116.875,116.84375,116.84375,612
2026-04-14T15:00:00,116.84375,116.875,116.8125,116.84375,1446
2026-04-14T15:05:00,116.84375,116.84375,116.71875,116.75,4473
2026-04-14T15:10:00,116.78125,116.84375,116.75,116.84375,2897
2026-04-14T15:15:00,116.8125,116.90625,116.8125,116.90625,2784
2026-04-14T15:20:00,116.90625,116.9375,116.90625,116.9375,1192
2026-04-14T15:25:00,116.9375,116.9375,116.84375,116.875,1324
2026-04-14T15:30:00,116.875,116.96875,116.875,116.90625,1332
2026-04-14T15:35:00,116.9375,116.9375,116.90625,116.9375,577
2026-04-14T15:40:00,116.9375,117.0,116.9375,116.96875,1679
2026-04-14T15:45:00,116.96875,116.96875,116.90625,116.90625,1342
2026-04-14T15:50:00,116.90625,116.9375,116.875,116.875,1212
2026-04-14T15:55:00,116.90625,116.90625,116.84375,116.875,449
2026-04-14T16:00:00,116.875,116.9375,116.84375,116.9375,735
2026-04-14T16:05:00,116.9375,116.96875,116.90625,116.9375,1330
2026-04-14T16:10:00,116.9375,116.9375,116.90625,116.9375,521
2026-04-14T16:15:00,116.96875,116.96875,116.90625,116.96875,896
2026-04-14T16:20:00,116.96875,117.0,116.96875,116.96875,1186
2026-04-14T16:25:00,116.96875,117.0,116.96875,116.96875,997
2026-04-14T16:30:00,116.9375,116.96875,116.9375,116.9375,225
2026-04-14T16:35:00,116.9375,116.96875,116.90625,116.9375,460
2026-04-14T16:40:00,116.90625,116.9375,116.90625,116.90625,449
2026-04-14T16:45:00,116.9375,116.9375,116.875,116.875,609
2026-04-14T16:50:00,116.90625,116.9375,116.875,116.90625,1503
2026-04-14T16:55:00,116.90625,116.9375,116.90625,116.90625,198
2026-04-14T17:00:00,116.90625,116.9375,116.84375,116.84375,950
2026-04-14T17:05:00,116.875,116.90625,116.84375,116.90625,1311
2026-04-14T17:10:00,116.9375,116.96875,116.9375,116.96875,759
2026-04-14T17:15:00,116.96875,117.0,116.9375,117.0,1729
2026-04-14T17:20:00,117.0,117.03125,117.0,117.03125,1658
2026-04-14T17:25:00,117.03125,117.03125,117.0,117.0,1340
2026-04-14T17:30:00,117.0,117.03125,117.0,117.03125,808
2026-04-14T17:35:00,117.03125,117.0625,117.0,117.0625,552
2026-04-14T17:40:00,117.0625,117.09375,117.03125,117.0625,1529
2026-04-14T17:45:00,117.0625,117.09375,117.0625,117.0625,739
2026-04-14T17:50:00,117.09375,117.09375,117.0625,117.0625,226
2026-04-14T17:55:00,117.03125,117.03125,117.0,117.03125,1126
2026-04-14T18:00:00,117.03125,117.09375,117.03125,117.0625,845
2026-04-14T18:05:00,117.0625,117.125,117.0625,117.125,968
2026-04-14T18:10:00,117.125,117.15625,117.125,117.15625,1748
2026-04-14T18:15:00,117.15625,117.15625,117.09375,117.125,495
2026-04-14T18:20:00,117.09375,117.15625,117.09375,117.15625,1809
2026-04-14T18:25:00,117.15625,117.15625,117.125,117.15625,1113
2026-04-14T18:30:00,117.15625,117.15625,117.09375,117.09375,1092
2026-04-14T18:35:00,117.125,117.1875,117.125,117.1875,1410
2026-04-14T18:40:00,117.15625,117.15625,117.09375,117.09375,1003
2026-04-14T18:45:00,117.09375,117.09375,117.0625,117.09375,3107
2026-04-14T18:50:00,117.09375,117.125,117.0625,117.125,365
2026-04-14T18:55:00,117.09375,117.15625,117.09375,117.09375,2752
2026-04-14T19:00:00,117.125,117.15625,117.09375,117.125,1961
2026-04-14T19:05:00,117.15625,117.15625,117.125,117.15625,59
2026-04-14T19:10:00,117.15625,117.15625,117.125,117.125,296
2026-04-14T19:15:00,117.125,117.15625,117.125,117.125,217
2026-04-14T19:20:00,117.125,117.15625,117.125,117.15625,877
2026-04-14T19:25:00,117.125,117.125,117.09375,117.125,502
2026-04-14T19:30:00,117.125,117.15625,117.09375,117.125,655
2026-04-14T19:35:00,117.125,117.15625,117.09375,117.15625,844
2026-04-14T19:40:00,117.15625,117.21875,117.15625,117.21875,1373
2026-04-14T19:45:00,117.1875,117.21875,117.1875,117.21875,102
2026-04-14T19:50:00,117.21875,117.21875,117.15625,117.15625,884
2026-04-14T19:55:00,117.1875,117.25,117.15625,117.15625,13807
2026-04-14T20:00:00,117.1875,117.21875,117.15625,117.1875,3590
2026-04-14T20:05:00,117.1875,117.21875,117.1875,117.21875,1200
2026-04-14T20:10:00,117.21875,117.28125,117.21875,117.25,1527
2026-04-14T20:15:00,117.25,117.28125,117.21875,117.25,591
2026-04-14T20:20:00,117.25,117.28125,117.21875,117.25,389
2026-04-14T20:25:00,117.25,117.28125,117.25,117.25,145
2026-04-14T20:30:00,117.25,117.3125,117.25,117.28125,946
2026-04-14T20:35:00,117.28125,117.3125,117.28125,117.28125,287
2026-04-14T20:40:00,117.3125,117.3125,117.28125,117.3125,24
2026-04-14T20:45:00,117.28125,117.3125,117.28125,117.28125,257
2026-04-14T20:50:00,117.28125,117.3125,117.25,117.28125,1819
2026-04-14T20:55:00,117.28125,117.28125,117.21875,117.25,364
2026-04-14T22:00:00,117.28125,117.3125,117.25,117.3125,134
2026-04-14T22:05:00,117.34375,117.375,117.34375,117.34375,98
2026-04-14T22:10:00,117.34375,117.375,117.3125,117.3125,137
2026-04-14T22:15:00,117.34375,117.34375,117.34375,117.34375,2
2026-04-14T22:20:00,117.3125,117.3125,117.3125,117.3125,4
2026-04-14T22:25:00,117.3125,117.3125,117.3125,117.3125,3
2026-04-14T22:30:00,117.3125,117.3125,117.3125,117.3125,160
2026-04-14T22:35:00,117.3125,117.3125,117.3125,117.3125,2
2026-04-14T22:40:00,117.3125,117.3125,117.3125,117.3125,7
2026-04-14T22:45:00,117.3125,117.3125,117.3125,117.3125,3
2026-04-14T22:50:00,117.3125,117.3125,117.3125,117.3125,8
2026-04-14T22:55:00,117.34375,117.34375,117.34375,117.34375,6
2026-04-14T23:00:00,117.34375,117.34375,117.3125,117.3125,4
2026-04-14T23:05:00,117.3125,117.3125,117.3125,117.3125,2
2026-04-14T23:10:00,117.3125,117.3125,117.3125,117.3125,138
2026-04-14T23:15:00,117.3125,117.3125,117.3125,117.3125,1
2026-04-14T23:20:00,117.3125,117.3125,117.3125,117.3125,115
2026-04-14T23:25:00,117.34375,117.34375,117.34375,117.34375,609
2026-04-14T23:30:00,117.34375,117.375,117.34375,117.375,513
2026-04-14T23:35:00,117.375,117.4375,117.375,117.4375,928
2026-04-14T23:40:00,117.4375,117.4375,117.40625,117.40625,296
2026-04-14T23:45:00,117.375,117.40625,117.375,117.40625,33
2026-04-14T23:50:00,117.40625,117.4375,117.40625,117.40625,160
2026-04-14T23:55:00,117.40625,117.40625,117.375,117.375,58
2026-04-15T00:00:00,117.375,117.4375,117.375,117.40625,564
2026-04-15T00:05:00,117.375,117.4375,117.375,117.40625,124
2026-04-15T00:10:00,117.40625,117.40625,117.375,117.375,276
2026-04-15T00:15:00,117.40625,117.40625,117.375,117.40625,43
2026-04-15T00:20:00,117.40625,117.40625,117.375,117.40625,148
2026-04-15T00:25:00,117.40625,117.4375,117.40625,117.40625,8
2026-04-15T00:30:00,117.40625,117.40625,117.375,117.375,123
2026-04-15T00:35:00,117.34375,117.34375,117.34375,117.34375,1
2026-04-15T00:40:00,117.375,117.375,117.3125,117.3125,617
2026-04-15T00:45:00,117.3125,117.3125,117.3125,117.3125,37
2026-04-15T00:50:00,117.34375,117.375,117.34375,117.375,187
2026-04-15T00:55:00,117.375,117.375,117.375,117.375,134
2026-04-15T01:00:00,117.375,117.375,117.3125,117.3125,252
2026-04-15T01:05:00,117.34375,117.375,117.3125,117.34375,166
2026-04-15T01:10:00,117.34375,117.375,117.34375,117.34375,187
2026-04-15T01:15:00,117.34375,117.34375,117.3125,117.3125,188
2026-04-15T01:20:00,117.3125,117.3125,117.3125,117.3125,149
2026-04-15T01:25:00,117.3125,117.375,117.3125,117.375,299
2026-04-15T01:30:00,117.375,117.375,117.3125,117.3125,184
2026-04-15T01:35:00,117.3125,117.3125,117.3125,117.3125,44
2026-04-15T01:40:00,117.3125,117.3125,117.28125,117.3125,446
2026-04-15T01:45:00,117.3125,117.34375,117.28125,117.3125,140
2026-04-15T01:50:00,117.28125,117.28125,117.25,117.28125,418
2026-04-15T01:55:00,117.28125,117.34375,117.28125,117.3125,360
2026-04-15T02:00:00,117.3125,117.34375,117.28125,117.3125,77
2026-04-15T02:05:00,117.34375,117.34375,117.3125,117.3125,32
2026-04-15T02:10:00,117.3125,117.3125,117.3125,117.3125,180
2026-04-15T02:15:00,117.34375,117.34375,117.3125,117.3125,6
2026-04-15T02:20:00,117.3125,117.34375,117.3125,117.3125,260
2026-04-15T02:25:00,117.3125,117.3125,117.28125,117.28125,120
2026-04-15T02:30:00,117.28125,117.28125,117.28125,117.28125,107
2026-04-15T02:35:00,117.25,117.28125,117.25,117.28125,32
2026-04-15T02:40:00,117.28125,117.28125,117.28125,117.28125,2
2026-04-15T02:45:00,117.28125,117.3125,117.28125,117.28125,167
2026-04-15T02:50:00,117.28125,117.3125,117.28125,117.3125,292
2026-04-15T02:55:00,117.3125,117.3125,117.28125,117.28125,214
2026-04-15T03:00:00,117.3125,117.375,117.3125,117.34375,189
2026-04-15T03:05:00,117.34375,117.34375,117.34375,117.34375,97
2026-04-15T03:10:00,117.34375,117.375,117.3125,117.34375,219
2026-04-15T03:15:00,117.34375,117.34375,117.34375,117.34375,53
2026-04-15T03:20:00,117.34375,117.34375,117.3125,117.3125,221
2026-04-15T03:25:00,117.3125,117.3125,117.28125,117.3125,157
2026-04-15T03:30:00,117.28125,117.3125,117.28125,117.3125,73
2026-04-15T03:35:00,117.3125,117.34375,117.3125,117.34375,158
2026-04-15T03:40:00,117.34375,117.34375,117.3125,117.3125,11
2026-04-15T03:45:00,117.3125,117.34375,117.3125,117.34375,30
2026-04-15T03:50:00,117.3125,117.3125,117.3125,117.3125,9
2026-04-15T03:55:00,117.3125,117.34375,117.3125,117.3125,89
2026-04-15T04:00:00,117.34375,117.34375,117.3125,117.3125,12
2026-04-15T04:05:00,117.3125,117.3125,117.3125,117.3125,143
2026-04-15T04:10:00,117.34375,117.34375,117.3125,117.3125,4
2026-04-15T04:15:00,117.3125,117.3125,117.3125,117.3125,113
2026-04-15T04:20:00,117.34375,117.34375,117.3125,117.34375,72
2026-04-15T04:25:00,117.34375,117.34375,117.3125,117.3125,78
2026-04-15T04:30:00,117.3125,117.375,117.3125,117.34375,166
2026-04-15T04:35:00,117.34375,117.375,117.3125,117.3125,228
2026-04-15T04:40:00,117.3125,117.3125,117.28125,117.28125,119
2026-04-15T04:45:00,117.28125,117.3125,117.28125,117.3125,10
2026-04-15T04:50:00,117.28125,117.3125,117.28125,117.28125,27
2026-04-15T04:55:00,117.28125,117.3125,117.28125,117.3125,419
2026-04-15T05:00:00,117.3125,117.34375,117.28125,117.3125,330
2026-04-15T05:05:00,117.3125,117.3125,117.3125,117.3125,181
2026-04-15T05:10:00,117.3125,117.3125,117.28125,117.28125,123
2026-04-15T05:15:00,117.3125,117.34375,117.28125,117.3125,125
2026-04-15T05:20:00,117.3125,117.3125,117.28125,117.28125,146
2026-04-15T05:25:00,117.28125,117.3125,117.28125,117.3125,56
2026-04-15T05:30:00,117.3125,117.3125,117.28125,117.3125,179
2026-04-15T05:35:00,117.28125,117.3125,117.28125,117.3125,142
2026-04-15T05:40:00,117.34375,117.34375,117.25,117.25,59
2026-04-15T05:45:00,117.25,117.28125,117.25,117.28125,81
2026-04-15T05:50:00,117.25,117.3125,117.25,117.3125,163
2026-04-15T05:55:00,117.28125,117.3125,117.28125,117.28125,81
2026-04-15T06:00:00,117.3125,117.3125,117.28125,117.3125,444
2026-04-15T06:05:00,117.3125,117.3125,117.28125,117.3125,82
2026-04-15T06:10:00,117.3125,117.34375,117.3125,117.3125,21
2026-04-15T06:15:00,117.34375,117.34375,117.34375,117.34375,369
2026-04-15T06:20:00,117.34375,117.34375,117.3125,117.3125,311
2026-04-15T06:25:00,117.3125,117.3125,117.28125,117.28125,148
2026-04-15T06:30:00,117.28125,117.34375,117.28125,117.28125,283
2026-04-15T06:35:00,117.3125,117.3125,117.28125,117.3125,443
2026-04-15T06:40:00,117.3125,117.34375,117.3125,117.34375,289
2026-04-15T06:45:00,117.3125,117.375,117.3125,117.375,394
2026-04-15T06:50:00,117.375,117.375,117.34375,117.34375,265
2026-04-15T06:55:00,117.3125,117.34375,117.3125,117.34375,144
2026-04-15T07:00:00,117.3125,117.3125,117.28125,117.3125,1523
2026-04-15T07:05:00,117.3125,117.375,117.3125,117.375,345
2026-04-15T07:10:00,117.375,117.375,117.28125,117.3125,566
2026-04-15T07:15:00,117.3125,117.3125,117.21875,117.21875,734
2026-04-15T07:20:00,117.25,117.25,117.21875,117.21875,189
2026-04-15T07:25:00,117.21875,117.25,117.21875,117.25,582
2026-04-15T07:30:00,117.25,117.28125,117.25,117.25,111
2026-04-15T07:35:00,117.21875,117.25,117.1875,117.25,767
2026-04-15T07:40:00,117.21875,117.25,117.21875,117.21875,689
2026-04-15T07:45:00,117.21875,117.25,117.21875,117.25,1540
2026-04-15T07:50:00,117.25,117.25,117.21875,117.25,61
2026-04-15T07:55:00,117.21875,117.25,117.1875,117.21875,455
2026-04-15T08:00:00,117.25,117.28125,117.25,117.25,359
2026-04-15T08:05:00,117.21875,117.25,117.21875,117.21875,5
2026-04-15T08:10:00,117.21875,117.28125,117.21875,117.28125,702
2026-04-15T08:15:00,117.28125,117.28125,117.28125,117.28125,733
2026-04-15T08:20:00,117.25,117.28125,117.25,117.28125,182
2026-04-15T08:25:00,117.28125,117.3125,117.28125,117.28125,481
2026-04-15T08:30:00,117.28125,117.28125,117.25,117.25,272
2026-04-15T08:35:00,117.25,117.25,117.21875,117.21875,85
2026-04-15T08:40:00,117.25,117.25,117.21875,117.21875,365
2026-04-15T08:45:00,117.21875,117.28125,117.21875,117.28125,708
2026-04-15T08:50:00,117.28125,117.34375,117.28125,117.34375,531
2026-04-15T08:55:00,117.34375,117.34375,117.3125,117.3125,712
2026-04-15T09:00:00,117.28125,117.3125,117.1875,117.1875,1532
2026-04-15T09:05:00,117.1875,117.1875,117.15625,117.15625,1081
2026-04-15T09:10:00,117.1875,117.21875,117.15625,117.1875,939
2026-04-15T09:15:00,117.1875,117.1875,117.15625,117.15625,308
2026-04-15T09:20:00,117.1875,117.21875,117.1875,117.1875,306
2026-04-15T09:25:00,117.21875,117.21875,117.15625,117.15625,902
2026-04-15T09:30:00,117.1875,117.21875,117.1875,117.1875,484
2026-04-15T09:35:00,117.1875,117.1875,117.15625,117.15625,247
2026-04-15T09:40:00,117.15625,117.1875,117.15625,117.15625,194
2026-04-15T09:45:00,117.15625,117.15625,117.15625,117.15625,114
2026-04-15T09:50:00,117.1875,117.21875,117.15625,117.1875,197
2026-04-15T09:55:00,117.1875,117.1875,117.1875,117.1875,434
2026-04-15T10:00:00,117.1875,117.1875,117.15625,117.1875,369
2026-04-15T10:05:00,117.1875,117.21875,117.1875,117.1875,378
2026-04-15T10:10:00,117.21875,117.21875,117.1875,117.1875,133
2026-04-15T10:15:00,117.1875,117.1875,117.09375,117.09375,1681
2026-04-15T10:20:00,117.09375,117.125,117.09375,117.09375,277
2026-04-15T10:25:00,117.0625,117.0625,117.03125,117.03125,398
2026-04-15T10:30:00,117.0625,117.0625,117.03125,117.0625,804
2026-04-15T10:35:00,117.0625,117.0625,117.03125,117.03125,27
2026-04-15T10:40:00,117.0625,117.125,117.03125,117.125,1975
2026-04-15T10:45:00,117.125,117.15625,117.125,117.125,973
2026-04-15T10:50:00,117.125,117.125,117.125,117.125,139
2026-04-15T10:55:00,117.125,117.125,117.125,117.125,346
2026-04-15T11:00:00,117.09375,117.15625,117.09375,117.125,269
2026-04-15T11:05:00,117.09375,117.09375,117.09375,117.09375,416
2026-04-15T11:10:00,117.09375,117.15625,117.09375,117.09375,773
2026-04-15T11:15:00,117.09375,117.125,117.03125,117.03125,1010
2026-04-15T11:20:00,117.03125,117.0625,117.03125,117.03125,1060
2026-04-15T11:25:00,117.0625,117.0625,116.96875,116.96875,1173
2026-04-15T11:30:00,117.0,117.0,116.9375,117.0,1328
2026-04-15T11:35:00,116.96875,117.0,116.9375,116.9375,941
2026-04-15T11:40:00,116.9375,116.96875,116.90625,116.96875,1714
2026-04-15T11:45:00,116.96875,117.0625,116.96875,117.03125,4746
2026-04-15T11:50:00,117.03125,117.03125,117.0,117.03125,497
2026-04-15T11:55:00,117.03125,117.03125,116.96875,117.0,982
2026-04-15T12:00:00,116.96875,117.0,116.9375,116.9375,1678
2026-04-15T12:05:00,116.9375,116.96875,116.90625,116.9375,1512
2026-04-15T12:10:00,116.9375,116.9375,116.90625,116.90625,495
2026-04-15T12:15:00,116.9375,116.9375,116.875,116.9375,516
2026-04-15T12:20:00,116.90625,116.9375,116.84375,116.9375,2800
2026-04-15T12:25:00,116.9375,116.9375,116.90625,116.90625,1023
2026-04-15T12:30:00,116.9375,116.96875,116.90625,116.9375,1018
2026-04-15T12:35:00,116.9375,116.96875,116.90625,116.9375,947
2026-04-15T12:40:00,116.9375,116.9375,116.90625,116.9375,885
2026-04-15T12:45:00,116.9375,116.96875,116.9375,116.9375,375
2026-04-15T12:50:00,116.96875,117.0,116.9375,116.96875,2493
2026-04-15T12:55:00,116.96875,117.03125,116.96875,117.0,796
2026-04-15T13:00:00,116.96875,117.0,116.90625,116.9375,1490
2026-04-15T13:05:00,116.9375,116.96875,116.9375,116.96875,1150
2026-04-15T13:10:00,117.0,117.0,116.84375,116.90625,1381
2026-04-15T13:15:00,116.9375,116.9375,116.84375,116.90625,1002
2026-04-15T13:20:00,116.90625,116.9375,116.90625,116.90625,884
2026-04-15T13:25:00,116.90625,116.9375,116.875,116.90625,1626
2026-04-15T13:30:00,116.9375,116.96875,116.875,116.90625,1674
2026-04-15T13:35:00,116.9375,117.0,116.9375,116.96875,2269
2026-04-15T13:40:00,116.9375,116.9375,116.84375,116.84375,1517
2026-04-15T13:45:00,116.875,116.875,116.84375,116.875,1507
2026-04-15T13:50:00,116.875,116.9375,116.84375,116.9375,4764
2026-04-15T13:55:00,116.96875,116.96875,116.90625,116.9375,1229
2026-04-15T14:00:00,116.9375,116.96875,116.875,116.9375,2026
2026-04-15T14:05:00,116.9375,116.9375,116.90625,116.9375,1112
2026-04-15T14:10:00,116.9375,116.9375,116.875,116.875,1373
2026-04-15T14:15:00,116.84375,116.90625,116.84375,116.875,2299
2026-04-15T14:20:00,116.875,116.9375,116.875,116.90625,1517
2026-04-15T14:25:00,116.9375,116.96875,116.9375,116.9375,2626
2026-04-15T14:30:00,116.9375,116.9375,116.875,116.875,782
2026-04-15T14:35:00,116.875,116.875,116.8125,116.8125,912
2026-04-15T14:40:00,116.84375,116.875,116.84375,116.875,131
2026-04-15T14:45:00,116.875,116.90625,116.84375,116.84375,1384
2026-04-15T14:50:00,116.84375,116.84375,116.8125,116.84375,642
2026-04-15T14:55:00,116.84375,116.875,116.8125,116.84375,1145
2026-04-15T15:00:00,116.8125,116.8125,116.75,116.75,1798
2026-04-15T15:05:00,116.78125,116.8125,116.75,116.75,919
2026-04-15T15:10:00,116.75,116.8125,116.75,116.8125,2067
2026-04-15T15:15:00,116.8125,116.8125,116.75,116.78125,824
2026-04-15T15:20:00,116.8125,116.8125,116.6875,116.6875,1439
2026-04-15T15:25:00,116.71875,116.71875,116.6875,116.71875,112
2026-04-15T15:30:00,116.71875,116.71875,116.6875,116.6875,1583
2026-04-15T15:35:00,116.65625,116.75,116.65625,116.6875,1271
2026-04-15T15:40:00,116.71875,116.75,116.6875,116.6875,935
2026-04-15T15:45:00,116.71875,116.75,116.6875,116.71875,728
2026-04-15T15:50:00,116.71875,116.75,116.6875,116.71875,1616
2026-04-15T15:55:00,116.6875,116.71875,116.65625,116.6875,761
2026-04-15T16:00:00,116.65625,116.65625,116.59375,116.625,2562
2026-04-15T16:05:00,116.625,116.625,116.53125,116.59375,3662
2026-04-15T16:10:00,116.59375,116.625,116.5625,116.625,1319
2026-04-15T16:15:00,116.59375,116.625,116.59375,116.59375,15
2026-04-15T16:20:00,116.625,116.65625,116.59375,116.65625,908
2026-04-15T16:25:00,116.65625,116.71875,116.65625,116.71875,1792
2026-04-15T16:30:00,116.71875,116.75,116.6875,116.71875,1270
2026-04-15T16:35:00,116.71875,116.75,116.71875,116.71875,1580
2026-04-15T16:40:00,116.71875,116.71875,116.6875,116.6875,717
2026-04-15T16:45:00,116.71875,116.71875,116.65625,116.6875,1498
2026-04-15T16:50:00,116.6875,116.6875,116.65625,116.6875,46
2026-04-15T16:55:00,116.6875,116.71875,116.65625,116.6875,1820
2026-04-15T17:00:00,116.6875,116.71875,116.6875,116.71875,48
2026-04-15T17:05:00,116.71875,116.78125,116.71875,116.75,1397
2026-04-15T17:10:00,116.75,116.75,116.71875,116.71875,687
2026-04-15T17:15:00,116.71875,116.75,116.71875,116.75,839
2026-04-15T17:20:00,116.75,116.75,116.75,116.75,247
2026-04-15T17:25:00,116.75,116.78125,116.71875,116.75,3751
2026-04-15T17:30:00,116.71875,116.71875,116.65625,116.6875,1726
2026-04-15T17:35:00,116.6875,116.6875,116.65625,116.65625,386
2026-04-15T17:40:00,116.6875,116.6875,116.65625,116.65625,1068
2026-04-15T17:45:00,116.6875,116.6875,116.65625,116.6875,38
2026-04-15T17:50:00,116.65625,116.6875,116.625,116.625,191
2026-04-15T17:55:00,116.625,116.65625,116.625,116.625,838
2026-04-15T18:00:00,116.625,116.6875,116.5625,116.65625,3432
2026-04-15T18:05:00,116.625,116.65625,116.5625,116.59375,1036
2026-04-15T18:10:00,116.59375,116.65625,116.59375,116.625,442
2026-04-15T18:15:00,116.65625,116.65625,116.59375,116.625,1463
2026-04-15T18:20:00,116.59375,116.65625,116.59375,116.625,685
2026-04-15T18:25:00,116.625,116.65625,116.625,116.625,764
2026-04-15T18:30:00,116.65625,116.6875,116.65625,116.6875,1101
2026-04-15T18:35:00,116.6875,116.71875,116.65625,116.65625,452
2026-04-15T18:40:00,116.6875,116.71875,116.65625,116.71875,508
2026-04-15T18:45:00,116.71875,116.71875,116.65625,116.71875,6380
2026-04-15T18:50:00,116.71875,116.78125,116.71875,116.75,1324
2026-04-15T18:55:00,116.78125,116.78125,116.6875,116.71875,1850
2026-04-15T19:00:00,116.71875,116.8125,116.6875,116.8125,1302
2026-04-15T19:05:00,116.78125,116.78125,116.75,116.78125,2093
2026-04-15T19:10:00,116.78125,116.78125,116.75,116.78125,318
2026-04-15T19:15:00,116.75,116.78125,116.71875,116.71875,311
2026-04-15T19:20:00,116.75,116.78125,116.71875,116.75,968
2026-04-15T19:25:00,116.75,116.78125,116.71875,116.71875,1283
2026-04-15T19:30:00,116.71875,116.71875,116.6875,116.71875,1173
2026-04-15T19:35:00,116.6875,116.71875,116.6875,116.6875,224
2026-04-15T19:40:00,116.71875,116.71875,116.6875,116.6875,488
2026-04-15T19:45:00,116.71875,116.71875,116.6875,116.6875,1533
2026-04-15T19:50:00,116.71875,116.75,116.6875,116.71875,2783
2026-04-15T19:55:00,116.71875,116.75,116.625,116.65625,17168
2026-04-15T20:00:00,116.6875,116.71875,116.625,116.65625,5169
2026-04-15T20:05:00,116.65625,116.65625,116.59375,116.625,2453
2026-04-15T20:10:00,116.625,116.65625,116.59375,116.65625,526
2026-04-15T20:15:00,116.65625,116.6875,116.625,116.65625,923
2026-04-15T20:20:00,116.65625,116.6875,116.65625,116.65625,675
2026-04-15T20:25:00,116.65625,116.6875,116.65625,116.6875,158
2026-04-15T20:30:00,116.65625,116.6875,116.65625,116.6875,609
2026-04-15T20:35:00,116.65625,116.6875,116.625,116.65625,709
2026-04-15T20:40:00,116.65625,116.6875,116.625,116.65625,482
2026-04-15T20:45:00,116.65625,116.6875,116.625,116.625,1057
2026-04-15T20:50:00,116.625,116.625,116.5625,116.59375,1621
2026-04-15T20:55:00,116.625,116.625,116.53125,116.53125,665
2026-04-15T22:00:00,116.53125,116.59375,116.53125,116.5625,82
2026-04-15T22:05:00,116.5625,116.59375,116.5625,116.5625,19
2026-04-15T22:10:00,116.59375,116.59375,116.59375,116.59375,43
2026-04-15T22:15:00,116.625,116.65625,116.625,116.65625,41
2026-04-15T22:20:00,116.625,116.625,116.59375,116.59375,50
2026-04-15T22:25:00,116.625,116.625,116.625,116.625,424
2026-04-15T22:30:00,116.625,116.625,116.625,116.625,36
2026-04-15T22:35:00,116.65625,116.65625,116.625,116.65625,53
2026-04-15T22:40:00,116.65625,116.65625,116.625,116.65625,38
2026-04-15T22:45:00,116.65625,116.6875,116.65625,116.6875,63
2026-04-15T22:50:00,116.6875,116.6875,116.65625,116.65625,42
2026-04-15T22:55:00,116.65625,116.6875,116.65625,116.65625,95
2026-04-15T23:05:00,116.65625,116.6875,116.65625,116.6875,11
2026-04-15T23:10:00,116.6875,116.6875,116.65625,116.6875,294
2026-04-15T23:15:00,116.65625,116.6875,116.65625,116.6875,24
2026-04-15T23:25:00,116.6875,116.6875,116.6875,116.6875,25
