datetime,open,high,low,close,volume
2026-03-08T22:00:00,0.7,0.7,0.6977,0.6977,7
2026-03-08T22:01:00,0.6971,0.6982,0.6971,0.698,8
2026-03-08T22:04:00,0.698,0.698,0.698,0.698,1
2026-03-08T22:10:00,0.6975,0.6975,0.6975,0.6975,1
2026-03-08T22:11:00,0.6976,0.6977,0.6974,0.6977,8
2026-03-08T22:12:00,0.6976,0.6977,0.6976,0.6977,3
2026-03-08T22:16:00,0.698,0.698,0.6979,0.6979,2
2026-03-08T22:20:00,0.698,0.698,0.698,0.698,1
2026-03-08T22:21:00,0.6982,0.6984,0.6982,0.6984,7
2026-03-08T22:23:00,0.6982,0.6985,0.6982,0.6983,4
2026-03-08T22:24:00,0.6982,0.6982,0.6982,0.6982,1
2026-03-08T22:25:00,0.6982,0.6982,0.698,0.698,2
2026-03-08T22:27:00,0.698,0.698,0.6978,0.6978,2
2026-03-08T22:29:00,0.698,0.698,0.6979,0.6979,2
2026-03-08T22:32:00,0.6983,0.6983,0.6983,0.6983,5
2026-03-08T22:34:00,0.6981,0.6981,0.6979,0.6979,20
2026-03-08T22:35:00,0.698,0.698,0.698,0.698,2
2026-03-08T22:36:00,0.698,0.698,0.6978,0.6978,11
2026-03-08T22:37:00,0.6979,0.6979,0.6977,0.6977,7
2026-03-08T22:44:00,0.6976,0.6976,0.6976,0.6976,1
2026-03-08T22:45:00,0.6977,0.6977,0.6977,0.6977,1
2026-03-08T22:51:00,0.6974,0.6974,0.6974,0.6974,3
2026-03-08T22:52:00,0.6974,0.6974,0.6974,0.6974,1
2026-03-08T22:54:00,0.6971,0.6972,0.6971,0.6972,3
2026-03-08T22:55:00,0.6972,0.6975,0.6972,0.6973,3
2026-03-08T22:56:00,0.6974,0.6974,0.6974,0.6974,1
2026-03-08T22:57:00,0.6974,0.6974,0.6974,0.6974,1
2026-03-08T22:58:00,0.6975,0.6975,0.6975,0.6975,1
2026-03-08T22:59:00,0.6974,0.6974,0.6974,0.6974,1
2026-03-08T23:00:00,0.6974,0.6977,0.6974,0.6977,12
2026-03-08T23:01:00,0.6977,0.6977,0.6974,0.6974,10
2026-03-08T23:06:00,0.6974,0.6974,0.6974,0.6974,7
2026-03-08T23:08:00,0.6975,0.6975,0.6973,0.6973,2
2026-03-08T23:10:00,0.6971,0.6971,0.6971,0.6971,6
2026-03-08T23:11:00,0.6971,0.6972,0.6971,0.6971,11
2026-03-08T23:12:00,0.6972,0.6972,0.6969,0.697,13
2026-03-08T23:13:00,0.6971,0.6971,0.6969,0.6969,3
2026-03-08T23:14:00,0.697,0.6971,0.697,0.6971,3
2026-03-08T23:15:00,0.6972,0.6972,0.6972,0.6972,2
2026-03-08T23:23:00,0.6971,0.6971,0.6971,0.6971,1
2026-03-08T23:25:00,0.697,0.697,0.697,0.697,1
2026-03-08T23:27:00,0.6972,0.6972,0.6972,0.6972,1
2026-03-08T23:28:00,0.6967,0.6967,0.6967,0.6967,17
2026-03-08T23:30:00,0.6966,0.6966,0.6966,0.6966,1
2026-03-08T23:33:00,0.6966,0.6966,0.6966,0.6966,1
2026-03-08T23:34:00,0.6965,0.6965,0.6963,0.6965,4
2026-03-08T23:38:00,0.6963,0.6963,0.6963,0.6963,9
2026-03-08T23:39:00,0.6961,0.6961,0.696,0.696,13
2026-03-08T23:40:00,0.696,0.696,0.696,0.696,1
2026-03-08T23:42:00,0.6961,0.6961,0.6961,0.6961,1
2026-03-08T23:44:00,0.6963,0.6963,0.6963,0.6963,1
2026-03-08T23:47:00,0.696,0.696,0.696,0.696,3
2026-03-08T23:49:00,0.6963,0.6963,0.6963,0.6963,1
2026-03-08T23:57:00,0.6962,0.6962,0.6958,0.6958,2
2026-03-08T23:58:00,0.6961,0.6961,0.6961,0.6961,1
2026-03-09T00:02:00,0.6963,0.6964,0.6963,0.6964,2
2026-03-09T00:03:00,0.6962,0.6964,0.6962,0.6964,2
2026-03-09T00:06:00,0.6962,0.6962,0.6962,0.6962,3
2026-03-09T00:07:00,0.6961,0.6961,0.6961,0.6961,1
2026-03-09T00:14:00,0.6961,0.6961,0.6959,0.6959,2
2026-03-09T00:15:00,0.6956,0.6956,0.6955,0.6955,2
2026-03-09T00:16:00,0.6955,0.6957,0.6955,0.6957,10
2026-03-09T00:17:00,0.6958,0.6958,0.6958,0.6958,1
2026-03-09T00:18:00,0.696,0.696,0.696,0.696,1
2026-03-09T00:21:00,0.6961,0.6961,0.6961,0.6961,1
2026-03-09T00:23:00,0.6958,0.6958,0.6958,0.6958,1
2026-03-09T00:25:00,0.6954,0.6954,0.6954,0.6954,1
2026-03-09T00:26:00,0.6955,0.6955,0.6955,0.6955,3
2026-03-09T00:31:00,0.696,0.696,0.696,0.696,1
2026-03-09T00:37:00,0.6965,0.6965,0.6965,0.6965,10
2026-03-09T00:42:00,0.696,0.696,0.6959,0.6959,4
2026-03-09T00:44:00,0.6957,0.6957,0.6957,0.6957,1
2026-03-09T00:45:00,0.6957,0.6957,0.6955,0.6955,3
2026-03-09T00:47:00,0.6955,0.6955,0.6955,0.6955,1
2026-03-09T00:48:00,0.6954,0.6955,0.6954,0.6955,3
2026-03-09T00:54:00,0.6951,0.6952,0.6951,0.6952,2
2026-03-09T00:55:00,0.695,0.695,0.695,0.695,11
2026-03-09T00:56:00,0.695,0.6951,0.695,0.6951,2
2026-03-09T00:57:00,0.695,0.695,0.695,0.695,1
2026-03-09T00:58:00,0.6954,0.6955,0.6954,0.6955,6
2026-03-09T00:59:00,0.6957,0.6957,0.6957,0.6957,1
2026-03-09T01:00:00,0.6961,0.6961,0.6961,0.6961,1
2026-03-09T01:01:00,0.696,0.6961,0.6959,0.6961,11
2026-03-09T01:03:00,0.6961,0.6961,0.6961,0.6961,1
2026-03-09T01:04:00,0.6957,0.6957,0.6957,0.6957,1
2026-03-09T01:06:00,0.6958,0.6958,0.6958,0.6958,1
2026-03-09T01:07:00,0.6959,0.6959,0.6959,0.6959,1
2026-03-09T01:08:00,0.696,0.696,0.696,0.696,1
2026-03-09T01:09:00,0.6964,0.6964,0.6964,0.6964,2
2026-03-09T01:13:00,0.696,0.6961,0.6959,0.6959,7
2026-03-09T01:14:00,0.6962,0.6962,0.6962,0.6962,1
2026-03-09T01:17:00,0.6958,0.6958,0.6958,0.6958,1
2026-03-09T01:20:00,0.6954,0.6954,0.6952,0.6952,3
2026-03-09T01:21:00,0.6952,0.6952,0.6951,0.6951,2
2026-03-09T01:22:00,0.6952,0.6954,0.6952,0.6954,3
2026-03-09T01:23:00,0.6958,0.6958,0.6956,0.6956,2
2026-03-09T01:24:00,0.6954,0.6954,0.6954,0.6954,2
2026-03-09T01:28:00,0.6958,0.6958,0.6958,0.6958,1
2026-03-09T01:33:00,0.6967,0.6967,0.6967,0.6967,2
2026-03-09T01:34:00,0.6967,0.6967,0.6967,0.6967,3
2026-03-09T01:35:00,0.6968,0.6968,0.6968,0.6968,1
2026-03-09T01:36:00,0.6969,0.6969,0.6969,0.6969,2
2026-03-09T01:38:00,0.6968,0.6968,0.6968,0.6968,1
2026-03-09T01:39:00,0.6964,0.6964,0.6964,0.6964,1
2026-03-09T01:40:00,0.6963,0.6965,0.6963,0.6965,2
2026-03-09T01:44:00,0.6965,0.6965,0.6965,0.6965,1
2026-03-09T01:52:00,0.6959,0.6959,0.6959,0.6959,1
2026-03-09T01:57:00,0.696,0.696,0.696,0.696,1
2026-03-09T02:07:00,0.6966,0.6966,0.6966,0.6966,1
2026-03-09T02:10:00,0.6968,0.6968,0.6968,0.6968,1
2026-03-09T02:11:00,0.697,0.697,0.697,0.697,1
2026-03-09T02:12:00,0.6975,0.6975,0.6975,0.6975,1
2026-03-09T02:18:00,0.6963,0.6965,0.6963,0.6965,3
2026-03-09T02:20:00,0.6965,0.6965,0.6965,0.6965,2
2026-03-09T02:23:00,0.697,0.697,0.697,0.697,2
2026-03-09T02:27:00,0.6973,0.6973,0.6973,0.6973,1
2026-03-09T02:30:00,0.6972,0.6972,0.697,0.697,2
2026-03-09T02:36:00,0.6973,0.6973,0.6973,0.6973,2
2026-03-09T02:37:00,0.6975,0.6976,0.6975,0.6976,2
2026-03-09T02:38:00,0.6976,0.6976,0.6974,0.6974,5
2026-03-09T02:39:00,0.6976,0.6976,0.6976,0.6976,3
2026-03-09T02:43:00,0.6981,0.6983,0.698,0.698,5
2026-03-09T02:44:00,0.6981,0.6981,0.6981,0.6981,6
2026-03-09T02:45:00,0.698,0.698,0.698,0.698,1
2026-03-09T02:46:00,0.6978,0.6978,0.6978,0.6978,1
2026-03-09T02:51:00,0.698,0.698,0.698,0.698,2
2026-03-09T02:52:00,0.6979,0.6979,0.6979,0.6979,10
2026-03-09T02:53:00,0.6979,0.6983,0.6979,0.6983,2
2026-03-09T02:55:00,0.6986,0.6986,0.6986,0.6986,50
2026-03-09T02:57:00,0.6988,0.6988,0.6988,0.6988,3
2026-03-09T02:58:00,0.6986,0.6988,0.6985,0.6988,9
2026-03-09T02:59:00,0.699,0.699,0.699,0.699,10
2026-03-09T03:00:00,0.699,0.6993,0.699,0.6993,78
2026-03-09T03:01:00,0.6992,0.6992,0.6992,0.6992,10
2026-03-09T03:02:00,0.699,0.699,0.699,0.699,1
2026-03-09T03:05:00,0.6986,0.6986,0.6986,0.6986,1
2026-03-09T03:07:00,0.699,0.699,0.699,0.699,22
2026-03-09T03:10:00,0.6984,0.6984,0.6984,0.6984,10
2026-03-09T03:15:00,0.6985,0.6985,0.6985,0.6985,1
2026-03-09T03:17:00,0.6988,0.6988,0.6988,0.6988,15
2026-03-09T03:21:00,0.6989,0.699,0.6989,0.699,33
2026-03-09T03:31:00,0.6983,0.6983,0.6983,0.6983,1
2026-03-09T03:32:00,0.6983,0.6983,0.6982,0.6982,2
2026-03-09T03:33:00,0.6984,0.6984,0.6984,0.6984,1
2026-03-09T03:42:00,0.6977,0.6977,0.6977,0.6977,1
2026-03-09T03:49:00,0.6981,0.6981,0.698,0.698,2
2026-03-09T03:59:00,0.6985,0.6985,0.6985,0.6985,5
2026-03-09T04:00:00,0.6986,0.6986,0.6986,0.6986,1
2026-03-09T04:02:00,0.6988,0.6988,0.6988,0.6988,2
2026-03-09T04:03:00,0.6989,0.6989,0.6989,0.6989,1
2026-03-09T04:04:00,0.6989,0.699,0.6989,0.699,5
2026-03-09T04:06:00,0.699,0.6992,0.699,0.6992,15
2026-03-09T04:08:00,0.6992,0.6992,0.6991,0.6991,2
2026-03-09T04:11:00,0.6989,0.6989,0.6989,0.6989,1
2026-03-09T04:17:00,0.6985,0.6985,0.6984,0.6984,2
2026-03-09T04:21:00,0.6985,0.6985,0.6985,0.6985,2
2026-03-09T04:25:00,0.6987,0.6987,0.6987,0.6987,7
2026-03-09T04:32:00,0.6989,0.6989,0.6989,0.6989,1
2026-03-09T04:34:00,0.699,0.699,0.6989,0.6989,7
2026-03-09T04:54:00,0.6984,0.6984,0.6984,0.6984,12
2026-03-09T04:57:00,0.6986,0.6986,0.6986,0.6986,2
2026-03-09T05:04:00,0.6989,0.6989,0.6989,0.6989,12
2026-03-09T05:05:00,0.6989,0.6992,0.6989,0.6992,13
2026-03-09T05:06:00,0.6993,0.6994,0.6993,0.6994,4
2026-03-09T05:07:00,0.6996,0.6996,0.6996,0.6996,7
2026-03-09T05:10:00,0.6997,0.6997,0.6997,0.6997,1
2026-03-09T05:13:00,0.6995,0.6995,0.6995,0.6995,1
2026-03-09T05:20:00,0.699,0.699,0.699,0.699,1
2026-03-09T05:21:00,0.6996,0.7005,0.6996,0.7005,35
2026-03-09T05:22:00,0.7005,0.701,0.7005,0.701,6
2026-03-09T05:23:00,0.7009,0.7014,0.7005,0.7005,15
2026-03-09T05:24:00,0.7008,0.7008,0.7008,0.7008,1
2026-03-09T05:25:00,0.7013,0.7013,0.7013,0.7013,1
2026-03-09T05:27:00,0.7013,0.7015,0.7013,0.7015,7
2026-03-09T05:28:00,0.7011,0.7012,0.7009,0.7012,4
2026-03-09T05:33:00,0.7006,0.7007,0.7004,0.7005,16
2026-03-09T05:34:00,0.7005,0.7005,0.7005,0.7005,2
2026-03-09T05:35:00,0.7003,0.7003,0.7003,0.7003,1
2026-03-09T05:37:00,0.7,0.7001,0.7,0.7001,2
2026-03-09T05:38:00,0.7003,0.7003,0.7003,0.7003,1
2026-03-09T05:43:00,0.7006,0.7007,0.7006,0.7007,2
2026-03-09T05:44:00,0.7005,0.7005,0.7004,0.7004,7
2026-03-09T05:51:00,0.7009,0.701,0.7009,0.701,7
2026-03-09T05:52:00,0.701,0.701,0.701,0.701,1
2026-03-09T06:04:00,0.7005,0.7005,0.7005,0.7005,10
2026-03-09T06:08:00,0.7004,0.7004,0.7004,0.7004,1
2026-03-09T06:12:00,0.7006,0.7006,0.7006,0.7006,1
2026-03-09T06:14:00,0.7,0.7,0.6998,0.6998,3
2026-03-09T06:16:00,0.7003,0.7003,0.7003,0.7003,10
2026-03-09T06:17:00,0.7005,0.7005,0.7005,0.7005,1
2026-03-09T06:20:00,0.6998,0.7,0.6998,0.7,2
2026-03-09T06:26:00,0.7,0.7,0.7,0.7,1
2026-03-09T06:31:00,0.7006,0.7007,0.7006,0.7007,2
2026-03-09T06:32:00,0.7007,0.7008,0.7007,0.7008,7
2026-03-09T06:33:00,0.7007,0.7007,0.7007,0.7007,6
2026-03-09T06:35:00,0.7004,0.7004,0.7001,0.7001,3
2026-03-09T06:42:00,0.7,0.7,0.7,0.7,1
2026-03-09T06:46:00,0.7,0.7,0.6999,0.6999,2
2026-03-09T06:50:00,0.6995,0.6995,0.6995,0.6995,20
2026-03-09T06:52:00,0.6994,0.6994,0.6991,0.6991,8
2026-03-09T06:55:00,0.6994,0.6995,0.6994,0.6995,2
2026-03-09T06:56:00,0.6996,0.6996,0.6996,0.6996,1
2026-03-09T07:00:00,0.6992,0.6996,0.6992,0.6996,3
2026-03-09T07:02:00,0.699,0.6991,0.699,0.6991,2
2026-03-09T07:03:00,0.6992,0.6992,0.6991,0.6991,2
2026-03-09T07:04:00,0.6991,0.6991,0.6991,0.6991,1
2026-03-09T07:06:00,0.6993,0.6993,0.6993,0.6993,2
2026-03-09T07:07:00,0.6994,0.6995,0.6994,0.6995,2
2026-03-09T07:09:00,0.6994,0.6994,0.6994,0.6994,2
2026-03-09T07:16:00,0.6995,0.6995,0.6995,0.6995,1
2026-03-09T07:18:00,0.6994,0.6994,0.6994,0.6994,1
2026-03-09T07:19:00,0.6994,0.6994,0.6994,0.6994,1
2026-03-09T07:21:00,0.6997,0.6997,0.6997,0.6997,1
2026-03-09T07:23:00,0.6998,0.6998,0.6998,0.6998,1
2026-03-09T07:28:00,0.7001,0.7001,0.7001,0.7001,1
2026-03-09T07:29:00,0.7001,0.7001,0.7001,0.7001,1
2026-03-09T07:37:00,0.7,0.7,0.7,0.7,1
2026-03-09T07:38:00,0.6999,0.6999,0.6999,0.6999,3
2026-03-09T07:41:00,0.7,0.7,0.7,0.7,1
2026-03-09T07:42:00,0.6997,0.6997,0.6997,0.6997,2
2026-03-09T07:53:00,0.7001,0.7001,0.7001,0.7001,1
2026-03-09T07:56:00,0.7006,0.7008,0.7006,0.7008,8
2026-03-09T07:58:00,0.7005,0.7005,0.7005,0.7005,1
2026-03-09T08:01:00,0.7003,0.7003,0.7003,0.7003,1
2026-03-09T08:03:00,0.7002,0.7002,0.7,0.7,9
2026-03-09T08:06:00,0.7,0.7,0.7,0.7,1
2026-03-09T08:08:00,0.6999,0.6999,0.6999,0.6999,1
2026-03-09T08:13:00,0.6992,0.6992,0.6992,0.6992,10
2026-03-09T08:17:00,0.6987,0.6987,0.6987,0.6987,1
2026-03-09T08:21:00,0.6986,0.6987,0.6986,0.6987,2
2026-03-09T08:24:00,0.6985,0.6985,0.6985,0.6985,5
2026-03-09T08:26:00,0.6985,0.6985,0.6984,0.6984,15
2026-03-09T08:28:00,0.698,0.698,0.6977,0.6977,7
2026-03-09T08:29:00,0.698,0.698,0.698,0.698,2
2026-03-09T08:30:00,0.6978,0.6978,0.6978,0.6978,1
2026-03-09T08:31:00,0.698,0.6982,0.6979,0.6979,7
2026-03-09T08:32:00,0.6977,0.6977,0.6977,0.6977,1
2026-03-09T08:34:00,0.6982,0.6982,0.6982,0.6982,1
2026-03-09T08:35:00,0.6984,0.6984,0.6984,0.6984,1
2026-03-09T08:36:00,0.698,0.698,0.698,0.698,1
2026-03-09T08:37:00,0.6979,0.6979,0.6979,0.6979,10
2026-03-09T08:38:00,0.6977,0.6977,0.6977,0.6977,1
2026-03-09T08:47:00,0.6977,0.6977,0.6977,0.6977,2
2026-03-09T08:50:00,0.6982,0.6982,0.6982,0.6982,5
2026-03-09T08:52:00,0.6982,0.6982,0.6982,0.6982,6
2026-03-09T09:08:00,0.6986,0.6986,0.6986,0.6986,2
2026-03-09T09:12:00,0.699,0.6992,0.699,0.6992,5
2026-03-09T09:16:00,0.6995,0.6995,0.6995,0.6995,1
2026-03-09T09:19:00,0.6999,0.7,0.6999,0.7,22
2026-03-09T09:21:00,0.7005,0.7005,0.7005,0.7005,1
2026-03-09T09:22:00,0.7005,0.7005,0.7004,0.7004,2
2026-03-09T09:23:00,0.7003,0.7003,0.7003,0.7003,1
2026-03-09T09:26:00,0.7002,0.7004,0.7,0.7004,7
2026-03-09T09:29:00,0.7004,0.7004,0.7004,0.7004,2
2026-03-09T09:30:00,0.7004,0.7004,0.7,0.7,11
2026-03-09T09:31:00,0.7003,0.7004,0.7003,0.7004,4
2026-03-09T09:32:00,0.7009,0.7018,0.7009,0.7018,41
2026-03-09T09:33:00,0.7019,0.7022,0.7019,0.7022,5
2026-03-09T09:34:00,0.7022,0.7025,0.7022,0.7024,5
2026-03-09T09:36:00,0.702,0.702,0.7019,0.7019,2
2026-03-09T09:38:00,0.7014,0.7014,0.7011,0.7011,5
2026-03-09T09:40:00,0.7011,0.7011,0.701,0.701,2
2026-03-09T09:41:00,0.701,0.701,0.701,0.701,2
2026-03-09T09:44:00,0.701,0.701,0.701,0.701,2
2026-03-09T09:45:00,0.7011,0.7011,0.7011,0.7011,1
2026-03-09T09:46:00,0.7009,0.7009,0.7008,0.7008,11
2026-03-09T09:47:00,0.7009,0.7009,0.7009,0.7009,1
2026-03-09T09:48:00,0.7008,0.7008,0.7008,0.7008,1
2026-03-09T09:49:00,0.7006,0.7006,0.7006,0.7006,1
2026-03-09T10:04:00,0.7012,0.7012,0.7012,0.7012,1
2026-03-09T10:06:00,0.7011,0.7011,0.7011,0.7011,1
2026-03-09T10:17:00,0.7008,0.7008,0.7007,0.7007,2
2026-03-09T10:24:00,0.7002,0.7002,0.7002,0.7002,2
2026-03-09T10:38:00,0.7008,0.7008,0.7003,0.7003,5
2026-03-09T10:39:00,0.7006,0.701,0.7006,0.701,12
2026-03-09T10:40:00,0.7011,0.7012,0.7011,0.7012,2
2026-03-09T10:41:00,0.7011,0.7011,0.7011,0.7011,1
2026-03-09T10:44:00,0.7011,0.7011,0.7011,0.7011,2
2026-03-09T10:47:00,0.7006,0.7006,0.7006,0.7006,1
2026-03-09T10:51:00,0.7003,0.7005,0.7003,0.7004,5
2026-03-09T10:52:00,0.7006,0.7006,0.7006,0.7006,5
2026-03-09T11:00:00,0.7013,0.7013,0.7009,0.7011,14
2026-03-09T11:01:00,0.7011,0.7011,0.7011,0.7011,1
2026-03-09T11:02:00,0.7011,0.7011,0.7011,0.7011,1
2026-03-09T11:03:00,0.7012,0.7012,0.7012,0.7012,1
2026-03-09T11:08:00,0.7018,0.7018,0.7018,0.7018,1
2026-03-09T11:11:00,0.7017,0.7017,0.7017,0.7017,1
2026-03-09T11:16:00,0.7017,0.7017,0.7017,0.7017,2
2026-03-09T11:18:00,0.7013,0.7013,0.7011,0.7011,4
2026-03-09T11:21:00,0.7008,0.7008,0.7008,0.7008,1
2026-03-09T11:24:00,0.701,0.701,0.701,0.701,1
2026-03-09T11:33:00,0.7009,0.7009,0.7009,0.7009,1
2026-03-09T11:34:00,0.7013,0.7013,0.7013,0.7013,1
2026-03-09T11:35:00,0.7014,0.7014,0.7014,0.7014,1
2026-03-09T11:41:00,0.7009,0.7009,0.7009,0.7009,1
2026-03-09T11:42:00,0.701,0.701,0.701,0.701,2
2026-03-09T11:43:00,0.701,0.701,0.701,0.701,1
2026-03-09T11:44:00,0.7009,0.7012,0.7008,0.7008,6
2026-03-09T11:48:00,0.7009,0.7009,0.7009,0.7009,1
2026-03-09T11:49:00,0.7009,0.7009,0.7009,0.7009,1
2026-03-09T11:50:00,0.7007,0.7007,0.7007,0.7007,4
2026-03-09T11:57:00,0.7007,0.7007,0.7007,0.7007,1
2026-03-09T12:26:00,0.701,0.701,0.701,0.701,1
2026-03-09T12:31:00,0.7015,0.7016,0.7015,0.7016,2
2026-03-09T12:33:00,0.7014,0.7015,0.7014,0.7015,5
2026-03-09T12:37:00,0.701,0.701,0.701,0.701,2
2026-03-09T12:41:00,0.7008,0.7009,0.7008,0.7009,5
2026-03-09T12:42:00,0.7009,0.7009,0.7009,0.7009,2
2026-03-09T12:46:00,0.7007,0.7007,0.7006,0.7006,5
2026-03-09T12:47:00,0.7006,0.7006,0.7006,0.7006,5
2026-03-09T12:52:00,0.7002,0.7002,0.7002,0.7002,1
2026-03-09T12:53:00,0.7003,0.7003,0.7003,0.7003,7
2026-03-09T12:58:00,0.7003,0.7003,0.7003,0.7003,1
2026-03-09T13:04:00,0.7012,0.7014,0.7011,0.7012,8
2026-03-09T13:11:00,0.7018,0.7021,0.7018,0.7021,7
2026-03-09T13:12:00,0.7018,0.702,0.7018,0.702,3
2026-03-09T13:14:00,0.7021,0.7022,0.7021,0.7022,10
2026-03-09T13:16:00,0.7021,0.7021,0.7021,0.7021,1
2026-03-09T13:17:00,0.7017,0.7017,0.7017,0.7017,1
2026-03-09T13:19:00,0.7016,0.7016,0.7016,0.7016,5
2026-03-09T13:20:00,0.7017,0.7018,0.7016,0.7016,4
2026-03-09T13:22:00,0.7017,0.7017,0.7017,0.7017,1
2026-03-09T13:25:00,0.7018,0.7018,0.7018,0.7018,10
2026-03-09T13:29:00,0.702,0.7021,0.702,0.7021,2
2026-03-09T13:30:00,0.7023,0.7025,0.7023,0.7025,7
2026-03-09T13:31:00,0.7025,0.7025,0.7025,0.7025,4
2026-03-09T13:32:00,0.7027,0.7028,0.7027,0.7028,2
2026-03-09T13:33:00,0.7025,0.7025,0.7025,0.7025,1
2026-03-09T13:34:00,0.7025,0.7025,0.7025,0.7025,1
2026-03-09T13:35:00,0.7026,0.7026,0.7026,0.7026,1
2026-03-09T13:37:00,0.7024,0.7024,0.7024,0.7024,1
2026-03-09T13:38:00,0.702,0.702,0.702,0.702,3
2026-03-09T13:41:00,0.7016,0.7016,0.7013,0.7014,5
2026-03-09T13:42:00,0.7015,0.7015,0.7012,0.7014,8
2026-03-09T13:46:00,0.7019,0.702,0.7016,0.7016,7
2026-03-09T13:47:00,0.7018,0.7018,0.7016,0.7016,2
2026-03-09T13:49:00,0.7021,0.7021,0.7019,0.7019,2
2026-03-09T13:50:00,0.7014,0.7014,0.7014,0.7014,1
2026-03-09T13:52:00,0.7017,0.7017,0.7017,0.7017,2
2026-03-09T13:53:00,0.7014,0.7015,0.7012,0.7012,12
2026-03-09T13:55:00,0.7016,0.7016,0.7016,0.7016,2
2026-03-09T13:56:00,0.7015,0.7015,0.7015,0.7015,1
2026-03-09T13:58:00,0.7021,0.7021,0.702,0.7021,4
2026-03-09T14:00:00,0.7022,0.7022,0.7022,0.7022,1
2026-03-09T14:01:00,0.702,0.702,0.702,0.702,1
2026-03-09T14:03:00,0.7024,0.7024,0.7024,0.7024,1
2026-03-09T14:05:00,0.7028,0.7029,0.702,0.702,23
2026-03-09T14:06:00,0.701,0.7011,0.7009,0.7011,3
2026-03-09T14:07:00,0.701,0.7012,0.701,0.7012,2
2026-03-09T14:09:00,0.7011,0.7011,0.7011,0.7011,2
2026-03-09T14:11:00,0.7011,0.7011,0.7007,0.7007,7
2026-03-09T14:14:00,0.7016,0.7016,0.7016,0.7016,1
2026-03-09T14:15:00,0.702,0.702,0.702,0.702,10
2026-03-09T14:18:00,0.702,0.7022,0.702,0.7022,10
2026-03-09T14:21:00,0.7024,0.7024,0.7024,0.7024,2
2026-03-09T14:22:00,0.7029,0.7034,0.7029,0.7034,26
2026-03-09T14:23:00,0.7035,0.7035,0.7034,0.7034,2
2026-03-09T14:24:00,0.703,0.7031,0.703,0.7031,4
2026-03-09T14:25:00,0.7032,0.7032,0.7032,0.7032,1
2026-03-09T14:26:00,0.703,0.7033,0.703,0.7032,9
2026-03-09T14:27:00,0.7028,0.7028,0.7028,0.7028,2
2026-03-09T14:31:00,0.7032,0.7032,0.7032,0.7032,1
2026-03-09T14:32:00,0.7032,0.7032,0.7032,0.7032,5
2026-03-09T14:33:00,0.7032,0.7032,0.7032,0.7032,1
2026-03-09T14:34:00,0.7029,0.7029,0.7029,0.7029,1
2026-03-09T14:38:00,0.7031,0.7031,0.7031,0.7031,1
2026-03-09T14:41:00,0.703,0.703,0.703,0.703,1
2026-03-09T14:46:00,0.7035,0.7035,0.7035,0.7035,1
2026-03-09T14:47:00,0.7035,0.7035,0.7035,0.7035,5
2026-03-09T14:49:00,0.7032,0.7032,0.7032,0.7032,2
2026-03-09T14:52:00,0.7032,0.7033,0.7032,0.7033,4
2026-03-09T14:53:00,0.7033,0.7033,0.7033,0.7033,1
2026-03-09T14:56:00,0.7031,0.7031,0.7026,0.7029,3
2026-03-09T14:57:00,0.7029,0.703,0.7029,0.703,3
2026-03-09T14:58:00,0.703,0.7032,0.7028,0.7032,8
2026-03-09T15:00:00,0.7029,0.703,0.7029,0.703,3
2026-03-09T15:03:00,0.703,0.703,0.703,0.703,1
2026-03-09T15:04:00,0.7033,0.7033,0.7033,0.7033,3
2026-03-09T15:05:00,0.7033,0.7034,0.7031,0.7031,9
2026-03-09T15:06:00,0.7031,0.7031,0.7031,0.7031,1
2026-03-09T15:07:00,0.7033,0.7033,0.7033,0.7033,3
2026-03-09T15:09:00,0.7032,0.7034,0.7032,0.7034,4
2026-03-09T15:10:00,0.7031,0.7033,0.7031,0.7033,6
2026-03-09T15:11:00,0.7032,0.7033,0.7031,0.7032,5
2026-03-09T15:12:00,0.7032,0.7033,0.7031,0.7031,5
2026-03-09T15:14:00,0.7035,0.7035,0.7035,0.7035,6
2026-03-09T15:15:00,0.7036,0.7036,0.7036,0.7036,1
2026-03-09T15:19:00,0.703,0.7031,0.703,0.7031,5
2026-03-09T15:20:00,0.7036,0.7038,0.7036,0.7038,3
2026-03-09T15:21:00,0.7036,0.7036,0.7036,0.7036,1
2026-03-09T15:22:00,0.7038,0.7039,0.7038,0.7039,13
2026-03-09T15:25:00,0.7037,0.7037,0.7037,0.7037,1
2026-03-09T15:26:00,0.704,0.7041,0.704,0.7041,12
2026-03-09T15:29:00,0.704,0.704,0.704,0.704,1
2026-03-09T15:31:00,0.7039,0.7041,0.7039,0.7041,11
2026-03-09T15:40:00,0.7036,0.7038,0.7034,0.7038,15
2026-03-09T15:42:00,0.7037,0.7037,0.7037,0.7037,1
2026-03-09T15:51:00,0.7043,0.7043,0.7043,0.7043,1
2026-03-09T15:53:00,0.704,0.704,0.704,0.704,1
2026-03-09T15:55:00,0.7043,0.7043,0.7042,0.7042,2
2026-03-09T15:57:00,0.7042,0.7042,0.7042,0.7042,1
2026-03-09T15:58:00,0.7041,0.7041,0.7041,0.7041,1
2026-03-09T16:00:00,0.7038,0.7038,0.7037,0.7038,12
2026-03-09T16:03:00,0.704,0.7042,0.704,0.7042,3
2026-03-09T16:05:00,0.7043,0.7045,0.7038,0.7038,23
2026-03-09T16:16:00,0.704,0.704,0.704,0.704,1
2026-03-09T16:17:00,0.7038,0.7038,0.7038,0.7038,9
2026-03-09T16:18:00,0.704,0.7041,0.704,0.7041,2
2026-03-09T16:20:00,0.7038,0.7038,0.7038,0.7038,9
2026-03-09T16:23:00,0.704,0.704,0.704,0.704,2
2026-03-09T16:24:00,0.7043,0.7044,0.7043,0.7044,3
2026-03-09T16:25:00,0.7043,0.7044,0.7043,0.7044,2
2026-03-09T16:26:00,0.7044,0.7044,0.7044,0.7044,1
2026-03-09T16:33:00,0.7044,0.7046,0.7044,0.7046,3
2026-03-09T16:34:00,0.7045,0.7045,0.7045,0.7045,1
2026-03-09T16:41:00,0.7046,0.7046,0.7046,0.7046,1
2026-03-09T16:43:00,0.7048,0.7049,0.7048,0.7049,3
2026-03-09T16:44:00,0.705,0.705,0.705,0.705,11
2026-03-09T16:45:00,0.7051,0.7051,0.7051,0.7051,3
2026-03-09T16:48:00,0.7051,0.7051,0.7051,0.7051,10
2026-03-09T16:50:00,0.7047,0.7047,0.7047,0.7047,2
2026-03-09T16:51:00,0.705,0.705,0.705,0.705,1
2026-03-09T16:59:00,0.7046,0.7046,0.7046,0.7046,1
2026-03-09T17:03:00,0.704,0.704,0.704,0.704,1
2026-03-09T17:07:00,0.704,0.7043,0.7039,0.7039,83
2026-03-09T17:08:00,0.7039,0.7039,0.7039,0.7039,1
2026-03-09T17:10:00,0.7039,0.7039,0.7039,0.7039,1
2026-03-09T17:14:00,0.7036,0.7036,0.7035,0.7035,20
2026-03-09T17:26:00,0.7031,0.7031,0.7031,0.7031,1
2026-03-09T17:27:00,0.7033,0.7033,0.7031,0.7031,4
2026-03-09T17:30:00,0.7033,0.7033,0.7033,0.7033,1
2026-03-09T17:32:00,0.7031,0.7031,0.7031,0.7031,1
2026-03-09T17:40:00,0.703,0.703,0.703,0.703,5
2026-03-09T17:44:00,0.703,0.703,0.703,0.703,1
2026-03-09T17:48:00,0.7032,0.7032,0.7032,0.7032,1
2026-03-09T18:01:00,0.7029,0.703,0.7028,0.703,5
2026-03-09T18:08:00,0.703,0.703,0.703,0.703,1
2026-03-09T18:11:00,0.703,0.703,0.703,0.703,9
2026-03-09T18:54:00,0.7038,0.7038,0.7038,0.7038,1
2026-03-09T18:57:00,0.7036,0.7036,0.7036,0.7036,2
2026-03-09T18:58:00,0.7035,0.7035,0.7035,0.7035,1
2026-03-09T18:59:00,0.7036,0.7036,0.7035,0.7035,3
2026-03-09T19:01:00,0.7036,0.7036,0.7035,0.7035,3
2026-03-09T19:04:00,0.7039,0.7039,0.7039,0.7039,1
2026-03-09T19:05:00,0.704,0.704,0.7039,0.7039,8
2026-03-09T19:06:00,0.7035,0.7035,0.7035,0.7035,1
2026-03-09T19:10:00,0.704,0.7041,0.704,0.7041,3
2026-03-09T19:11:00,0.7041,0.7041,0.7041,0.7041,7
2026-03-09T19:12:00,0.704,0.704,0.704,0.704,1
2026-03-09T19:13:00,0.704,0.704,0.704,0.704,2
2026-03-09T19:14:00,0.704,0.704,0.704,0.704,1
2026-03-09T19:17:00,0.7042,0.7043,0.7041,0.7043,5
2026-03-09T19:19:00,0.7043,0.706,0.7043,0.706,28
2026-03-09T19:20:00,0.7059,0.7064,0.7058,0.7064,8
2026-03-09T19:21:00,0.7065,0.7067,0.7063,0.7067,8
2026-03-09T19:22:00,0.7069,0.7069,0.7066,0.7066,8
2026-03-09T19:23:00,0.7067,0.7067,0.7067,0.7067,5
2026-03-09T19:24:00,0.7067,0.7067,0.7065,0.7065,7
2026-03-09T19:25:00,0.7067,0.7069,0.7067,0.7069,2
2026-03-09T19:26:00,0.7069,0.7069,0.7069,0.7069,1
2026-03-09T19:28:00,0.7068,0.7071,0.7067,0.7071,5
2026-03-09T19:29:00,0.7071,0.7071,0.707,0.707,7
2026-03-09T19:30:00,0.7066,0.7066,0.706,0.706,11
2026-03-09T19:31:00,0.7063,0.7065,0.7063,0.7065,5
2026-03-09T19:32:00,0.7065,0.7065,0.7064,0.7064,3
2026-03-09T19:35:00,0.7065,0.7065,0.7065,0.7065,1
2026-03-09T19:36:00,0.7062,0.7067,0.7062,0.7067,5
2026-03-09T19:40:00,0.707,0.707,0.707,0.707,1
2026-03-09T19:41:00,0.7068,0.7068,0.7064,0.7064,3
2026-03-09T19:42:00,0.7065,0.7065,0.7065,0.7065,1
2026-03-09T19:45:00,0.7068,0.7068,0.7068,0.7068,1
2026-03-09T19:49:00,0.7069,0.7069,0.7069,0.7069,1
2026-03-09T19:51:00,0.7067,0.7067,0.7067,0.7067,1
2026-03-09T19:55:00,0.7065,0.7065,0.7065,0.7065,1
2026-03-09T20:02:00,0.7062,0.7064,0.7062,0.7064,3
2026-03-09T20:04:00,0.7063,0.7063,0.7063,0.7063,1
2026-03-09T20:05:00,0.7059,0.7059,0.7059,0.7059,1
2026-03-09T20:11:00,0.7059,0.7059,0.7058,0.7058,50
2026-03-09T20:17:00,0.7062,0.7062,0.7062,0.7062,1
2026-03-09T20:18:00,0.7062,0.7062,0.706,0.706,4
2026-03-09T20:22:00,0.7065,0.7065,0.7065,0.7065,1
2026-03-09T20:23:00,0.7065,0.7065,0.7065,0.7065,2
2026-03-09T20:27:00,0.7067,0.7068,0.7067,0.7068,2
2026-03-09T20:55:00,0.7071,0.7072,0.7071,0.7071,5
2026-03-09T20:58:00,0.7072,0.7072,0.7072,0.7072,1
2026-03-09T22:01:00,0.7077,0.7083,0.7077,0.7083,5
2026-03-09T22:04:00,0.7068,0.7068,0.7068,0.7068,1
2026-03-09T22:05:00,0.7068,0.7068,0.7068,0.7068,6
2026-03-09T22:13:00,0.7074,0.7074,0.7074,0.7074,1
2026-03-09T22:16:00,0.7074,0.7074,0.7074,0.7074,1
2026-03-09T22:20:00,0.7071,0.7071,0.7071,0.7071,1
2026-03-09T22:21:00,0.707,0.707,0.707,0.707,1
2026-03-09T22:22:00,0.707,0.707,0.707,0.707,5
2026-03-09T22:23:00,0.7069,0.7069,0.7069,0.7069,5
2026-03-09T22:24:00,0.7066,0.7066,0.7066,0.7066,1
2026-03-09T22:25:00,0.7066,0.7066,0.7065,0.7065,2
2026-03-09T22:33:00,0.7067,0.7067,0.7067,0.7067,1
2026-03-09T22:34:00,0.7065,0.7065,0.7065,0.7065,5
2026-03-09T22:35:00,0.7065,0.7065,0.7065,0.7065,1
2026-03-09T22:40:00,0.7065,0.7065,0.7065,0.7065,5
2026-03-09T22:44:00,0.7065,0.7065,0.7065,0.7065,1
2026-03-09T22:59:00,0.7067,0.7067,0.7067,0.7067,1
2026-03-09T23:01:00,0.7064,0.7064,0.7063,0.7063,3
2026-03-09T23:08:00,0.7065,0.7065,0.7065,0.7065,1
2026-03-09T23:12:00,0.7064,0.7064,0.7064,0.7064,15
2026-03-09T23:13:00,0.7065,0.7065,0.7065,0.7065,1
2026-03-09T23:15:00,0.7066,0.7066,0.7066,0.7066,1
2026-03-09T23:18:00,0.7069,0.7071,0.7069,0.7071,3
2026-03-09T23:19:00,0.7071,0.7071,0.7071,0.7071,1
2026-03-09T23:23:00,0.7073,0.7073,0.7073,0.7073,5
2026-03-09T23:26:00,0.7072,0.7072,0.7072,0.7072,1
2026-03-09T23:32:00,0.7068,0.7068,0.7068,0.7068,1
2026-03-09T23:40:00,0.7065,0.7065,0.7065,0.7065,1
2026-03-09T23:42:00,0.7062,0.7062,0.7062,0.7062,5
2026-03-09T23:43:00,0.7062,0.7062,0.7061,0.7061,8
2026-03-09T23:45:00,0.7061,0.7061,0.7061,0.7061,1
2026-03-09T23:46:00,0.7061,0.7061,0.7061,0.7061,2
2026-03-09T23:47:00,0.706,0.706,0.706,0.706,1
2026-03-09T23:52:00,0.706,0.706,0.706,0.706,2
2026-03-09T23:56:00,0.7061,0.7061,0.7061,0.7061,5
2026-03-09T23:57:00,0.7063,0.7063,0.7063,0.7063,1
2026-03-10T00:00:00,0.7061,0.7061,0.7061,0.7061,1
2026-03-10T00:02:00,0.7059,0.7061,0.7059,0.7061,4
2026-03-10T00:03:00,0.706,0.7061,0.706,0.7061,3
2026-03-10T00:04:00,0.706,0.706,0.706,0.706,1
2026-03-10T00:07:00,0.7059,0.7059,0.7058,0.7058,6
2026-03-10T00:17:00,0.7063,0.7065,0.7063,0.7065,308
2026-03-10T00:18:00,0.7063,0.7065,0.7063,0.7065,3
2026-03-10T00:19:00,0.7065,0.7065,0.7065,0.7065,1
2026-03-10T00:21:00,0.7067,0.7067,0.7067,0.7067,2
2026-03-10T00:22:00,0.7067,0.7067,0.7067,0.7067,1
2026-03-10T00:23:00,0.7069,0.7069,0.7069,0.7069,1
2026-03-10T00:26:00,0.7066,0.7066,0.7066,0.7066,1
2026-03-10T00:29:00,0.7068,0.7069,0.7068,0.7069,2
2026-03-10T00:30:00,0.7069,0.7069,0.7069,0.7069,1
2026-03-10T00:35:00,0.7064,0.7064,0.7064,0.7064,2
2026-03-10T00:36:00,0.7067,0.7067,0.7067,0.7067,28
2026-03-10T00:38:00,0.7069,0.7069,0.7069,0.7069,1
2026-03-10T00:40:00,0.7067,0.7067,0.7067,0.7067,1
2026-03-10T00:41:00,0.7068,0.7068,0.7068,0.7068,2
2026-03-10T00:42:00,0.7067,0.7067,0.7067,0.7067,1
2026-03-10T00:43:00,0.7068,0.7068,0.7068,0.7068,1
2026-03-10T00:44:00,0.7069,0.707,0.7069,0.707,2
2026-03-10T00:45:00,0.7069,0.7069,0.7069,0.7069,10
2026-03-10T00:47:00,0.7067,0.7067,0.7067,0.7067,1
2026-03-10T00:49:00,0.7065,0.7065,0.7065,0.7065,2
2026-03-10T00:52:00,0.7064,0.7064,0.7064,0.7064,1
2026-03-10T00:55:00,0.7062,0.7062,0.7062,0.7062,2
2026-03-10T01:01:00,0.7067,0.7067,0.7067,0.7067,1
2026-03-10T01:06:00,0.7067,0.7067,0.7067,0.7067,1
2026-03-10T01:14:00,0.7061,0.7061,0.7061,0.7061,1
2026-03-10T01:16:00,0.7064,0.7064,0.7064,0.7064,1
2026-03-10T01:19:00,0.7059,0.7059,0.7059,0.7059,2
2026-03-10T01:20:00,0.7059,0.7059,0.7059,0.7059,1
2026-03-10T01:23:00,0.7059,0.7059,0.7058,0.7058,11
2026-03-10T01:27:00,0.7054,0.7054,0.7054,0.7054,1
2026-03-10T01:30:00,0.7056,0.7056,0.7054,0.7054,4
2026-03-10T01:43:00,0.7055,0.7055,0.7055,0.7055,1
2026-03-10T01:48:00,0.706,0.706,0.706,0.706,1
2026-03-10T01:57:00,0.7064,0.7064,0.7064,0.7064,1
2026-03-10T02:00:00,0.707,0.707,0.707,0.707,2
2026-03-10T02:03:00,0.7065,0.7065,0.7065,0.7065,1
2026-03-10T02:07:00,0.7069,0.7069,0.7069,0.7069,2
2026-03-10T02:09:00,0.7066,0.7066,0.7066,0.7066,1
2026-03-10T02:20:00,0.7069,0.7069,0.7069,0.7069,1
2026-03-10T02:21:00,0.7066,0.7066,0.7066,0.7066,1
2026-03-10T02:31:00,0.7065,0.7065,0.7064,0.7064,2
2026-03-10T02:38:00,0.7058,0.7058,0.7058,0.7058,2
2026-03-10T02:39:00,0.7058,0.7059,0.7058,0.7059,2
2026-03-10T02:40:00,0.706,0.706,0.706,0.706,1
2026-03-10T02:46:00,0.7056,0.7056,0.7056,0.7056,1
2026-03-10T02:47:00,0.7056,0.7056,0.7056,0.7056,1
2026-03-10T02:51:00,0.7054,0.7054,0.7054,0.7054,1
2026-03-10T02:52:00,0.7052,0.7052,0.7052,0.7052,3
2026-03-10T02:55:00,0.7052,0.7052,0.705,0.705,2
2026-03-10T03:00:00,0.7051,0.7051,0.7051,0.7051,1
2026-03-10T03:01:00,0.7053,0.7053,0.7053,0.7053,1
2026-03-10T03:04:00,0.7052,0.7052,0.7052,0.7052,3
2026-03-10T03:06:00,0.7053,0.7053,0.7053,0.7053,1
2026-03-10T03:07:00,0.7052,0.7052,0.7052,0.7052,1
2026-03-10T03:10:00,0.7054,0.7054,0.7054,0.7054,1
2026-03-10T03:17:00,0.7054,0.7054,0.7054,0.7054,1
2026-03-10T03:18:00,0.7056,0.7056,0.7056,0.7056,1
2026-03-10T03:22:00,0.7057,0.7057,0.7057,0.7057,1
2026-03-10T03:36:00,0.7051,0.7051,0.7051,0.7051,1
2026-03-10T03:37:00,0.7052,0.7052,0.7052,0.7052,1
2026-03-10T03:57:00,0.7052,0.7052,0.7052,0.7052,1
2026-03-10T04:03:00,0.705,0.705,0.705,0.705,1
2026-03-10T04:14:00,0.7055,0.7055,0.7055,0.7055,3
2026-03-10T04:34:00,0.7055,0.7055,0.7055,0.7055,1
2026-03-10T04:43:00,0.7055,0.7055,0.7055,0.7055,1
2026-03-10T04:54:00,0.7051,0.7051,0.7051,0.7051,1
2026-03-10T04:57:00,0.7052,0.7052,0.7052,0.7052,2
2026-03-10T05:01:00,0.7058,0.7058,0.7058,0.7058,1
2026-03-10T05:02:00,0.7058,0.7058,0.7057,0.7057,16
2026-03-10T05:15:00,0.706,0.706,0.706,0.706,1
2026-03-10T05:16:00,0.7059,0.706,0.7059,0.7059,4
2026-03-10T05:17:00,0.7058,0.7058,0.7058,0.7058,1
2026-03-10T05:28:00,0.7054,0.7054,0.7054,0.7054,2
2026-03-10T05:29:00,0.7055,0.7055,0.7055,0.7055,1
2026-03-10T05:30:00,0.7058,0.7058,0.7058,0.7058,2
2026-03-10T05:31:00,0.7058,0.7058,0.7058,0.7058,5
2026-03-10T05:33:00,0.7055,0.7056,0.7055,0.7056,4
2026-03-10T05:34:00,0.7055,0.7055,0.7055,0.7055,1
2026-03-10T05:36:00,0.7053,0.7055,0.7053,0.7055,2
2026-03-10T05:38:00,0.7055,0.7055,0.7055,0.7055,2
2026-03-10T05:40:00,0.7055,0.7055,0.7055,0.7055,1
2026-03-10T05:41:00,0.7053,0.7053,0.7053,0.7053,1
2026-03-10T05:47:00,0.7057,0.7057,0.7057,0.7057,1
2026-03-10T05:48:00,0.7059,0.7059,0.7059,0.7059,1
2026-03-10T05:50:00,0.7061,0.7063,0.7061,0.7063,2
2026-03-10T05:51:00,0.7065,0.7065,0.7065,0.7065,1
2026-03-10T05:52:00,0.7069,0.7069,0.7068,0.7068,15
2026-03-10T05:53:00,0.7068,0.7068,0.7065,0.7065,3
2026-03-10T05:55:00,0.7068,0.7068,0.7068,0.7068,1
2026-03-10T05:58:00,0.7069,0.7069,0.7069,0.7069,25
2026-03-10T06:06:00,0.7069,0.7069,0.7069,0.7069,3
2026-03-10T06:07:00,0.7069,0.7069,0.7069,0.7069,1
2026-03-10T06:08:00,0.7072,0.7073,0.7072,0.7073,2
2026-03-10T06:09:00,0.7074,0.7075,0.7074,0.7075,2
2026-03-10T06:10:00,0.7076,0.7076,0.7076,0.7076,11
2026-03-10T06:11:00,0.7075,0.7075,0.7075,0.7075,1
2026-03-10T06:12:00,0.7075,0.7077,0.7074,0.7077,16
2026-03-10T06:13:00,0.7077,0.7078,0.7077,0.7078,4
2026-03-10T06:15:00,0.7079,0.7079,0.7079,0.7079,2
2026-03-10T06:16:00,0.7079,0.7079,0.7079,0.7079,1
2026-03-10T06:18:00,0.7077,0.7077,0.7077,0.7077,1
2026-03-10T06:20:00,0.7079,0.7081,0.7079,0.7081,14
2026-03-10T06:21:00,0.7081,0.7081,0.7081,0.7081,1
2026-03-10T06:22:00,0.7082,0.7083,0.7082,0.7083,13
2026-03-10T06:23:00,0.7083,0.7083,0.7083,0.7083,1
2026-03-10T06:24:00,0.7084,0.7084,0.7084,0.7084,2
2026-03-10T06:27:00,0.7083,0.7083,0.7083,0.7083,1
2026-03-10T06:28:00,0.7085,0.7085,0.7085,0.7085,11
2026-03-10T06:30:00,0.7088,0.7088,0.7088,0.7088,1
2026-03-10T06:31:00,0.7087,0.7088,0.7087,0.7088,6
2026-03-10T06:32:00,0.7086,0.7087,0.7086,0.7087,6
2026-03-10T06:33:00,0.7087,0.7088,0.7087,0.7088,6
2026-03-10T06:34:00,0.7088,0.7088,0.7088,0.7088,4
2026-03-10T06:35:00,0.7089,0.709,0.7089,0.709,17
2026-03-10T06:38:00,0.7089,0.7093,0.7088,0.7093,14
2026-03-10T06:39:00,0.7089,0.7089,0.7089,0.7089,1
2026-03-10T06:40:00,0.7088,0.7088,0.7086,0.7086,3
2026-03-10T06:46:00,0.7087,0.7087,0.7087,0.7087,20
2026-03-10T06:47:00,0.7087,0.7087,0.7087,0.7087,1
2026-03-10T06:52:00,0.7085,0.7085,0.7083,0.7083,5
2026-03-10T06:55:00,0.7086,0.7088,0.7085,0.7085,47
2026-03-10T06:57:00,0.7086,0.7087,0.7086,0.7086,12
2026-03-10T06:58:00,0.7086,0.7088,0.7086,0.7088,12
2026-03-10T06:59:00,0.7086,0.7086,0.7086,0.7086,1
2026-03-10T07:01:00,0.7084,0.7086,0.7084,0.7086,2
2026-03-10T07:03:00,0.7086,0.7087,0.7086,0.7087,2
2026-03-10T07:04:00,0.7088,0.709,0.7088,0.709,5
2026-03-10T07:08:00,0.7093,0.7093,0.7093,0.7093,1
2026-03-10T07:09:00,0.7093,0.7094,0.7093,0.7094,2
2026-03-10T07:10:00,0.7095,0.7095,0.7095,0.7095,1
2026-03-10T07:11:00,0.7091,0.7091,0.7091,0.7091,1
2026-03-10T07:12:00,0.7091,0.7091,0.7091,0.7091,1
2026-03-10T07:13:00,0.7091,0.7091,0.7091,0.7091,1
2026-03-10T07:15:00,0.7092,0.7092,0.7092,0.7092,1
2026-03-10T07:17:00,0.7094,0.7094,0.7094,0.7094,1
2026-03-10T07:18:00,0.7093,0.7093,0.7093,0.7093,1
2026-03-10T07:20:00,0.7095,0.7096,0.7095,0.7096,3
2026-03-10T07:21:00,0.7097,0.7098,0.7097,0.7098,7
2026-03-10T07:22:00,0.7099,0.71,0.7099,0.7099,4
2026-03-10T07:24:00,0.7102,0.7102,0.7102,0.7102,1
2026-03-10T07:25:00,0.7104,0.7106,0.7104,0.7106,25
2026-03-10T07:27:00,0.7106,0.7106,0.7106,0.7106,7
2026-03-10T07:28:00,0.7105,0.7105,0.7105,0.7105,1
2026-03-10T07:31:00,0.7106,0.7107,0.7106,0.7106,8
2026-03-10T07:32:00,0.7105,0.7105,0.7105,0.7105,1
2026-03-10T07:35:00,0.7102,0.7102,0.7102,0.7102,10
2026-03-10T07:36:00,0.7102,0.7104,0.7102,0.7104,3
2026-03-10T07:37:00,0.7104,0.7105,0.7104,0.7105,2
2026-03-10T07:39:00,0.7106,0.7106,0.7106,0.7106,2
2026-03-10T07:41:00,0.7106,0.7106,0.7106,0.7106,1
2026-03-10T07:42:00,0.7107,0.7107,0.7107,0.7107,14
2026-03-10T07:44:00,0.7108,0.7108,0.7108,0.7108,3
2026-03-10T07:45:00,0.7109,0.711,0.7109,0.711,8
2026-03-10T07:47:00,0.7108,0.7108,0.7108,0.7108,1
2026-03-10T07:49:00,0.711,0.7111,0.711,0.7111,6
2026-03-10T07:53:00,0.7111,0.7111,0.7111,0.7111,1
2026-03-10T07:58:00,0.7106,0.7106,0.7106,0.7106,1
2026-03-10T08:00:00,0.7104,0.7104,0.7104,0.7104,1
2026-03-10T08:02:00,0.71,0.71,0.7099,0.7099,4
2026-03-10T08:03:00,0.7097,0.7097,0.7097,0.7097,3
2026-03-10T08:04:00,0.7097,0.7097,0.7097,0.7097,13
2026-03-10T08:05:00,0.7097,0.7097,0.7097,0.7097,4
2026-03-10T08:06:00,0.7093,0.7093,0.7093,0.7093,1
2026-03-10T08:11:00,0.7091,0.7091,0.7091,0.7091,3
2026-03-10T08:15:00,0.7096,0.7096,0.7096,0.7096,1
2026-03-10T08:17:00,0.7095,0.7095,0.7095,0.7095,1
2026-03-10T08:18:00,0.7094,0.7094,0.7094,0.7094,1
2026-03-10T08:20:00,0.7097,0.7097,0.7097,0.7097,1
2026-03-10T08:21:00,0.7098,0.7098,0.7098,0.7098,1
2026-03-10T08:23:00,0.7099,0.7101,0.7099,0.7101,2
2026-03-10T08:25:00,0.7101,0.7101,0.7101,0.7101,1
2026-03-10T08:26:00,0.7105,0.7105,0.7105,0.7105,1
2026-03-10T08:27:00,0.7107,0.7107,0.7107,0.7107,1
2026-03-10T08:28:00,0.7107,0.7107,0.7107,0.7107,1
2026-03-10T08:30:00,0.7104,0.7104,0.7104,0.7104,2
2026-03-10T08:31:00,0.7105,0.7105,0.7105,0.7105,1
2026-03-10T08:32:00,0.71,0.71,0.71,0.71,1
2026-03-10T08:33:00,0.71,0.71,0.71,0.71,1
2026-03-10T08:34:00,0.71,0.71,0.71,0.71,9
2026-03-10T08:38:00,0.7099,0.7099,0.7099,0.7099,2
2026-03-10T08:40:00,0.7099,0.7099,0.7099,0.7099,1
2026-03-10T08:46:00,0.7102,0.7102,0.7102,0.7102,1
2026-03-10T08:50:00,0.7098,0.7098,0.7095,0.7095,2
2026-03-10T08:57:00,0.709,0.709,0.7089,0.7089,7
2026-03-10T08:59:00,0.7088,0.7088,0.7088,0.7088,1
2026-03-10T09:00:00,0.7088,0.7089,0.7088,0.7089,4
2026-03-10T09:02:00,0.7091,0.7091,0.7091,0.7091,2
2026-03-10T09:03:00,0.7092,0.7092,0.7092,0.7092,1
2026-03-10T09:04:00,0.7094,0.7094,0.7094,0.7094,1
2026-03-10T09:08:00,0.7097,0.7097,0.7097,0.7097,1
2026-03-10T09:12:00,0.7097,0.7097,0.7097,0.7097,1
2026-03-10T09:23:00,0.71,0.71,0.71,0.71,1
2026-03-10T09:29:00,0.71,0.71,0.71,0.71,20
2026-03-10T09:31:00,0.7099,0.7099,0.7099,0.7099,1
2026-03-10T09:35:00,0.7104,0.7104,0.7104,0.7104,10
2026-03-10T09:36:00,0.7104,0.7104,0.7104,0.7104,5
2026-03-10T09:40:00,0.7105,0.7105,0.7105,0.7105,1
2026-03-10T09:41:00,0.7106,0.7107,0.7105,0.7107,5
2026-03-10T09:46:00,0.7109,0.7109,0.7109,0.7109,1
2026-03-10T09:47:00,0.7107,0.7107,0.7106,0.7106,4
2026-03-10T09:50:00,0.7107,0.7107,0.7107,0.7107,1
2026-03-10T09:52:00,0.7108,0.7108,0.7108,0.7108,1
2026-03-10T09:54:00,0.7108,0.7108,0.7108,0.7108,1
2026-03-10T09:58:00,0.7106,0.7106,0.7106,0.7106,1
2026-03-10T10:00:00,0.7105,0.7106,0.7103,0.7103,4
2026-03-10T10:06:00,0.7103,0.7103,0.7103,0.7103,1
2026-03-10T10:09:00,0.7103,0.7103,0.7103,0.7103,1
2026-03-10T10:15:00,0.7108,0.7108,0.7108,0.7108,1
2026-03-10T10:16:00,0.7109,0.7109,0.7109,0.7109,1
2026-03-10T10:25:00,0.7109,0.7109,0.7109,0.7109,1
2026-03-10T10:27:00,0.7109,0.711,0.7109,0.711,4
2026-03-10T10:29:00,0.711,0.711,0.7108,0.7108,3
2026-03-10T10:30:00,0.7111,0.7113,0.7111,0.7112,8
2026-03-10T10:31:00,0.7113,0.7114,0.7113,0.7114,8
2026-03-10T10:34:00,0.7109,0.7109,0.7109,0.7109,1
2026-03-10T10:36:00,0.7106,0.7106,0.7103,0.7104,5
2026-03-10T10:37:00,0.71,0.71,0.7095,0.7095,14
2026-03-10T10:38:00,0.7097,0.7097,0.7097,0.7097,1
2026-03-10T10:39:00,0.7097,0.7097,0.7097,0.7097,1
2026-03-10T10:42:00,0.7104,0.7104,0.7104,0.7104,2
2026-03-10T10:51:00,0.71,0.71,0.71,0.71,1
2026-03-10T10:53:00,0.71,0.71,0.71,0.71,1
2026-03-10T11:04:00,0.7103,0.7111,0.7103,0.7111,4
2026-03-10T11:05:00,0.7109,0.7109,0.7109,0.7109,1
2026-03-10T11:11:00,0.7105,0.7106,0.7105,0.7106,2
2026-03-10T11:13:00,0.7104,0.7106,0.7104,0.7106,2
2026-03-10T11:14:00,0.7106,0.7106,0.7104,0.7104,4
2026-03-10T11:17:00,0.7105,0.7105,0.7105,0.7105,1
2026-03-10T11:18:00,0.7105,0.7105,0.7105,0.7105,1
2026-03-10T11:19:00,0.7103,0.7103,0.7103,0.7103,1
2026-03-10T11:25:00,0.7108,0.7108,0.7108,0.7108,3
2026-03-10T11:28:00,0.7102,0.7102,0.7102,0.7102,1
2026-03-10T11:29:00,0.7103,0.7104,0.7103,0.7104,4
2026-03-10T11:31:00,0.7103,0.7103,0.7102,0.7102,2
2026-03-10T11:36:00,0.7108,0.7108,0.7108,0.7108,1
2026-03-10T11:38:00,0.7109,0.7109,0.7109,0.7109,1
2026-03-10T11:40:00,0.7108,0.7108,0.7108,0.7108,1
2026-03-10T11:45:00,0.711,0.711,0.711,0.711,1
2026-03-10T11:46:00,0.7108,0.7108,0.7108,0.7108,1
2026-03-10T11:51:00,0.7113,0.7113,0.7113,0.7113,2
2026-03-10T11:52:00,0.7114,0.7116,0.7114,0.7116,14
2026-03-10T11:53:00,0.7117,0.7118,0.7115,0.7115,8
2026-03-10T11:55:00,0.7116,0.7116,0.7116,0.7116,1
2026-03-10T11:56:00,0.7112,0.7112,0.7112,0.7112,1
2026-03-10T11:57:00,0.7111,0.7113,0.7111,0.7113,4
2026-03-10T12:00:00,0.7112,0.7112,0.7111,0.7111,2
2026-03-10T12:01:00,0.711,0.711,0.711,0.711,1
2026-03-10T12:05:00,0.7103,0.7103,0.7103,0.7103,5
2026-03-10T12:06:00,0.7103,0.7103,0.7102,0.7102,2
2026-03-10T12:08:00,0.71,0.71,0.71,0.71,4
2026-03-10T12:11:00,0.71,0.71,0.71,0.71,1
2026-03-10T12:19:00,0.7101,0.7101,0.7101,0.7101,10
2026-03-10T12:24:00,0.7105,0.7105,0.7105,0.7105,2
2026-03-10T12:26:00,0.7105,0.7105,0.7105,0.7105,1
2026-03-10T12:30:00,0.7102,0.7102,0.7102,0.7102,1
2026-03-10T12:31:00,0.7099,0.7099,0.7099,0.7099,1
2026-03-10T12:33:00,0.7103,0.7103,0.7103,0.7103,1
2026-03-10T12:40:00,0.7105,0.7105,0.7105,0.7105,1
2026-03-10T12:41:00,0.7107,0.7108,0.7107,0.7108,2
2026-03-10T12:42:00,0.7107,0.7107,0.7107,0.7107,1
2026-03-10T12:43:00,0.7108,0.7108,0.7108,0.7108,1
2026-03-10T12:44:00,0.7109,0.711,0.7109,0.7109,5
2026-03-10T12:45:00,0.7109,0.7109,0.7109,0.7109,1
2026-03-10T12:55:00,0.7111,0.7111,0.7111,0.7111,1
2026-03-10T13:00:00,0.7111,0.7112,0.7111,0.7112,3
2026-03-10T13:02:00,0.7111,0.7113,0.711,0.711,5
2026-03-10T13:03:00,0.711,0.7111,0.711,0.7111,3
2026-03-10T13:04:00,0.7112,0.7112,0.7112,0.7112,1
2026-03-10T13:05:00,0.7111,0.7112,0.7111,0.7112,3
2026-03-10T13:07:00,0.7108,0.7108,0.7108,0.7108,3
2026-03-10T13:08:00,0.7108,0.711,0.7108,0.711,3
2026-03-10T13:10:00,0.7112,0.7113,0.7112,0.7113,6
2026-03-10T13:11:00,0.7112,0.7112,0.7111,0.7111,2
2026-03-10T13:15:00,0.7109,0.7109,0.7109,0.7109,5
2026-03-10T13:17:00,0.711,0.711,0.711,0.711,1
2026-03-10T13:18:00,0.711,0.7111,0.711,0.7111,4
2026-03-10T13:22:00,0.7115,0.7115,0.7115,0.7115,1
2026-03-10T13:23:00,0.7116,0.7117,0.7116,0.7117,3
2026-03-10T13:24:00,0.7117,0.7119,0.7117,0.7119,11
2026-03-10T13:25:00,0.7118,0.7118,0.7117,0.7117,2
2026-03-10T13:26:00,0.7116,0.7116,0.7115,0.7115,2
2026-03-10T13:29:00,0.7116,0.7116,0.7116,0.7116,1
2026-03-10T13:31:00,0.7117,0.7117,0.7117,0.7117,6
2026-03-10T13:32:00,0.7115,0.7115,0.7114,0.7114,2
2026-03-10T13:33:00,0.7111,0.7111,0.7107,0.7109,3
2026-03-10T13:34:00,0.7111,0.7111,0.711,0.711,8
2026-03-10T13:35:00,0.7111,0.7111,0.7111,0.7111,1
2026-03-10T13:37:00,0.7112,0.7112,0.7112,0.7112,1
2026-03-10T13:39:00,0.7113,0.7113,0.7113,0.7113,1
2026-03-10T13:41:00,0.711,0.711,0.7107,0.7108,11
2026-03-10T13:42:00,0.7108,0.7109,0.7108,0.7109,2
2026-03-10T13:43:00,0.711,0.711,0.711,0.711,1
2026-03-10T13:44:00,0.7109,0.7112,0.7109,0.7112,2
2026-03-10T13:45:00,0.7108,0.7108,0.7108,0.7108,2
2026-03-10T13:52:00,0.7102,0.7103,0.7102,0.7103,3
2026-03-10T13:53:00,0.7104,0.7104,0.7104,0.7104,1
2026-03-10T13:54:00,0.7109,0.7109,0.7109,0.7109,1
2026-03-10T13:56:00,0.7108,0.7108,0.7108,0.7108,6
2026-03-10T14:02:00,0.7105,0.7107,0.7105,0.7107,4
2026-03-10T14:03:00,0.7105,0.7108,0.7105,0.7105,55
2026-03-10T14:09:00,0.7101,0.7101,0.7101,0.7101,1
2026-03-10T14:10:00,0.7101,0.7103,0.7101,0.7103,9
2026-03-10T14:11:00,0.7103,0.7103,0.7103,0.7103,5
2026-03-10T14:12:00,0.7105,0.7106,0.7105,0.7106,2
2026-03-10T14:14:00,0.7106,0.7106,0.7106,0.7106,3
2026-03-10T14:16:00,0.7109,0.7109,0.7109,0.7109,1
2026-03-10T14:19:00,0.7112,0.7112,0.7112,0.7112,1
2026-03-10T14:20:00,0.7112,0.7112,0.7112,0.7112,1
2026-03-10T14:21:00,0.7113,0.7113,0.7113,0.7113,3
2026-03-10T14:22:00,0.7115,0.7115,0.7115,0.7115,1
2026-03-10T14:25:00,0.7115,0.7115,0.7113,0.7113,5
2026-03-10T14:28:00,0.7114,0.7114,0.7114,0.7114,3
2026-03-10T14:29:00,0.7114,0.7114,0.7114,0.7114,2
2026-03-10T14:30:00,0.7118,0.7119,0.7118,0.7118,5
2026-03-10T14:31:00,0.7114,0.7114,0.7114,0.7114,1
2026-03-10T14:32:00,0.7114,0.7115,0.7112,0.7115,11
2026-03-10T14:33:00,0.7114,0.7114,0.7113,0.7114,5
2026-03-10T14:34:00,0.7117,0.7118,0.7117,0.7118,2
2026-03-10T14:36:00,0.7119,0.7119,0.7119,0.7119,1
2026-03-10T14:37:00,0.712,0.712,0.712,0.712,86
2026-03-10T14:38:00,0.7121,0.7123,0.7121,0.7123,14
2026-03-10T14:39:00,0.7121,0.7121,0.7119,0.7119,4
2026-03-10T14:41:00,0.7122,0.7124,0.7122,0.7124,5
2026-03-10T14:42:00,0.7124,0.7126,0.7124,0.7126,9
2026-03-10T14:43:00,0.7126,0.7133,0.7126,0.7133,27
2026-03-10T14:44:00,0.7129,0.7132,0.7128,0.7132,7
2026-03-10T14:45:00,0.7133,0.7138,0.7133,0.7134,30
2026-03-10T14:46:00,0.7136,0.7137,0.7136,0.7136,3
2026-03-10T14:47:00,0.7137,0.714,0.7134,0.7134,37
2026-03-10T14:48:00,0.7135,0.7135,0.7135,0.7135,1
2026-03-10T14:49:00,0.7134,0.7134,0.7134,0.7134,1
2026-03-10T14:50:00,0.7137,0.7138,0.7137,0.7138,2
2026-03-10T14:51:00,0.7138,0.7138,0.7136,0.7136,6
2026-03-10T14:52:00,0.7136,0.7136,0.7136,0.7136,1
2026-03-10T14:54:00,0.7137,0.7137,0.7135,0.7137,6
2026-03-10T14:55:00,0.7134,0.7134,0.7134,0.7134,1
2026-03-10T14:56:00,0.7135,0.7135,0.7135,0.7135,1
2026-03-10T14:57:00,0.7137,0.7137,0.7137,0.7137,1
2026-03-10T14:59:00,0.7138,0.7138,0.7138,0.7138,12
2026-03-10T15:00:00,0.714,0.714,0.714,0.714,2
2026-03-10T15:02:00,0.7141,0.7141,0.714,0.714,4
2026-03-10T15:03:00,0.7139,0.7139,0.7139,0.7139,3
2026-03-10T15:06:00,0.7135,0.7135,0.7134,0.7134,8
2026-03-10T15:08:00,0.7134,0.7134,0.7134,0.7134,1
2026-03-10T15:09:00,0.7132,0.7134,0.7132,0.7134,2
2026-03-10T15:11:00,0.7136,0.7136,0.7136,0.7136,2
2026-03-10T15:12:00,0.7136,0.7136,0.7136,0.7136,2
2026-03-10T15:13:00,0.7136,0.7137,0.7136,0.7137,7
2026-03-10T15:14:00,0.714,0.714,0.714,0.714,10
2026-03-10T15:18:00,0.7141,0.7141,0.7141,0.7141,1
2026-03-10T15:19:00,0.7142,0.7145,0.7142,0.7145,7
2026-03-10T15:20:00,0.7145,0.7146,0.7145,0.7145,5
2026-03-10T15:23:00,0.7143,0.7143,0.7143,0.7143,1
2026-03-10T15:24:00,0.7141,0.7141,0.7141,0.7141,1
2026-03-10T15:27:00,0.7139,0.7139,0.7138,0.7138,2
2026-03-10T15:29:00,0.714,0.7141,0.714,0.7141,2
2026-03-10T15:30:00,0.714,0.714,0.7138,0.7138,5
2026-03-10T15:32:00,0.7138,0.7138,0.7137,0.7137,9
2026-03-10T15:33:00,0.714,0.714,0.7139,0.7139,17
2026-03-10T15:34:00,0.714,0.714,0.7137,0.7137,14
2026-03-10T15:36:00,0.7138,0.7138,0.7138,0.7138,1
2026-03-10T15:38:00,0.7139,0.714,0.7137,0.7139,18
2026-03-10T15:39:00,0.7138,0.7139,0.7138,0.7139,4
2026-03-10T15:42:00,0.7144,0.7144,0.7144,0.7144,1
2026-03-10T15:43:00,0.7145,0.7145,0.7145,0.7145,1
2026-03-10T15:45:00,0.7144,0.7144,0.7144,0.7144,1
2026-03-10T15:46:00,0.7144,0.7144,0.7144,0.7144,1
2026-03-10T15:47:00,0.7143,0.7143,0.7143,0.7143,1
2026-03-10T15:49:00,0.7142,0.7142,0.7142,0.7142,1
2026-03-10T15:53:00,0.7138,0.7138,0.7138,0.7138,14
2026-03-10T15:55:00,0.7136,0.7136,0.7135,0.7135,8
2026-03-10T15:57:00,0.7139,0.7139,0.7139,0.7139,1
2026-03-10T15:58:00,0.7141,0.7141,0.7141,0.7141,1
2026-03-10T16:00:00,0.7139,0.7139,0.7139,0.7139,1
2026-03-10T16:02:00,0.7139,0.7139,0.7139,0.7139,1
2026-03-10T16:03:00,0.7136,0.7136,0.7135,0.7136,6
2026-03-10T16:10:00,0.7134,0.7134,0.7134,0.7134,1
2026-03-10T16:12:00,0.7135,0.7135,0.7135,0.7135,1
2026-03-10T16:15:00,0.7134,0.7134,0.7134,0.7134,1
2026-03-10T16:33:00,0.7139,0.714,0.7139,0.7139,3
2026-03-10T16:36:00,0.7141,0.7141,0.7141,0.7141,3
2026-03-10T16:37:00,0.7141,0.7141,0.7141,0.7141,1
2026-03-10T16:39:00,0.7143,0.7143,0.7143,0.7143,1
2026-03-10T16:40:00,0.7144,0.7144,0.7144,0.7144,10
2026-03-10T16:42:00,0.7143,0.7143,0.7143,0.7143,1
2026-03-10T16:45:00,0.7142,0.7142,0.7141,0.7141,8
2026-03-10T16:52:00,0.7143,0.7144,0.7143,0.7143,9
2026-03-10T16:54:00,0.7144,0.7144,0.7144,0.7144,1
2026-03-10T16:55:00,0.7144,0.7144,0.7144,0.7144,1
2026-03-10T16:56:00,0.7144,0.7144,0.7144,0.7144,2
2026-03-10T17:02:00,0.7145,0.7146,0.7145,0.7146,10
2026-03-10T17:03:00,0.7146,0.7146,0.7146,0.7146,1
2026-03-10T17:04:00,0.7145,0.7145,0.7145,0.7145,1
2026-03-10T17:05:00,0.7147,0.7147,0.7147,0.7147,1
2026-03-10T17:06:00,0.7148,0.7149,0.7148,0.7149,2
2026-03-10T17:07:00,0.715,0.7153,0.715,0.7153,28
2026-03-10T17:12:00,0.7149,0.7149,0.7149,0.7149,2
2026-03-10T17:13:00,0.7148,0.7148,0.7148,0.7148,4
2026-03-10T17:14:00,0.7148,0.7148,0.7147,0.7147,9
2026-03-10T17:15:00,0.715,0.715,0.715,0.715,2
2026-03-10T17:17:00,0.7151,0.7157,0.7151,0.7157,19
2026-03-10T17:18:00,0.7158,0.7159,0.7158,0.7158,8
2026-03-10T17:19:00,0.7159,0.716,0.7159,0.716,8
2026-03-10T17:21:00,0.7158,0.7159,0.7158,0.7158,4
2026-03-10T17:22:00,0.7158,0.7158,0.7158,0.7158,1
2026-03-10T17:23:00,0.7157,0.7158,0.7157,0.7158,3
2026-03-10T17:24:00,0.7157,0.7159,0.7157,0.7159,3
2026-03-10T17:26:00,0.7158,0.7159,0.7158,0.7158,7
2026-03-10T17:28:00,0.7159,0.7161,0.7159,0.7161,4
2026-03-10T17:29:00,0.7161,0.7161,0.7158,0.7158,4
2026-03-10T17:30:00,0.7158,0.7158,0.7158,0.7158,2
2026-03-10T17:33:00,0.7152,0.7152,0.7152,0.7152,2
2026-03-10T17:34:00,0.7148,0.7148,0.7148,0.7148,6
2026-03-10T17:36:00,0.7149,0.7149,0.7149,0.7149,1
2026-03-10T17:37:00,0.7146,0.7146,0.7144,0.7145,7
2026-03-10T17:38:00,0.7144,0.7144,0.7144,0.7144,1
2026-03-10T17:40:00,0.7144,0.7144,0.7144,0.7144,5
2026-03-10T17:41:00,0.7145,0.7145,0.7145,0.7145,2
2026-03-10T17:42:00,0.7145,0.7145,0.7143,0.7143,8
2026-03-10T17:45:00,0.7142,0.7143,0.714,0.7143,4
2026-03-10T17:48:00,0.7146,0.7146,0.7146,0.7146,1
2026-03-10T17:50:00,0.7147,0.7147,0.7147,0.7147,1
2026-03-10T17:52:00,0.7149,0.7149,0.7149,0.7149,1
2026-03-10T18:00:00,0.7147,0.7147,0.7147,0.7147,2
2026-03-10T18:02:00,0.7148,0.7148,0.7148,0.7148,1
2026-03-10T18:07:00,0.7147,0.7147,0.7147,0.7147,1
2026-03-10T18:09:00,0.7144,0.7144,0.7144,0.7144,1
2026-03-10T18:13:00,0.7145,0.7145,0.7141,0.7141,7
2026-03-10T18:14:00,0.714,0.714,0.713,0.713,5
2026-03-10T18:15:00,0.7129,0.7129,0.7127,0.7127,14
2026-03-10T18:16:00,0.7127,0.7127,0.7124,0.7126,10
2026-03-10T18:17:00,0.7125,0.7125,0.712,0.7122,23
2026-03-10T18:18:00,0.7122,0.7122,0.7118,0.7118,11
2026-03-10T18:19:00,0.7119,0.7119,0.7119,0.7119,1
2026-03-10T18:20:00,0.7117,0.7117,0.7117,0.7117,2
2026-03-10T18:23:00,0.7127,0.7129,0.7127,0.7129,4
2026-03-10T18:24:00,0.7129,0.7129,0.7129,0.7129,1
2026-03-10T18:26:00,0.7129,0.7134,0.7129,0.7134,6
2026-03-10T18:27:00,0.7135,0.7136,0.7135,0.7136,8
2026-03-10T18:28:00,0.7137,0.7137,0.7136,0.7136,3
2026-03-10T18:29:00,0.7137,0.7137,0.7137,0.7137,1
2026-03-10T18:31:00,0.7139,0.7139,0.7139,0.7139,1
2026-03-10T18:35:00,0.7134,0.7134,0.7131,0.7131,3
2026-03-10T18:36:00,0.7134,0.7135,0.7134,0.7135,2
2026-03-10T18:38:00,0.7138,0.7138,0.7138,0.7138,1
2026-03-10T18:41:00,0.7127,0.7127,0.7127,0.7127,6
2026-03-10T18:42:00,0.7129,0.7129,0.7129,0.7129,93
2026-03-10T18:45:00,0.7126,0.7126,0.7126,0.7126,1
2026-03-10T18:46:00,0.7126,0.7126,0.7126,0.7126,2
2026-03-10T18:47:00,0.713,0.713,0.713,0.713,1
2026-03-10T18:48:00,0.7132,0.7132,0.7132,0.7132,4
2026-03-10T18:50:00,0.7131,0.7131,0.7131,0.7131,1
2026-03-10T18:51:00,0.7133,0.7133,0.7131,0.7131,3
2026-03-10T18:57:00,0.7127,0.7127,0.7127,0.7127,3
2026-03-10T18:59:00,0.7127,0.7128,0.7124,0.7124,12
2026-03-10T19:00:00,0.7124,0.7124,0.7124,0.7124,1
2026-03-10T19:05:00,0.7127,0.7127,0.7127,0.7127,8
2026-03-10T19:06:00,0.7128,0.7128,0.7124,0.7124,11
2026-03-10T19:09:00,0.7126,0.7127,0.7126,0.7127,8
2026-03-10T19:13:00,0.7123,0.7123,0.7122,0.7122,6
2026-03-10T19:15:00,0.7126,0.7126,0.7126,0.7126,1
2026-03-10T19:17:00,0.7126,0.7126,0.7126,0.7126,1
2026-03-10T19:20:00,0.7124,0.7124,0.7124,0.7124,3
2026-03-10T19:21:00,0.7121,0.7121,0.7121,0.7121,1
2026-03-10T19:22:00,0.7123,0.7123,0.7122,0.7122,2
2026-03-10T19:23:00,0.7125,0.7125,0.7125,0.7125,8
2026-03-10T19:27:00,0.7118,0.7119,0.7118,0.7119,8
2026-03-10T19:28:00,0.7119,0.7119,0.7119,0.7119,3
2026-03-10T19:29:00,0.7119,0.7119,0.7118,0.7118,2
2026-03-10T19:33:00,0.7115,0.7115,0.7113,0.7113,2
2026-03-10T19:35:00,0.7111,0.7111,0.7111,0.7111,1
2026-03-10T19:36:00,0.711,0.711,0.711,0.711,3
2026-03-10T19:39:00,0.7113,0.7113,0.7113,0.7113,8
2026-03-10T19:40:00,0.711,0.7118,0.7109,0.7118,23
2026-03-10T19:42:00,0.7111,0.712,0.7111,0.712,9
2026-03-10T19:43:00,0.7118,0.7118,0.7118,0.7118,3
2026-03-10T19:45:00,0.7116,0.7116,0.7113,0.7113,2
2026-03-10T19:46:00,0.7112,0.7112,0.7112,0.7112,1
2026-03-10T19:47:00,0.7112,0.7113,0.7112,0.7113,2
2026-03-10T19:48:00,0.711,0.711,0.711,0.711,1
2026-03-10T19:50:00,0.711,0.711,0.711,0.711,1
2026-03-10T19:51:00,0.7111,0.7111,0.7111,0.7111,8
2026-03-10T19:55:00,0.7114,0.7115,0.7114,0.7115,8
2026-03-10T19:58:00,0.7113,0.7114,0.7111,0.7111,17
2026-03-10T19:59:00,0.7111,0.7111,0.711,0.711,17
2026-03-10T20:03:00,0.7108,0.7108,0.7107,0.7107,2
2026-03-10T20:04:00,0.7108,0.7108,0.7108,0.7108,1
2026-03-10T20:20:00,0.7109,0.7109,0.7109,0.7109,1
2026-03-10T20:21:00,0.7112,0.7112,0.7112,0.7112,1
2026-03-10T20:22:00,0.7113,0.7113,0.7113,0.7113,1
2026-03-10T20:23:00,0.7113,0.7113,0.7113,0.7113,2
2026-03-10T20:26:00,0.7112,0.7112,0.7112,0.7112,1
2026-03-10T20:30:00,0.7113,0.7113,0.7113,0.7113,1
2026-03-10T20:51:00,0.7112,0.7112,0.7112,0.7112,2
2026-03-10T20:53:00,0.7112,0.7112,0.7112,0.7112,5
2026-03-10T20:55:00,0.7112,0.7112,0.7112,0.7112,2
2026-03-10T20:58:00,0.7112,0.7112,0.7112,0.7112,1
2026-03-10T20:59:00,0.7112,0.7112,0.7112,0.7112,1
2026-03-10T22:00:00,0.7112,0.7112,0.7112,0.7112,8
2026-03-10T22:10:00,0.7107,0.7107,0.7106,0.7106,12
2026-03-10T22:11:00,0.7107,0.7107,0.7106,0.7106,2
2026-03-10T22:12:00,0.7108,0.711,0.7106,0.711,28
2026-03-10T22:14:00,0.7108,0.7108,0.7108,0.7108,4
2026-03-10T22:17:00,0.7109,0.7109,0.7109,0.7109,1
2026-03-10T22:20:00,0.7109,0.7109,0.7109,0.7109,5
2026-03-10T22:22:00,0.7109,0.7109,0.7109,0.7109,1
2026-03-10T22:24:00,0.7109,0.7109,0.7109,0.7109,3
2026-03-10T22:25:00,0.7109,0.7109,0.7109,0.7109,1
2026-03-10T22:26:00,0.7108,0.7108,0.7108,0.7108,1
2026-03-10T22:27:00,0.7107,0.7107,0.7107,0.7107,1
2026-03-10T22:28:00,0.7107,0.7107,0.7107,0.7107,1
2026-03-10T22:31:00,0.7106,0.7106,0.7106,0.7106,1
2026-03-10T22:40:00,0.7106,0.7106,0.7106,0.7106,1
2026-03-10T22:43:00,0.7107,0.7107,0.7107,0.7107,1
2026-03-10T22:44:00,0.7107,0.7107,0.7107,0.7107,1
2026-03-10T22:45:00,0.7108,0.7108,0.7108,0.7108,2
2026-03-10T22:46:00,0.7107,0.7107,0.7107,0.7107,2
2026-03-10T22:47:00,0.7106,0.7106,0.7106,0.7106,2
2026-03-10T22:48:00,0.7106,0.7106,0.7106,0.7106,5
2026-03-10T22:50:00,0.7107,0.7107,0.7107,0.7107,1
2026-03-10T22:58:00,0.7108,0.7108,0.7108,0.7108,1
2026-03-10T22:59:00,0.7109,0.7109,0.7109,0.7109,1
2026-03-10T23:00:00,0.7109,0.7109,0.7109,0.7109,1
2026-03-10T23:06:00,0.7108,0.7108,0.7108,0.7108,5
2026-03-10T23:13:00,0.711,0.711,0.711,0.711,4
2026-03-10T23:14:00,0.7112,0.7112,0.7112,0.7112,2
2026-03-10T23:15:00,0.7112,0.7112,0.7112,0.7112,2
2026-03-10T23:26:00,0.7111,0.7111,0.7111,0.7111,1
2026-03-10T23:31:00,0.7112,0.7112,0.711,0.711,2
2026-03-10T23:36:00,0.7111,0.7111,0.7111,0.7111,5
2026-03-10T23:37:00,0.7111,0.7111,0.7111,0.7111,2
2026-03-10T23:39:00,0.7111,0.7111,0.7111,0.7111,8
2026-03-10T23:51:00,0.7112,0.7112,0.7112,0.7112,1
2026-03-10T23:55:00,0.7111,0.7111,0.7111,0.7111,1
2026-03-11T00:00:00,0.7115,0.7115,0.7115,0.7115,7
2026-03-11T00:03:00,0.7111,0.7111,0.7111,0.7111,1
2026-03-11T00:05:00,0.7112,0.7112,0.7112,0.7112,1
2026-03-11T00:10:00,0.7116,0.7118,0.7116,0.7118,2
2026-03-11T00:11:00,0.7116,0.7116,0.7116,0.7116,4
2026-03-11T00:12:00,0.7116,0.7119,0.7116,0.7119,5
2026-03-11T00:13:00,0.712,0.712,0.712,0.712,2
2026-03-11T00:14:00,0.7122,0.7123,0.7121,0.7121,11
2026-03-11T00:15:00,0.7121,0.7121,0.7121,0.7121,1
2026-03-11T00:16:00,0.7122,0.7125,0.7122,0.7124,48
2026-03-11T00:17:00,0.7124,0.7124,0.7124,0.7124,1
2026-03-11T00:18:00,0.7122,0.7123,0.7122,0.7123,3
2026-03-11T00:22:00,0.7122,0.7122,0.7122,0.7122,2
2026-03-11T00:25:00,0.7123,0.7123,0.7122,0.7122,3
2026-03-11T00:26:00,0.7125,0.7125,0.7125,0.7125,5
2026-03-11T00:29:00,0.7127,0.7128,0.7127,0.7128,4
2026-03-11T00:30:00,0.7127,0.7127,0.7127,0.7127,1
2026-03-11T00:32:00,0.7128,0.7128,0.7127,0.7127,3
2026-03-11T00:33:00,0.7127,0.7127,0.7126,0.7126,3
2026-03-11T00:34:00,0.7124,0.7124,0.7124,0.7124,1
2026-03-11T00:42:00,0.7123,0.7123,0.7123,0.7123,1
2026-03-11T00:45:00,0.7128,0.7129,0.7128,0.7129,3
2026-03-11T00:48:00,0.7127,0.7128,0.7126,0.7126,6
2026-03-11T00:51:00,0.7125,0.7125,0.7124,0.7125,11
2026-03-11T00:53:00,0.7125,0.7125,0.7125,0.7125,2
2026-03-11T00:55:00,0.7126,0.7127,0.7126,0.7127,4
2026-03-11T00:56:00,0.7125,0.7125,0.7125,0.7125,4
2026-03-11T01:00:00,0.7123,0.7123,0.7123,0.7123,1
2026-03-11T01:03:00,0.7121,0.7121,0.712,0.712,4
2026-03-11T01:06:00,0.7124,0.7124,0.7124,0.7124,1
2026-03-11T01:07:00,0.7124,0.7125,0.7124,0.7125,3
2026-03-11T01:09:00,0.7124,0.7124,0.7124,0.7124,1
2026-03-11T01:10:00,0.7125,0.7127,0.7125,0.7127,7
2026-03-11T01:11:00,0.7129,0.7129,0.7129,0.7129,1
2026-03-11T01:13:00,0.7129,0.713,0.7129,0.713,4
2026-03-11T01:14:00,0.713,0.713,0.713,0.713,1
2026-03-11T01:15:00,0.713,0.713,0.7129,0.713,5
2026-03-11T01:16:00,0.7132,0.7132,0.7132,0.7132,7
2026-03-11T01:17:00,0.7132,0.7132,0.7132,0.7132,1
2026-03-11T01:18:00,0.7134,0.7134,0.7133,0.7133,3
2026-03-11T01:20:00,0.7133,0.7133,0.7133,0.7133,2
2026-03-11T01:21:00,0.7133,0.7134,0.7133,0.7134,7
2026-03-11T01:24:00,0.7132,0.7133,0.7132,0.7133,2
2026-03-11T01:25:00,0.7132,0.7132,0.713,0.713,2
2026-03-11T01:26:00,0.7128,0.7131,0.7128,0.7131,6
2026-03-11T01:27:00,0.7131,0.7131,0.7131,0.7131,3
2026-03-11T01:30:00,0.7134,0.7134,0.7133,0.7133,10
2026-03-11T01:33:00,0.7135,0.7135,0.7135,0.7135,1
2026-03-11T01:35:00,0.7135,0.7135,0.7135,0.7135,2
2026-03-11T01:36:00,0.7135,0.7137,0.7135,0.7136,36
2026-03-11T01:37:00,0.7133,0.714,0.7133,0.714,14
2026-03-11T01:38:00,0.714,0.7141,0.714,0.7141,6
2026-03-11T01:39:00,0.7141,0.7142,0.714,0.7141,11
2026-03-11T01:40:00,0.7139,0.714,0.7139,0.714,2
2026-03-11T01:41:00,0.714,0.714,0.714,0.714,1
2026-03-11T01:42:00,0.7141,0.7141,0.7141,0.7141,6
2026-03-11T01:44:00,0.7141,0.7141,0.7141,0.7141,1
2026-03-11T01:45:00,0.7141,0.7141,0.714,0.714,16
2026-03-11T01:46:00,0.714,0.714,0.714,0.714,2
2026-03-11T01:54:00,0.714,0.7141,0.714,0.7141,2
2026-03-11T01:55:00,0.7141,0.7141,0.714,0.714,3
2026-03-11T01:57:00,0.714,0.714,0.714,0.714,1
2026-03-11T01:58:00,0.7141,0.7142,0.7141,0.7142,3
2026-03-11T02:01:00,0.7143,0.7143,0.7143,0.7143,3
2026-03-11T02:03:00,0.714,0.714,0.714,0.714,1
2026-03-11T02:07:00,0.714,0.714,0.714,0.714,1
2026-03-11T02:08:00,0.714,0.714,0.714,0.714,1
2026-03-11T02:09:00,0.7139,0.7139,0.7139,0.7139,1
2026-03-11T02:10:00,0.7139,0.7139,0.7139,0.7139,3
2026-03-11T02:14:00,0.7136,0.7136,0.7136,0.7136,4
2026-03-11T02:15:00,0.7139,0.714,0.7138,0.714,6
2026-03-11T02:16:00,0.714,0.714,0.7139,0.7139,5
2026-03-11T02:17:00,0.7141,0.7143,0.7141,0.7143,20
2026-03-11T02:18:00,0.7142,0.7142,0.7142,0.7142,2
2026-03-11T02:19:00,0.7142,0.7142,0.7142,0.7142,1
2026-03-11T02:20:00,0.7142,0.7142,0.7142,0.7142,2
2026-03-11T02:25:00,0.7139,0.7139,0.7139,0.7139,2
2026-03-11T02:26:00,0.714,0.714,0.7138,0.7138,2
2026-03-11T02:27:00,0.7138,0.7138,0.7138,0.7138,1
2026-03-11T02:29:00,0.714,0.714,0.714,0.714,3
2026-03-11T02:30:00,0.7137,0.7137,0.7137,0.7137,1
2026-03-11T02:33:00,0.7137,0.7137,0.7137,0.7137,6
2026-03-11T02:34:00,0.7137,0.7138,0.7137,0.7138,6
2026-03-11T02:35:00,0.7139,0.7139,0.7139,0.7139,1
2026-03-11T02:43:00,0.7143,0.7143,0.7143,0.7143,1
2026-03-11T02:45:00,0.7146,0.7147,0.7146,0.7147,5
2026-03-11T02:46:00,0.7148,0.7157,0.7148,0.7157,34
2026-03-11T02:47:00,0.7159,0.7161,0.7159,0.716,38
2026-03-11T02:49:00,0.7162,0.7163,0.7162,0.7163,6
2026-03-11T02:50:00,0.7163,0.7163,0.7163,0.7163,2
2026-03-11T02:51:00,0.7164,0.7166,0.7164,0.7166,10
2026-03-11T02:52:00,0.7164,0.7164,0.7164,0.7164,3
2026-03-11T02:54:00,0.7163,0.7163,0.7163,0.7163,1
2026-03-11T02:56:00,0.7162,0.7162,0.7159,0.7159,5
2026-03-11T02:57:00,0.7159,0.7159,0.7157,0.7157,3
2026-03-11T02:58:00,0.7156,0.7157,0.7156,0.7157,3
2026-03-11T02:59:00,0.7157,0.7157,0.7157,0.7157,1
2026-03-11T03:00:00,0.7156,0.7156,0.7156,0.7156,1
2026-03-11T03:01:00,0.7155,0.7159,0.7155,0.7159,2
2026-03-11T03:03:00,0.7159,0.7159,0.7158,0.7158,2
2026-03-11T03:07:00,0.7158,0.7158,0.7158,0.7158,1
2026-03-11T03:10:00,0.7157,0.7157,0.7157,0.7157,1
2026-03-11T03:14:00,0.7155,0.7155,0.7154,0.7154,5
2026-03-11T03:15:00,0.7155,0.7155,0.7154,0.7154,5
2026-03-11T03:16:00,0.7154,0.7154,0.7153,0.7153,5
2026-03-11T03:19:00,0.7155,0.7155,0.7154,0.7154,10
2026-03-11T03:20:00,0.7155,0.7155,0.7155,0.7155,12
2026-03-11T03:21:00,0.7155,0.7158,0.7154,0.7155,175
2026-03-11T03:22:00,0.7156,0.7158,0.7155,0.7156,117
2026-03-11T03:23:00,0.7156,0.7156,0.7155,0.7156,30
2026-03-11T03:24:00,0.7156,0.7156,0.7155,0.7155,24
2026-03-11T03:25:00,0.7155,0.7155,0.7154,0.7154,20
2026-03-11T03:26:00,0.7154,0.7155,0.7154,0.7154,20
2026-03-11T03:27:00,0.7154,0.7155,0.7154,0.7154,24
2026-03-11T03:28:00,0.7155,0.7156,0.7154,0.7154,25
2026-03-11T03:29:00,0.7154,0.7156,0.7154,0.7155,21
2026-03-11T03:30:00,0.7155,0.7157,0.7155,0.7157,16
2026-03-11T03:31:00,0.7157,0.7159,0.7157,0.7159,21
2026-03-11T03:32:00,0.7159,0.716,0.7159,0.716,29
2026-03-11T03:33:00,0.716,0.716,0.7159,0.716,25
2026-03-11T03:34:00,0.716,0.716,0.716,0.716,25
2026-03-11T03:35:00,0.716,0.7162,0.716,0.7161,20
2026-03-11T03:36:00,0.7161,0.7162,0.7161,0.7162,23
2026-03-11T03:37:00,0.7162,0.7165,0.7162,0.7163,29
2026-03-11T03:38:00,0.7163,0.7163,0.7161,0.7162,25
2026-03-11T03:39:00,0.7161,0.7161,0.7158,0.7161,23
2026-03-11T03:40:00,0.7161,0.7161,0.7159,0.7159,14
2026-03-11T03:41:00,0.7159,0.7159,0.7159,0.7159,2
2026-03-11T03:46:00,0.7163,0.7163,0.7163,0.7163,2
2026-03-11T03:57:00,0.7164,0.7165,0.7164,0.7165,4
2026-03-11T03:58:00,0.7165,0.7167,0.7165,0.7167,19
2026-03-11T03:59:00,0.7167,0.7167,0.7167,0.7167,1
2026-03-11T04:00:00,0.7166,0.7167,0.7166,0.7167,7
2026-03-11T04:01:00,0.7166,0.7167,0.7164,0.7164,6
2026-03-11T04:03:00,0.7163,0.7163,0.7163,0.7163,5
2026-03-11T04:05:00,0.7165,0.7165,0.7165,0.7165,4
2026-03-11T04:06:00,0.7165,0.7165,0.7165,0.7165,1
2026-03-11T04:07:00,0.7165,0.7165,0.7165,0.7165,1
2026-03-11T04:09:00,0.7165,0.7167,0.7165,0.7167,6
2026-03-11T04:11:00,0.7166,0.7166,0.7166,0.7166,1
2026-03-11T04:13:00,0.7166,0.7167,0.7166,0.7167,10
2026-03-11T04:14:00,0.7169,0.7173,0.7169,0.7173,9
2026-03-11T04:15:00,0.717,0.7172,0.717,0.7172,6
2026-03-11T04:16:00,0.7169,0.7169,0.7167,0.7167,6
2026-03-11T04:19:00,0.7168,0.7168,0.7168,0.7168,1
2026-03-11T04:20:00,0.7171,0.7172,0.7171,0.7172,5
2026-03-11T04:24:00,0.717,0.717,0.717,0.717,1
2026-03-11T04:26:00,0.7172,0.7172,0.7172,0.7172,1
2026-03-11T04:32:00,0.717,0.717,0.717,0.717,10
2026-03-11T04:34:00,0.7172,0.7172,0.7172,0.7172,1
2026-03-11T04:35:00,0.7172,0.7172,0.7172,0.7172,9
2026-03-11T04:36:00,0.7173,0.7173,0.7173,0.7173,2
2026-03-11T04:37:00,0.7173,0.7173,0.7173,0.7173,1
2026-03-11T04:41:00,0.7171,0.7171,0.717,0.717,4
2026-03-11T04:46:00,0.717,0.717,0.717,0.717,1
2026-03-11T04:47:00,0.7171,0.7173,0.7171,0.7173,3
2026-03-11T04:48:00,0.7173,0.7175,0.7173,0.7175,6
2026-03-11T04:49:00,0.7172,0.7172,0.7172,0.7172,3
2026-03-11T04:50:00,0.7175,0.7177,0.7175,0.7177,6
2026-03-11T04:51:00,0.7175,0.7175,0.7175,0.7175,22
2026-03-11T04:52:00,0.7174,0.7177,0.7172,0.7177,11
2026-03-11T04:53:00,0.7172,0.7172,0.7172,0.7172,1
2026-03-11T04:55:00,0.7174,0.7174,0.7174,0.7174,2
2026-03-11T04:57:00,0.7173,0.7173,0.7173,0.7173,2
2026-03-11T05:02:00,0.7176,0.7177,0.7176,0.7177,20
2026-03-11T05:03:00,0.7174,0.7174,0.7173,0.7173,7
2026-03-11T05:06:00,0.7175,0.7175,0.7175,0.7175,4
2026-03-11T05:07:00,0.7174,0.7176,0.7174,0.7176,7
2026-03-11T05:09:00,0.7172,0.7172,0.7172,0.7172,2
2026-03-11T05:10:00,0.7172,0.7172,0.7172,0.7172,1
2026-03-11T05:13:00,0.7172,0.7172,0.717,0.717,3
2026-03-11T05:15:00,0.7169,0.7169,0.7169,0.7169,1
2026-03-11T05:16:00,0.7169,0.7169,0.7169,0.7169,1
2026-03-11T05:18:00,0.7168,0.7168,0.7168,0.7168,2
2026-03-11T05:19:00,0.7167,0.7167,0.7167,0.7167,1
2026-03-11T05:21:00,0.7166,0.7166,0.7165,0.7165,28
2026-03-11T05:22:00,0.7164,0.7164,0.7164,0.7164,4
2026-03-11T05:23:00,0.7165,0.7167,0.7164,0.7167,7
2026-03-11T05:28:00,0.7167,0.7167,0.7167,0.7167,1
2026-03-11T05:29:00,0.7168,0.7168,0.7167,0.7167,7
2026-03-11T05:30:00,0.7166,0.7166,0.7165,0.7165,5
2026-03-11T05:31:00,0.7167,0.7167,0.7167,0.7167,3
2026-03-11T05:32:00,0.7167,0.7167,0.7167,0.7167,2
2026-03-11T05:38:00,0.7165,0.7165,0.7165,0.7165,1
2026-03-11T05:39:00,0.7163,0.7163,0.7163,0.7163,1
2026-03-11T05:40:00,0.7163,0.7163,0.7163,0.7163,3
2026-03-11T05:42:00,0.7164,0.7164,0.7164,0.7164,1
2026-03-11T05:44:00,0.7162,0.7162,0.7162,0.7162,1
2026-03-11T05:45:00,0.716,0.716,0.7159,0.716,3
2026-03-11T05:46:00,0.7159,0.7159,0.7159,0.7159,1
2026-03-11T05:50:00,0.716,0.7161,0.7159,0.7161,4
2026-03-11T05:54:00,0.7162,0.7162,0.7162,0.7162,3
2026-03-11T05:57:00,0.7164,0.7164,0.7164,0.7164,1
2026-03-11T06:00:00,0.7167,0.7167,0.7167,0.7167,1
2026-03-11T06:02:00,0.7166,0.7168,0.7166,0.7168,6
2026-03-11T06:04:00,0.7165,0.7165,0.7164,0.7164,2
2026-03-11T06:11:00,0.7165,0.7165,0.7165,0.7165,1
2026-03-11T06:13:00,0.7165,0.7165,0.7165,0.7165,1
2026-03-11T06:14:00,0.7169,0.7169,0.7169,0.7169,1
2026-03-11T06:15:00,0.7168,0.7168,0.7167,0.7167,2
2026-03-11T06:16:00,0.7168,0.7168,0.7168,0.7168,1
2026-03-11T06:18:00,0.7165,0.7165,0.7165,0.7165,1
2026-03-11T06:20:00,0.7165,0.7165,0.7165,0.7165,1
2026-03-11T06:25:00,0.7163,0.7163,0.7162,0.7162,5
2026-03-11T06:27:00,0.7162,0.7162,0.716,0.716,8
2026-03-11T06:33:00,0.7167,0.7169,0.7167,0.7169,6
2026-03-11T06:35:00,0.7169,0.7169,0.7169,0.7169,1
2026-03-11T06:37:00,0.7171,0.7173,0.7171,0.7173,7
2026-03-11T06:40:00,0.717,0.717,0.717,0.717,1
2026-03-11T06:41:00,0.717,0.717,0.717,0.717,1
2026-03-11T06:43:00,0.7169,0.7171,0.7169,0.7171,12
2026-03-11T06:44:00,0.7171,0.7171,0.7168,0.7168,6
2026-03-11T06:45:00,0.7168,0.7168,0.7168,0.7168,2
2026-03-11T06:46:00,0.7168,0.7168,0.7167,0.7167,3
2026-03-11T06:48:00,0.7164,0.7164,0.7163,0.7163,2
2026-03-11T06:51:00,0.7163,0.7164,0.7163,0.7164,2
2026-03-11T07:00:00,0.7166,0.7166,0.7166,0.7166,1
2026-03-11T07:02:00,0.7165,0.7165,0.7165,0.7165,1
2026-03-11T07:03:00,0.7165,0.7165,0.7165,0.7165,1
2026-03-11T07:05:00,0.7162,0.7162,0.7162,0.7162,1
2026-03-11T07:06:00,0.7163,0.7163,0.7163,0.7163,50
2026-03-11T07:10:00,0.717,0.7173,0.717,0.7173,6
2026-03-11T07:11:00,0.7172,0.7172,0.7172,0.7172,1
2026-03-11T07:12:00,0.7172,0.7172,0.7172,0.7172,1
2026-03-11T07:13:00,0.7169,0.7169,0.7169,0.7169,7
2026-03-11T07:15:00,0.717,0.717,0.717,0.717,7
2026-03-11T07:18:00,0.7166,0.7166,0.7166,0.7166,1
2026-03-11T07:22:00,0.7162,0.7162,0.7161,0.7161,8
2026-03-11T07:24:00,0.7161,0.7161,0.7159,0.7159,4
2026-03-11T07:25:00,0.716,0.716,0.716,0.716,1
2026-03-11T07:26:00,0.716,0.716,0.716,0.716,2
2026-03-11T07:27:00,0.7159,0.7159,0.7159,0.7159,1
2026-03-11T07:29:00,0.7161,0.7161,0.7161,0.7161,3
2026-03-11T07:30:00,0.7161,0.7161,0.716,0.716,2
2026-03-11T07:32:00,0.7158,0.7158,0.7155,0.7157,27
2026-03-11T07:33:00,0.7156,0.7156,0.7156,0.7156,1
2026-03-11T07:35:00,0.7154,0.7154,0.7154,0.7154,7
2026-03-11T07:36:00,0.7156,0.7158,0.7156,0.7158,2
2026-03-11T07:38:00,0.7152,0.7152,0.7149,0.7149,7
2026-03-11T07:39:00,0.7148,0.7148,0.7148,0.7148,1
2026-03-11T07:41:00,0.7151,0.7151,0.7151,0.7151,3
2026-03-11T07:43:00,0.715,0.715,0.715,0.715,1
2026-03-11T07:46:00,0.7152,0.7152,0.7152,0.7152,1
2026-03-11T07:48:00,0.7153,0.7153,0.7153,0.7153,10
2026-03-11T07:49:00,0.7155,0.7155,0.7155,0.7155,1
2026-03-11T07:55:00,0.7155,0.7155,0.7155,0.7155,2
2026-03-11T07:56:00,0.7153,0.7153,0.7153,0.7153,1
2026-03-11T07:57:00,0.7153,0.7153,0.7153,0.7153,1
2026-03-11T07:59:00,0.7154,0.7156,0.7154,0.7156,4
2026-03-11T08:00:00,0.7156,0.7156,0.7156,0.7156,2
2026-03-11T08:05:00,0.7158,0.716,0.7158,0.716,6
2026-03-11T08:07:00,0.7156,0.7156,0.7156,0.7156,1
2026-03-11T08:08:00,0.7154,0.7154,0.7154,0.7154,1
2026-03-11T08:12:00,0.7162,0.7163,0.7162,0.7163,3
2026-03-11T08:16:00,0.7165,0.7165,0.7165,0.7165,1
2026-03-11T08:25:00,0.7162,0.7162,0.7162,0.7162,3
2026-03-11T08:30:00,0.7158,0.7158,0.7158,0.7158,1
2026-03-11T08:37:00,0.7155,0.7155,0.7155,0.7155,3
2026-03-11T08:38:00,0.7154,0.7154,0.7154,0.7154,5
2026-03-11T08:39:00,0.7152,0.7152,0.715,0.715,2
2026-03-11T08:42:00,0.715,0.715,0.715,0.715,1
2026-03-11T08:45:00,0.7149,0.7149,0.7149,0.7149,7
2026-03-11T08:46:00,0.715,0.715,0.715,0.715,1
2026-03-11T08:47:00,0.715,0.715,0.715,0.715,1
2026-03-11T08:49:00,0.7146,0.7147,0.7146,0.7147,6
2026-03-11T08:52:00,0.7148,0.7148,0.7148,0.7148,1
2026-03-11T08:53:00,0.7146,0.7146,0.7146,0.7146,1
2026-03-11T08:56:00,0.715,0.715,0.715,0.715,2
2026-03-11T08:57:00,0.7154,0.7154,0.7154,0.7154,5
2026-03-11T08:58:00,0.7156,0.7157,0.7154,0.7156,7
2026-03-11T09:01:00,0.7147,0.7147,0.7146,0.7146,3
2026-03-11T09:03:00,0.7147,0.7147,0.7147,0.7147,1
2026-03-11T09:04:00,0.7145,0.7145,0.7145,0.7145,2
2026-03-11T09:05:00,0.7146,0.7146,0.7146,0.7146,1
2026-03-11T09:08:00,0.7147,0.7147,0.7147,0.7147,3
2026-03-11T09:09:00,0.715,0.715,0.715,0.715,9
2026-03-11T09:10:00,0.7151,0.7151,0.7151,0.7151,2
2026-03-11T09:15:00,0.715,0.715,0.715,0.715,4
2026-03-11T09:19:00,0.7149,0.7149,0.7149,0.7149,1
2026-03-11T09:20:00,0.715,0.715,0.715,0.715,1
2026-03-11T09:22:00,0.7149,0.715,0.7149,0.715,2
2026-03-11T09:24:00,0.7151,0.7151,0.7151,0.7151,1
2026-03-11T09:27:00,0.7148,0.7148,0.7148,0.7148,3
2026-03-11T09:28:00,0.7147,0.7147,0.7147,0.7147,1
2026-03-11T09:32:00,0.715,0.715,0.715,0.715,1
2026-03-11T09:33:00,0.7154,0.7154,0.7154,0.7154,1
2026-03-11T09:36:00,0.7151,0.7151,0.7151,0.7151,1
2026-03-11T09:37:00,0.7148,0.7148,0.7148,0.7148,5
2026-03-11T09:43:00,0.7143,0.7143,0.7143,0.7143,5
2026-03-11T09:45:00,0.7144,0.7144,0.7144,0.7144,2
2026-03-11T09:46:00,0.7144,0.7144,0.7143,0.7143,2
2026-03-11T09:48:00,0.7144,0.7146,0.7144,0.7146,3
2026-03-11T09:49:00,0.7145,0.7146,0.7144,0.7144,3
2026-03-11T09:50:00,0.7142,0.7142,0.7141,0.7141,3
2026-03-11T09:51:00,0.714,0.714,0.7139,0.7139,4
2026-03-11T09:52:00,0.714,0.714,0.714,0.714,1
2026-03-11T09:54:00,0.714,0.714,0.7139,0.7139,3
2026-03-11T09:56:00,0.7139,0.7139,0.7138,0.7138,15
2026-03-11T09:57:00,0.7138,0.7138,0.7138,0.7138,1
2026-03-11T10:00:00,0.7139,0.7139,0.7139,0.7139,1
2026-03-11T10:02:00,0.7142,0.7142,0.7142,0.7142,1
2026-03-11T10:03:00,0.7143,0.7144,0.7143,0.7144,4
2026-03-11T10:04:00,0.7146,0.7147,0.7146,0.7147,4
2026-03-11T10:05:00,0.7147,0.7147,0.7147,0.7147,2
2026-03-11T10:06:00,0.7148,0.7148,0.7147,0.7147,8
2026-03-11T10:07:00,0.7148,0.7148,0.7148,0.7148,1
2026-03-11T10:10:00,0.715,0.715,0.7148,0.7148,3
2026-03-11T10:11:00,0.7147,0.7148,0.7147,0.7148,4
2026-03-11T10:12:00,0.7148,0.7148,0.7148,0.7148,1
2026-03-11T10:13:00,0.7147,0.7147,0.7147,0.7147,7
2026-03-11T10:14:00,0.7148,0.715,0.7148,0.715,2
2026-03-11T10:20:00,0.715,0.715,0.715,0.715,7
2026-03-11T10:24:00,0.7148,0.7148,0.7148,0.7148,8
2026-03-11T10:27:00,0.7148,0.7148,0.7148,0.7148,1
2026-03-11T10:30:00,0.7148,0.7148,0.7148,0.7148,1
2026-03-11T10:34:00,0.7149,0.7149,0.7149,0.7149,1
2026-03-11T10:35:00,0.715,0.715,0.715,0.715,1
2026-03-11T10:37:00,0.715,0.715,0.715,0.715,2
2026-03-11T10:38:00,0.7152,0.7154,0.7152,0.7154,3
2026-03-11T10:41:00,0.7154,0.7154,0.7154,0.7154,2
2026-03-11T10:44:00,0.7155,0.7155,0.7155,0.7155,1
2026-03-11T10:45:00,0.7155,0.7155,0.7155,0.7155,2
2026-03-11T10:53:00,0.7156,0.7157,0.7155,0.7155,6
2026-03-11T10:54:00,0.7155,0.7157,0.7155,0.7157,3
2026-03-11T10:55:00,0.7157,0.7157,0.7155,0.7156,4
2026-03-11T11:02:00,0.7157,0.7158,0.7156,0.7157,4
2026-03-11T11:03:00,0.7156,0.7158,0.7156,0.7156,5
2026-03-11T11:04:00,0.7157,0.7157,0.7157,0.7157,1
2026-03-11T11:05:00,0.7154,0.7154,0.7154,0.7154,7
2026-03-11T11:06:00,0.7154,0.7154,0.7154,0.7154,1
2026-03-11T11:07:00,0.7152,0.7152,0.7152,0.7152,5
2026-03-11T11:08:00,0.7156,0.7156,0.7156,0.7156,1
2026-03-11T11:13:00,0.7155,0.7155,0.7155,0.7155,2
2026-03-11T11:15:00,0.716,0.716,0.716,0.716,1
2026-03-11T11:16:00,0.7161,0.7162,0.716,0.716,4
2026-03-11T11:17:00,0.7161,0.7162,0.716,0.716,3
2026-03-11T11:18:00,0.7159,0.7159,0.7159,0.7159,1
2026-03-11T11:20:00,0.7156,0.7156,0.7156,0.7156,1
2026-03-11T11:21:00,0.7157,0.7157,0.7157,0.7157,3
2026-03-11T11:24:00,0.7158,0.7158,0.7157,0.7157,2
2026-03-11T11:26:00,0.7158,0.7158,0.7158,0.7158,5
2026-03-11T11:31:00,0.7159,0.7159,0.7159,0.7159,1
2026-03-11T11:34:00,0.7156,0.7156,0.7156,0.7156,1
2026-03-11T11:36:00,0.7156,0.7156,0.7156,0.7156,1
2026-03-11T11:37:00,0.7157,0.7157,0.7157,0.7157,1
2026-03-11T11:45:00,0.7155,0.7155,0.7154,0.7154,2
2026-03-11T11:49:00,0.7154,0.7154,0.7153,0.7154,3
2026-03-11T11:50:00,0.7154,0.7163,0.7154,0.7156,104
2026-03-11T11:51:00,0.7154,0.7154,0.7154,0.7154,2
2026-03-11T11:52:00,0.7154,0.7154,0.7154,0.7154,1
2026-03-11T11:53:00,0.7154,0.7154,0.7154,0.7154,1
2026-03-11T11:57:00,0.7151,0.7151,0.7151,0.7151,1
2026-03-11T11:58:00,0.7151,0.7151,0.7151,0.7151,1
2026-03-11T12:00:00,0.715,0.7151,0.715,0.7151,4
2026-03-11T12:04:00,0.7151,0.7151,0.7151,0.7151,1
2026-03-11T12:05:00,0.7151,0.7151,0.7151,0.7151,1
2026-03-11T12:07:00,0.7149,0.7149,0.7148,0.7149,16
2026-03-11T12:08:00,0.7148,0.7148,0.7148,0.7148,1
2026-03-11T12:09:00,0.7148,0.7149,0.7148,0.7149,6
2026-03-11T12:10:00,0.7148,0.7148,0.7148,0.7148,1
2026-03-11T12:12:00,0.7148,0.7148,0.7148,0.7148,1
2026-03-11T12:13:00,0.7147,0.7147,0.7146,0.7146,7
2026-03-11T12:16:00,0.715,0.715,0.715,0.715,1
2026-03-11T12:17:00,0.7151,0.7152,0.7151,0.7152,2
2026-03-11T12:18:00,0.7153,0.7154,0.7153,0.7153,6
2026-03-11T12:19:00,0.7152,0.7152,0.7152,0.7152,2
2026-03-11T12:20:00,0.7152,0.7152,0.7152,0.7152,1
2026-03-11T12:24:00,0.7151,0.7151,0.715,0.715,3
2026-03-11T12:25:00,0.7151,0.7151,0.7151,0.7151,1
2026-03-11T12:26:00,0.7153,0.7153,0.7153,0.7153,1
2026-03-11T12:29:00,0.7157,0.7157,0.7157,0.7157,6
2026-03-11T12:30:00,0.7153,0.7153,0.7153,0.7153,1
2026-03-11T12:31:00,0.7154,0.7154,0.7154,0.7154,1
2026-03-11T12:32:00,0.7152,0.7152,0.7152,0.7152,1
2026-03-11T12:35:00,0.7144,0.7147,0.7144,0.7146,4
2026-03-11T12:37:00,0.7146,0.7146,0.7146,0.7146,1
2026-03-11T12:38:00,0.7148,0.7148,0.7148,0.7148,1
2026-03-11T12:39:00,0.715,0.715,0.715,0.715,1
2026-03-11T12:41:00,0.715,0.715,0.7145,0.7145,4
2026-03-11T12:42:00,0.7145,0.7145,0.7144,0.7144,4
2026-03-11T12:43:00,0.7144,0.7146,0.7144,0.7145,5
2026-03-11T12:44:00,0.7145,0.7146,0.7145,0.7146,2
2026-03-11T12:45:00,0.7143,0.7143,0.7143,0.7143,2
2026-03-11T12:47:00,0.7142,0.7142,0.7142,0.7142,7
2026-03-11T12:48:00,0.7144,0.7144,0.7144,0.7144,1
2026-03-11T12:50:00,0.7143,0.7143,0.7142,0.7142,2
2026-03-11T12:51:00,0.7139,0.7139,0.7139,0.7139,1
2026-03-11T12:52:00,0.7138,0.7138,0.7137,0.7137,2
2026-03-11T12:54:00,0.7138,0.7138,0.7138,0.7138,1
2026-03-11T12:55:00,0.7139,0.714,0.7139,0.714,2
2026-03-11T12:56:00,0.714,0.714,0.7139,0.7139,6
2026-03-11T12:59:00,0.7138,0.7138,0.7138,0.7138,2
2026-03-11T13:00:00,0.714,0.714,0.714,0.714,2
2026-03-11T13:02:00,0.7144,0.7145,0.7144,0.7145,2
2026-03-11T13:11:00,0.7142,0.7142,0.7142,0.7142,2
2026-03-11T13:12:00,0.7144,0.7144,0.7144,0.7144,1
2026-03-11T13:18:00,0.7147,0.7147,0.7147,0.7147,1
2026-03-11T13:21:00,0.7149,0.7149,0.7149,0.7149,1
2026-03-11T13:22:00,0.715,0.715,0.715,0.715,7
2026-03-11T13:24:00,0.7152,0.7153,0.7152,0.7153,4
2026-03-11T13:26:00,0.7152,0.7152,0.7152,0.7152,25
2026-03-11T13:27:00,0.7148,0.7148,0.7148,0.7148,1
2026-03-11T13:30:00,0.7149,0.7149,0.7149,0.7149,1
2026-03-11T13:31:00,0.7145,0.7145,0.7145,0.7145,3
2026-03-11T13:34:00,0.7146,0.7146,0.7146,0.7146,1
2026-03-11T13:35:00,0.7148,0.7149,0.7147,0.7147,17
2026-03-11T13:36:00,0.7146,0.7146,0.7146,0.7146,1
2026-03-11T13:37:00,0.7146,0.7146,0.7146,0.7146,1
2026-03-11T13:40:00,0.7153,0.7153,0.7152,0.7152,2
2026-03-11T13:42:00,0.715,0.715,0.7149,0.7149,4
2026-03-11T13:43:00,0.715,0.715,0.715,0.715,2
2026-03-11T13:45:00,0.715,0.715,0.715,0.715,5
2026-03-11T13:47:00,0.7149,0.7149,0.7149,0.7149,1
2026-03-11T13:48:00,0.7146,0.7146,0.7146,0.7146,1
2026-03-11T13:50:00,0.7147,0.7147,0.7147,0.7147,1
2026-03-11T13:54:00,0.7148,0.715,0.7148,0.715,2
2026-03-11T13:55:00,0.7151,0.7151,0.7151,0.7151,2
2026-03-11T13:57:00,0.7154,0.7155,0.7154,0.7155,6
2026-03-11T13:58:00,0.7157,0.716,0.7157,0.716,9
2026-03-11T13:59:00,0.716,0.716,0.716,0.716,1
2026-03-11T14:00:00,0.716,0.7168,0.716,0.7168,19
2026-03-11T14:01:00,0.7169,0.7179,0.7169,0.7176,44
2026-03-11T14:02:00,0.7176,0.7176,0.7167,0.7167,24
2026-03-11T14:03:00,0.7166,0.7166,0.7159,0.716,16
2026-03-11T14:05:00,0.7166,0.717,0.7166,0.717,23
2026-03-11T14:06:00,0.7172,0.7172,0.717,0.717,4
2026-03-11T14:07:00,0.7166,0.7166,0.7165,0.7165,2
2026-03-11T14:08:00,0.7163,0.7163,0.7161,0.7162,4
2026-03-11T14:09:00,0.7162,0.7166,0.7161,0.7166,3
2026-03-11T14:10:00,0.7164,0.7167,0.7164,0.7167,11
2026-03-11T14:11:00,0.7163,0.7163,0.7163,0.7163,1
2026-03-11T14:12:00,0.7166,0.7166,0.7166,0.7166,1
2026-03-11T14:15:00,0.7169,0.7169,0.7169,0.7169,1
2026-03-11T14:17:00,0.7165,0.7168,0.7165,0.7168,2
2026-03-11T14:18:00,0.7168,0.7171,0.7168,0.7171,2
2026-03-11T14:19:00,0.7171,0.7171,0.7171,0.7171,1
2026-03-11T14:20:00,0.7169,0.7169,0.7169,0.7169,1
2026-03-11T14:21:00,0.7171,0.7172,0.7171,0.7172,2
2026-03-11T14:22:00,0.717,0.717,0.717,0.717,5
2026-03-11T14:23:00,0.7169,0.7169,0.7169,0.7169,1
2026-03-11T14:25:00,0.7166,0.7166,0.7166,0.7166,2
2026-03-11T14:26:00,0.7165,0.7165,0.7162,0.7162,2
2026-03-11T14:27:00,0.7161,0.7161,0.7159,0.716,10
2026-03-11T14:30:00,0.7165,0.7165,0.7165,0.7165,1
2026-03-11T14:36:00,0.7169,0.7169,0.7169,0.7169,1
2026-03-11T14:38:00,0.7165,0.7165,0.7165,0.7165,1
2026-03-11T14:43:00,0.7161,0.7161,0.7161,0.7161,1
2026-03-11T14:46:00,0.7161,0.7161,0.716,0.716,5
2026-03-11T14:47:00,0.7159,0.7159,0.7159,0.7159,5
2026-03-11T14:51:00,0.717,0.7171,0.717,0.7171,12
2026-03-11T14:52:00,0.7167,0.7167,0.7165,0.7165,23
2026-03-11T14:55:00,0.7169,0.7169,0.7169,0.7169,1
2026-03-11T14:56:00,0.7169,0.7169,0.7169,0.7169,5
2026-03-11T14:57:00,0.7172,0.7174,0.7172,0.7174,4
2026-03-11T14:58:00,0.7172,0.7172,0.7172,0.7172,3
2026-03-11T14:59:00,0.7172,0.7172,0.7171,0.7171,9
2026-03-11T15:00:00,0.7172,0.7173,0.7172,0.7173,3
2026-03-11T15:01:00,0.7174,0.7174,0.7174,0.7174,5
2026-03-11T15:02:00,0.7168,0.7168,0.7165,0.7165,2
2026-03-11T15:03:00,0.7164,0.7166,0.7164,0.7165,12
2026-03-11T15:04:00,0.7166,0.7169,0.7166,0.7169,9
2026-03-11T15:05:00,0.7169,0.7169,0.7169,0.7169,1
2026-03-11T15:06:00,0.7168,0.7168,0.7167,0.7167,2
2026-03-11T15:10:00,0.7169,0.7169,0.7169,0.7169,1
2026-03-11T15:12:00,0.7165,0.7165,0.7165,0.7165,1
2026-03-11T15:13:00,0.7165,0.7168,0.7165,0.7168,2
2026-03-11T15:15:00,0.7162,0.7162,0.7162,0.7162,6
2026-03-11T15:16:00,0.7161,0.7161,0.7161,0.7161,3
2026-03-11T15:17:00,0.716,0.716,0.716,0.716,2
2026-03-11T15:21:00,0.716,0.716,0.716,0.716,1
2026-03-11T15:22:00,0.7161,0.7161,0.716,0.716,4
2026-03-11T15:23:00,0.7162,0.7164,0.7162,0.7164,3
2026-03-11T15:24:00,0.7162,0.7162,0.7162,0.7162,2
2026-03-11T15:27:00,0.7158,0.7158,0.7156,0.7156,21
2026-03-11T15:30:00,0.7157,0.7157,0.7153,0.7153,11
2026-03-11T15:31:00,0.7153,0.7153,0.7153,0.7153,1
2026-03-11T15:36:00,0.7157,0.7157,0.7157,0.7157,1
2026-03-11T15:45:00,0.7151,0.7151,0.715,0.715,3
2026-03-11T15:46:00,0.715,0.715,0.7148,0.7148,7
2026-03-11T15:47:00,0.7148,0.7148,0.7148,0.7148,5
2026-03-11T15:49:00,0.7147,0.7147,0.7146,0.7146,8
2026-03-11T15:58:00,0.7144,0.7144,0.7143,0.7143,3
2026-03-11T16:00:00,0.7142,0.7142,0.7142,0.7142,1
2026-03-11T16:01:00,0.7142,0.7142,0.7142,0.7142,1
2026-03-11T16:02:00,0.714,0.7141,0.714,0.7141,2
2026-03-11T16:03:00,0.7141,0.7141,0.7141,0.7141,5
2026-03-11T16:04:00,0.714,0.714,0.7138,0.7138,13
2026-03-11T16:05:00,0.7139,0.7139,0.7139,0.7139,2
2026-03-11T16:06:00,0.714,0.714,0.714,0.714,2
2026-03-11T16:08:00,0.7141,0.7141,0.7141,0.7141,1
2026-03-11T16:10:00,0.714,0.714,0.714,0.714,1
2026-03-11T16:11:00,0.7139,0.7142,0.7139,0.7141,12
2026-03-11T16:12:00,0.7138,0.7138,0.7138,0.7138,17
2026-03-11T16:14:00,0.7145,0.7146,0.7144,0.7144,23
2026-03-11T16:19:00,0.7143,0.7143,0.7143,0.7143,1
2026-03-11T16:22:00,0.7145,0.7145,0.7145,0.7145,1
2026-03-11T16:23:00,0.7144,0.7144,0.7142,0.7142,3
2026-03-11T16:25:00,0.7143,0.7143,0.7143,0.7143,1
2026-03-11T16:26:00,0.7142,0.7142,0.7141,0.7141,4
2026-03-11T16:27:00,0.7143,0.7144,0.7142,0.7144,3
2026-03-11T16:28:00,0.7143,0.7143,0.7143,0.7143,4
2026-03-11T16:32:00,0.715,0.7151,0.715,0.7151,3
2026-03-11T16:35:00,0.715,0.715,0.7149,0.7149,2
2026-03-11T16:37:00,0.7149,0.7149,0.7149,0.7149,1
2026-03-11T16:38:00,0.7148,0.7148,0.7148,0.7148,1
2026-03-11T16:41:00,0.7148,0.7148,0.7148,0.7148,1
2026-03-11T16:42:00,0.7148,0.7148,0.7147,0.7147,2
2026-03-11T16:46:00,0.7146,0.7147,0.7146,0.7147,10
2026-03-11T16:48:00,0.7144,0.7144,0.7144,0.7144,1
2026-03-11T16:50:00,0.7144,0.7144,0.7144,0.7144,1
2026-03-11T16:52:00,0.7144,0.7144,0.7144,0.7144,2
2026-03-11T16:59:00,0.7145,0.7145,0.7145,0.7145,1
2026-03-11T17:02:00,0.7143,0.7143,0.7143,0.7143,2
2026-03-11T17:03:00,0.7144,0.7144,0.7144,0.7144,1
2026-03-11T17:17:00,0.7146,0.7147,0.7146,0.7147,5
2026-03-11T17:27:00,0.7145,0.7145,0.7145,0.7145,1
2026-03-11T17:28:00,0.7147,0.7147,0.7147,0.7147,6
2026-03-11T17:32:00,0.7146,0.7146,0.7146,0.7146,1
2026-03-11T17:33:00,0.7147,0.7147,0.7147,0.7147,1
2026-03-11T17:37:00,0.7138,0.7138,0.7134,0.7136,9
2026-03-11T17:38:00,0.7132,0.7135,0.7131,0.7133,11
2026-03-11T17:39:00,0.7137,0.7138,0.7137,0.7137,3
2026-03-11T17:44:00,0.7136,0.7136,0.7136,0.7136,1
2026-03-11T17:46:00,0.7137,0.7137,0.7137,0.7137,1
2026-03-11T17:47:00,0.7137,0.7137,0.7137,0.7137,2
2026-03-11T17:49:00,0.7135,0.7135,0.7135,0.7135,2
2026-03-11T17:54:00,0.7139,0.7139,0.7137,0.7137,10
2026-03-11T17:55:00,0.7135,0.7135,0.7135,0.7135,1
2026-03-11T17:56:00,0.7134,0.7134,0.7134,0.7134,1
2026-03-11T17:57:00,0.7134,0.7134,0.7133,0.7133,5
2026-03-11T18:00:00,0.7137,0.7137,0.7137,0.7137,3
2026-03-11T18:09:00,0.7135,0.7135,0.7134,0.7134,2
2026-03-11T18:11:00,0.713,0.713,0.713,0.713,11
2026-03-11T18:12:00,0.713,0.713,0.713,0.713,1
2026-03-11T18:13:00,0.7133,0.7133,0.7133,0.7133,1
2026-03-11T18:18:00,0.7138,0.7138,0.7138,0.7138,6
2026-03-11T18:22:00,0.714,0.714,0.714,0.714,11
2026-03-11T18:24:00,0.714,0.714,0.7138,0.7138,3
2026-03-11T18:29:00,0.7141,0.7141,0.7141,0.7141,1
2026-03-11T18:30:00,0.7141,0.7141,0.7141,0.7141,2
2026-03-11T18:43:00,0.7141,0.7141,0.7141,0.7141,1
2026-03-11T18:46:00,0.7143,0.7143,0.7143,0.7143,1
2026-03-11T18:47:00,0.7143,0.7143,0.7143,0.7143,1
2026-03-11T18:48:00,0.7142,0.7142,0.7142,0.7142,1
2026-03-11T18:49:00,0.7141,0.7141,0.7141,0.7141,1
2026-03-11T18:51:00,0.7142,0.7143,0.7142,0.7143,86
2026-03-11T18:53:00,0.7144,0.7144,0.7142,0.7142,5
2026-03-11T18:54:00,0.7144,0.7144,0.7144,0.7144,1
2026-03-11T18:55:00,0.7145,0.7145,0.7145,0.7145,1
2026-03-11T18:58:00,0.7141,0.7141,0.7141,0.7141,1
2026-03-11T19:00:00,0.7141,0.7141,0.7141,0.7141,1
2026-03-11T19:01:00,0.714,0.714,0.714,0.714,2
2026-03-11T19:03:00,0.7138,0.7138,0.7138,0.7138,1
2026-03-11T19:04:00,0.7139,0.7139,0.7139,0.7139,1
2026-03-11T19:16:00,0.7138,0.7138,0.7138,0.7138,5
2026-03-11T19:34:00,0.7144,0.7144,0.7144,0.7144,1
2026-03-11T19:36:00,0.7145,0.7145,0.7145,0.7145,2
2026-03-11T19:40:00,0.7145,0.7145,0.7145,0.7145,1
2026-03-11T19:47:00,0.7146,0.7146,0.7146,0.7146,1
2026-03-11T19:50:00,0.7147,0.7147,0.7147,0.7147,1
2026-03-11T19:58:00,0.7147,0.7147,0.7147,0.7147,1
2026-03-11T20:00:00,0.7148,0.7148,0.7148,0.7148,1
2026-03-11T20:15:00,0.7146,0.7146,0.7146,0.7146,5
2026-03-11T20:19:00,0.7145,0.7145,0.7145,0.7145,2
2026-03-11T20:30:00,0.7144,0.7144,0.7143,0.7143,5
2026-03-11T20:35:00,0.7145,0.7145,0.7145,0.7145,1
2026-03-11T22:00:00,0.715,0.715,0.715,0.715,10
2026-03-11T22:01:00,0.7144,0.7144,0.7144,0.7144,1
2026-03-11T22:11:00,0.7137,0.7137,0.7137,0.7137,2
2026-03-11T22:16:00,0.7138,0.7138,0.7138,0.7138,1
2026-03-11T22:17:00,0.7138,0.7138,0.7138,0.7138,1
2026-03-11T22:18:00,0.7139,0.7139,0.7138,0.7138,2
2026-03-11T22:19:00,0.7137,0.7137,0.7137,0.7137,2
2026-03-11T22:20:00,0.7138,0.7138,0.7138,0.7138,4
2026-03-11T22:21:00,0.7135,0.7136,0.7135,0.7136,2
2026-03-11T22:23:00,0.7137,0.7137,0.7137,0.7137,1
2026-03-11T22:24:00,0.7136,0.7136,0.7134,0.7134,4
2026-03-11T22:26:00,0.7133,0.7133,0.7133,0.7133,3
2026-03-11T22:27:00,0.7132,0.7132,0.7132,0.7132,1
2026-03-11T22:29:00,0.7133,0.7133,0.7133,0.7133,1
2026-03-11T22:31:00,0.7134,0.7134,0.7133,0.7133,3
2026-03-11T22:32:00,0.7134,0.7134,0.7134,0.7134,1
2026-03-11T22:33:00,0.7134,0.7134,0.7134,0.7134,1
2026-03-11T22:35:00,0.7131,0.7131,0.7131,0.7131,3
2026-03-11T22:37:00,0.7132,0.7132,0.7131,0.7132,3
2026-03-11T22:39:00,0.7131,0.7131,0.7131,0.7131,1
2026-03-11T22:42:00,0.7132,0.7134,0.713,0.713,31
2026-03-11T22:43:00,0.713,0.713,0.713,0.713,2
2026-03-11T22:44:00,0.713,0.713,0.7129,0.7129,12
2026-03-11T22:47:00,0.7129,0.7129,0.7129,0.7129,3
2026-03-11T22:49:00,0.713,0.7132,0.713,0.7132,3
2026-03-11T22:50:00,0.7128,0.7128,0.7127,0.7127,7
2026-03-11T22:51:00,0.7127,0.7127,0.7126,0.7126,3
2026-03-11T22:55:00,0.7127,0.7127,0.7127,0.7127,1
2026-03-11T22:56:00,0.7127,0.7127,0.7126,0.7126,8
2026-03-11T22:57:00,0.7127,0.7127,0.7127,0.7127,3
2026-03-11T22:59:00,0.7128,0.7128,0.7128,0.7128,2
2026-03-11T23:00:00,0.7127,0.713,0.7127,0.7128,6
2026-03-11T23:01:00,0.7127,0.7127,0.7125,0.7125,2
2026-03-11T23:02:00,0.7125,0.7125,0.7125,0.7125,1
2026-03-11T23:04:00,0.7126,0.7126,0.7126,0.7126,1
2026-03-11T23:07:00,0.7126,0.7126,0.7126,0.7126,1
2026-03-11T23:08:00,0.7125,0.7125,0.7125,0.7125,6
2026-03-11T23:09:00,0.7125,0.7127,0.7123,0.7123,18
2026-03-11T23:10:00,0.7125,0.7125,0.7125,0.7125,1
2026-03-11T23:13:00,0.7125,0.7125,0.7125,0.7125,1
2026-03-11T23:21:00,0.7125,0.7125,0.7125,0.7125,1
2026-03-11T23:23:00,0.7125,0.7125,0.7123,0.7123,16
2026-03-11T23:24:00,0.7125,0.7125,0.7122,0.7122,13
2026-03-11T23:25:00,0.7124,0.7124,0.7124,0.7124,1
2026-03-11T23:26:00,0.7124,0.7125,0.7124,0.7125,6
2026-03-11T23:29:00,0.7125,0.7125,0.7125,0.7125,1
2026-03-11T23:30:00,0.7123,0.7123,0.7123,0.7123,1
2026-03-11T23:31:00,0.712,0.712,0.7118,0.7118,16
2026-03-11T23:34:00,0.712,0.712,0.712,0.712,5
2026-03-11T23:35:00,0.7121,0.7123,0.7121,0.7123,5
2026-03-11T23:36:00,0.7121,0.7121,0.7121,0.7121,1
2026-03-11T23:37:00,0.7121,0.7121,0.712,0.712,2
2026-03-11T23:39:00,0.712,0.712,0.712,0.712,1
2026-03-11T23:40:00,0.712,0.712,0.712,0.712,1
2026-03-11T23:41:00,0.7118,0.7118,0.7118,0.7118,5
2026-03-11T23:47:00,0.712,0.712,0.712,0.712,1
2026-03-11T23:48:00,0.712,0.712,0.712,0.712,1
2026-03-11T23:49:00,0.7118,0.7118,0.7118,0.7118,2
2026-03-11T23:55:00,0.712,0.7121,0.712,0.7121,14
2026-03-11T23:56:00,0.712,0.7121,0.7119,0.7119,23
2026-03-11T23:57:00,0.7121,0.7123,0.7121,0.7123,9
2026-03-11T23:58:00,0.7121,0.7121,0.712,0.712,13
2026-03-12T00:00:00,0.7121,0.7121,0.7121,0.7121,1
2026-03-12T00:01:00,0.7121,0.7121,0.712,0.7121,22
2026-03-12T00:02:00,0.7119,0.712,0.7118,0.712,3
2026-03-12T00:03:00,0.7122,0.7122,0.7122,0.7122,1
2026-03-12T00:05:00,0.7121,0.7121,0.7121,0.7121,1
2026-03-12T00:06:00,0.712,0.712,0.712,0.712,5
2026-03-12T00:07:00,0.7118,0.7118,0.7117,0.7117,7
2026-03-12T00:10:00,0.7122,0.7122,0.7122,0.7122,1
2026-03-12T00:11:00,0.7121,0.7122,0.7121,0.7122,10
2026-03-12T00:12:00,0.712,0.712,0.712,0.712,2
2026-03-12T00:13:00,0.7119,0.7119,0.7118,0.7118,7
2026-03-12T00:14:00,0.7117,0.7117,0.7116,0.7117,4
2026-03-12T00:15:00,0.7116,0.7118,0.7116,0.7118,4
2026-03-12T00:16:00,0.7118,0.7118,0.7116,0.7116,4
2026-03-12T00:17:00,0.7119,0.7119,0.7117,0.7117,5
2026-03-12T00:18:00,0.7118,0.7119,0.7118,0.7118,3
2026-03-12T00:20:00,0.7118,0.7118,0.7118,0.7118,1
2026-03-12T00:21:00,0.7118,0.7119,0.7118,0.7119,3
2026-03-12T00:24:00,0.7122,0.7122,0.7122,0.7122,3
2026-03-12T00:25:00,0.7122,0.7122,0.7122,0.7122,11
2026-03-12T00:28:00,0.7124,0.7127,0.7124,0.7126,9
2026-03-12T00:29:00,0.7127,0.7127,0.7126,0.7126,3
2026-03-12T00:30:00,0.7125,0.7125,0.7123,0.7123,14
2026-03-12T00:31:00,0.7123,0.7123,0.7123,0.7123,9
2026-03-12T00:32:00,0.7123,0.7123,0.7123,0.7123,2
2026-03-12T00:33:00,0.7123,0.7123,0.7123,0.7123,1
2026-03-12T00:34:00,0.7123,0.7123,0.7122,0.7122,20
2026-03-12T00:37:00,0.7128,0.7131,0.7128,0.7129,10
2026-03-12T00:38:00,0.713,0.7131,0.7129,0.7129,21
2026-03-12T00:39:00,0.713,0.713,0.7129,0.7129,4
2026-03-12T00:40:00,0.7131,0.7132,0.7131,0.7132,4
2026-03-12T00:41:00,0.7132,0.7133,0.713,0.713,9
2026-03-12T00:42:00,0.713,0.713,0.7128,0.7129,9
2026-03-12T00:45:00,0.713,0.713,0.713,0.713,1
2026-03-12T00:47:00,0.7133,0.7135,0.7133,0.7135,11
2026-03-12T00:48:00,0.7133,0.7133,0.7132,0.7132,3
2026-03-12T00:50:00,0.7133,0.7133,0.7133,0.7133,20
2026-03-12T00:53:00,0.7133,0.7133,0.7133,0.7133,1
2026-03-12T00:56:00,0.7135,0.7135,0.7135,0.7135,1
2026-03-12T00:57:00,0.7136,0.7137,0.7136,0.7137,2
2026-03-12T00:58:00,0.7137,0.7138,0.7137,0.7138,2
2026-03-12T01:01:00,0.7137,0.7137,0.7137,0.7137,1
2026-03-12T01:02:00,0.714,0.7141,0.714,0.714,9
2026-03-12T01:04:00,0.7135,0.7135,0.7135,0.7135,3
2026-03-12T01:05:00,0.7136,0.7136,0.7136,0.7136,16
2026-03-12T01:06:00,0.7133,0.7133,0.7133,0.7133,1
2026-03-12T01:07:00,0.7134,0.7135,0.7134,0.7135,4
2026-03-12T01:08:00,0.7134,0.7134,0.7133,0.7133,14
2026-03-12T01:09:00,0.7133,0.7133,0.7133,0.7133,1
2026-03-12T01:12:00,0.7133,0.7133,0.7133,0.7133,4
2026-03-12T01:13:00,0.7134,0.7134,0.7134,0.7134,1
2026-03-12T01:21:00,0.714,0.714,0.714,0.714,2
2026-03-12T01:22:00,0.714,0.7141,0.714,0.7141,3
2026-03-12T01:23:00,0.7142,0.7145,0.7141,0.7145,46
2026-03-12T01:24:00,0.714,0.7144,0.7139,0.7144,11
2026-03-12T01:25:00,0.7141,0.7141,0.7141,0.7141,1
2026-03-12T01:26:00,0.7143,0.7144,0.7143,0.7143,15
2026-03-12T01:28:00,0.7144,0.7144,0.7144,0.7144,7
2026-03-12T01:29:00,0.7144,0.7144,0.7144,0.7144,20
2026-03-12T01:30:00,0.7144,0.7144,0.7143,0.7143,2
2026-03-12T01:31:00,0.7143,0.7145,0.7143,0.7145,6
2026-03-12T01:34:00,0.7144,0.7144,0.7144,0.7144,2
2026-03-12T01:35:00,0.7145,0.7145,0.7145,0.7145,3
2026-03-12T01:36:00,0.7146,0.7147,0.7146,0.7147,4
2026-03-12T01:37:00,0.7147,0.7148,0.7147,0.7148,6
2026-03-12T01:38:00,0.7148,0.715,0.7148,0.715,10
2026-03-12T01:39:00,0.7151,0.7154,0.7151,0.7153,13
2026-03-12T01:40:00,0.7152,0.7154,0.7152,0.7152,12
2026-03-12T01:42:00,0.7152,0.7152,0.7152,0.7152,4
2026-03-12T01:43:00,0.7152,0.7152,0.7152,0.7152,3
2026-03-12T01:45:00,0.7147,0.7147,0.7147,0.7147,1
2026-03-12T01:50:00,0.7148,0.7148,0.7148,0.7148,2
2026-03-12T01:51:00,0.7145,0.7146,0.7143,0.7146,9
2026-03-12T01:52:00,0.7142,0.7142,0.7141,0.7141,3
2026-03-12T01:53:00,0.7143,0.7144,0.7141,0.7141,10
2026-03-12T01:54:00,0.7142,0.7143,0.7139,0.714,19
2026-03-12T01:55:00,0.714,0.714,0.714,0.714,1
2026-03-12T01:58:00,0.7141,0.7141,0.714,0.714,2
2026-03-12T01:59:00,0.7142,0.7142,0.7142,0.7142,1
2026-03-12T02:00:00,0.7144,0.7144,0.7144,0.7144,1
2026-03-12T02:01:00,0.7144,0.7144,0.7144,0.7144,1
2026-03-12T02:02:00,0.7147,0.7148,0.7147,0.7147,4
2026-03-12T02:03:00,0.7146,0.7146,0.7146,0.7146,1
2026-03-12T02:04:00,0.7147,0.7148,0.7147,0.7148,6
2026-03-12T02:05:00,0.7147,0.7147,0.7147,0.7147,1
2026-03-12T02:09:00,0.7147,0.7147,0.7145,0.7145,6
2026-03-12T02:12:00,0.7146,0.7146,0.7146,0.7146,2
2026-03-12T02:16:00,0.7145,0.7146,0.7145,0.7146,9
2026-03-12T02:17:00,0.7143,0.7143,0.7143,0.7143,1
2026-03-12T02:19:00,0.7142,0.7142,0.7142,0.7142,1
2026-03-12T02:20:00,0.714,0.714,0.714,0.714,2
2026-03-12T02:21:00,0.7142,0.7142,0.7142,0.7142,1
2026-03-12T02:23:00,0.7138,0.7138,0.7136,0.7138,43
2026-03-12T02:24:00,0.7139,0.7139,0.7139,0.7139,1
2026-03-12T02:25:00,0.7139,0.7139,0.7139,0.7139,1
2026-03-12T02:29:00,0.7135,0.7135,0.7134,0.7134,2
2026-03-12T02:32:00,0.7134,0.7136,0.7134,0.7136,3
2026-03-12T02:34:00,0.7131,0.7131,0.7129,0.7129,15
2026-03-12T02:36:00,0.7125,0.7125,0.7123,0.7123,16
2026-03-12T02:37:00,0.7125,0.7125,0.7125,0.7125,3
2026-03-12T02:38:00,0.7128,0.7128,0.7126,0.7126,5
2026-03-12T02:39:00,0.7125,0.7125,0.7125,0.7125,2
2026-03-12T02:40:00,0.7126,0.7126,0.7126,0.7126,1
2026-03-12T02:41:00,0.7128,0.7128,0.7128,0.7128,1
2026-03-12T02:42:00,0.7127,0.7128,0.7126,0.7126,4
2026-03-12T02:43:00,0.7127,0.7127,0.7127,0.7127,1
2026-03-12T02:44:00,0.7127,0.7127,0.7127,0.7127,1
2026-03-12T02:46:00,0.7126,0.7126,0.7126,0.7126,2
2026-03-12T02:47:00,0.7126,0.7128,0.7123,0.7124,9
2026-03-12T02:48:00,0.7124,0.7124,0.7124,0.7124,2
2026-03-12T02:49:00,0.7123,0.7123,0.7123,0.7123,4
2026-03-12T02:50:00,0.7123,0.7125,0.7123,0.7125,6
2026-03-12T02:51:00,0.7125,0.7125,0.7125,0.7125,1
2026-03-12T02:52:00,0.7125,0.7125,0.7125,0.7125,1
2026-03-12T02:53:00,0.7126,0.7126,0.7126,0.7126,1
2026-03-12T02:58:00,0.7128,0.7128,0.7128,0.7128,1
2026-03-12T02:59:00,0.7128,0.713,0.7127,0.7127,5
2026-03-12T03:00:00,0.7126,0.7126,0.7125,0.7125,3
2026-03-12T03:01:00,0.7126,0.7126,0.7126,0.7126,1
2026-03-12T03:02:00,0.7128,0.7128,0.7128,0.7128,1
2026-03-12T03:04:00,0.7127,0.7127,0.7126,0.7126,2
2026-03-12T03:07:00,0.7127,0.7127,0.7127,0.7127,1
2026-03-12T03:08:00,0.7125,0.7125,0.7125,0.7125,5
2026-03-12T03:09:00,0.7125,0.7125,0.7125,0.7125,1
2026-03-12T03:11:00,0.7125,0.7125,0.7125,0.7125,1
2026-03-12T03:12:00,0.7124,0.7124,0.7123,0.7123,2
2026-03-12T03:13:00,0.7122,0.7122,0.7121,0.7121,2
2026-03-12T03:14:00,0.7121,0.7121,0.7121,0.7121,1
2026-03-12T03:16:00,0.7121,0.7121,0.7121,0.7121,2
2026-03-12T03:18:00,0.7122,0.7123,0.7122,0.7123,3
2026-03-12T03:19:00,0.7124,0.7124,0.7124,0.7124,1
2026-03-12T03:23:00,0.7125,0.7125,0.7125,0.7125,1
2026-03-12T03:24:00,0.7125,0.7125,0.7125,0.7125,2
2026-03-12T03:29:00,0.7124,0.7124,0.7124,0.7124,1
2026-03-12T03:32:00,0.7125,0.7126,0.7124,0.7124,4
2026-03-12T03:33:00,0.7123,0.7123,0.7123,0.7123,1
2026-03-12T03:34:00,0.7124,0.7124,0.7123,0.7123,5
2026-03-12T03:35:00,0.7124,0.7124,0.7124,0.7124,2
2026-03-12T03:38:00,0.7122,0.7122,0.7122,0.7122,1
2026-03-12T03:40:00,0.7124,0.7124,0.7124,0.7124,1
2026-03-12T03:44:00,0.7126,0.7126,0.7126,0.7126,1
2026-03-12T03:47:00,0.7127,0.7128,0.7127,0.7127,3
2026-03-12T03:48:00,0.7126,0.7126,0.7126,0.7126,1
2026-03-12T03:52:00,0.7127,0.7127,0.7127,0.7127,1
2026-03-12T03:56:00,0.7128,0.713,0.7128,0.713,17
2026-03-12T04:00:00,0.713,0.713,0.7129,0.7129,2
2026-03-12T04:01:00,0.7127,0.7127,0.7127,0.7127,1
2026-03-12T04:02:00,0.7126,0.7126,0.7126,0.7126,1
2026-03-12T04:06:00,0.7128,0.7128,0.7128,0.7128,1
2026-03-12T04:07:00,0.7128,0.7128,0.7128,0.7128,1
2026-03-12T04:16:00,0.7127,0.7127,0.7127,0.7127,1
2026-03-12T04:21:00,0.7126,0.7126,0.7126,0.7126,1
2026-03-12T04:22:00,0.7125,0.7125,0.7125,0.7125,3
2026-03-12T04:23:00,0.7124,0.7124,0.7124,0.7124,2
2026-03-12T04:25:00,0.7123,0.7123,0.7123,0.7123,2
2026-03-12T04:26:00,0.7123,0.7123,0.7123,0.7123,3
2026-03-12T04:27:00,0.7124,0.7124,0.7124,0.7124,2
2026-03-12T04:31:00,0.7122,0.7122,0.7122,0.7122,10
2026-03-12T04:32:00,0.7121,0.7121,0.7121,0.7121,1
2026-03-12T04:33:00,0.712,0.712,0.712,0.712,2
2026-03-12T04:34:00,0.7119,0.7119,0.7119,0.7119,1
2026-03-12T04:35:00,0.7117,0.7119,0.7117,0.7118,11
2026-03-12T04:37:00,0.7118,0.7118,0.7117,0.7117,3
2026-03-12T04:40:00,0.7118,0.7118,0.7118,0.7118,1
2026-03-12T04:41:00,0.7118,0.7118,0.7117,0.7117,3
2026-03-12T04:43:00,0.7118,0.7118,0.7118,0.7118,1
2026-03-12T04:44:00,0.7119,0.7119,0.7119,0.7119,1
2026-03-12T04:49:00,0.7117,0.7117,0.7117,0.7117,1
2026-03-12T04:52:00,0.7118,0.7118,0.7118,0.7118,2
2026-03-12T04:53:00,0.7117,0.7117,0.7117,0.7117,10
2026-03-12T04:58:00,0.7117,0.7117,0.7117,0.7117,1
2026-03-12T04:59:00,0.7116,0.7116,0.7116,0.7116,13
2026-03-12T05:00:00,0.7116,0.7116,0.7116,0.7116,1
2026-03-12T05:02:00,0.7122,0.7122,0.7122,0.7122,1
2026-03-12T05:03:00,0.7123,0.7125,0.7123,0.7124,9
2026-03-12T05:04:00,0.7123,0.7123,0.7123,0.7123,2
2026-03-12T05:05:00,0.7123,0.7123,0.7123,0.7123,1
2026-03-12T05:07:00,0.712,0.712,0.712,0.712,1
2026-03-12T05:08:00,0.7121,0.7121,0.7121,0.7121,1
2026-03-12T05:09:00,0.7124,0.7124,0.7124,0.7124,1
2026-03-12T05:10:00,0.7124,0.7124,0.7124,0.7124,6
2026-03-12T05:11:00,0.7124,0.7124,0.7124,0.7124,1
2026-03-12T05:13:00,0.7116,0.7116,0.7114,0.7115,17
2026-03-12T05:14:00,0.7115,0.7115,0.7115,0.7115,1
2026-03-12T05:15:00,0.7117,0.7117,0.7117,0.7117,2
2026-03-12T05:16:00,0.7116,0.7116,0.7116,0.7116,1
2026-03-12T05:18:00,0.7117,0.7117,0.7117,0.7117,1
2026-03-12T05:19:00,0.7116,0.7116,0.7113,0.7114,19
2026-03-12T05:21:00,0.7114,0.7114,0.7113,0.7113,4
2026-03-12T05:23:00,0.7113,0.7113,0.7113,0.7113,1
2026-03-12T05:26:00,0.7115,0.7117,0.7115,0.7117,2
2026-03-12T05:28:00,0.7117,0.7117,0.7116,0.7116,2
2026-03-12T05:29:00,0.7117,0.7117,0.7117,0.7117,1
2026-03-12T05:30:00,0.7118,0.7118,0.7118,0.7118,1
2026-03-12T05:32:00,0.7119,0.7119,0.7119,0.7119,1
2026-03-12T05:33:00,0.7118,0.7118,0.7118,0.7118,1
2026-03-12T05:36:00,0.7118,0.7118,0.7118,0.7118,5
2026-03-12T05:45:00,0.712,0.712,0.712,0.712,1
2026-03-12T05:49:00,0.7117,0.7118,0.7114,0.7117,8
2026-03-12T05:50:00,0.7116,0.7116,0.7114,0.7114,2
2026-03-12T05:51:00,0.7113,0.7113,0.7112,0.7112,9
2026-03-12T05:52:00,0.7114,0.7116,0.7114,0.7116,3
2026-03-12T05:53:00,0.7114,0.7114,0.7114,0.7114,1
2026-03-12T05:54:00,0.7115,0.7115,0.7115,0.7115,1
2026-03-12T05:55:00,0.7114,0.7114,0.7113,0.7113,3
2026-03-12T06:01:00,0.7115,0.7115,0.7114,0.7114,2
2026-03-12T06:03:00,0.7115,0.7115,0.7115,0.7115,1
2026-03-12T06:04:00,0.7114,0.7114,0.7114,0.7114,2
2026-03-12T06:06:00,0.7114,0.7115,0.7114,0.7114,3
2026-03-12T06:07:00,0.7114,0.7116,0.7114,0.7116,2
2026-03-12T06:08:00,0.7114,0.7114,0.7114,0.7114,1
2026-03-12T06:09:00,0.7113,0.7113,0.711,0.7111,27
2026-03-12T06:10:00,0.7108,0.7109,0.7104,0.7106,64
2026-03-12T06:11:00,0.7108,0.7109,0.7107,0.7107,9
2026-03-12T06:12:00,0.7106,0.7106,0.7106,0.7106,2
2026-03-12T06:14:00,0.7106,0.7106,0.7106,0.7106,2
2026-03-12T06:15:00,0.7109,0.7109,0.7109,0.7109,1
2026-03-12T06:17:00,0.7111,0.7111,0.7111,0.7111,2
2026-03-12T06:18:00,0.711,0.711,0.7109,0.7109,5
2026-03-12T06:19:00,0.7109,0.711,0.7109,0.711,2
2026-03-12T06:22:00,0.711,0.711,0.711,0.711,2
2026-03-12T06:24:00,0.7114,0.7114,0.7113,0.7113,2
2026-03-12T06:27:00,0.7114,0.7114,0.7114,0.7114,8
2026-03-12T06:29:00,0.7115,0.7115,0.7115,0.7115,1
2026-03-12T06:32:00,0.7119,0.712,0.7119,0.712,8
2026-03-12T06:34:00,0.712,0.712,0.712,0.712,1
2026-03-12T06:35:00,0.712,0.712,0.712,0.712,1
2026-03-12T06:38:00,0.712,0.712,0.712,0.712,1
2026-03-12T06:39:00,0.712,0.712,0.712,0.712,4
2026-03-12T06:42:00,0.712,0.7121,0.712,0.7121,2
2026-03-12T06:43:00,0.712,0.7122,0.712,0.7122,3
2026-03-12T06:44:00,0.712,0.712,0.712,0.712,1
2026-03-12T06:45:00,0.712,0.712,0.712,0.712,1
2026-03-12T06:46:00,0.712,0.712,0.712,0.712,2
2026-03-12T06:48:00,0.7122,0.7123,0.7121,0.7121,10
2026-03-12T06:49:00,0.712,0.7122,0.712,0.712,11
2026-03-12T06:50:00,0.712,0.7121,0.7119,0.7119,5
2026-03-12T06:51:00,0.7118,0.7118,0.7118,0.7118,2
2026-03-12T06:53:00,0.7117,0.7117,0.7114,0.7114,10
2026-03-12T06:54:00,0.7118,0.7118,0.7118,0.7118,8
2026-03-12T06:56:00,0.7118,0.7118,0.7118,0.7118,2
2026-03-12T07:00:00,0.7118,0.7119,0.7118,0.7119,2
2026-03-12T07:01:00,0.7118,0.7119,0.7118,0.7119,2
2026-03-12T07:02:00,0.7118,0.7118,0.7118,0.7118,1
2026-03-12T07:07:00,0.712,0.7121,0.712,0.7121,7
2026-03-12T07:08:00,0.7121,0.7122,0.7119,0.7119,12
2026-03-12T07:09:00,0.7118,0.7118,0.7118,0.7118,1
2026-03-12T07:11:00,0.7117,0.7118,0.7117,0.7118,2
2026-03-12T07:16:00,0.7118,0.7118,0.7118,0.7118,1
2026-03-12T07:27:00,0.7124,0.7124,0.7124,0.7124,2
2026-03-12T07:28:00,0.7123,0.7123,0.7123,0.7123,1
2026-03-12T07:29:00,0.7124,0.7124,0.7124,0.7124,1
2026-03-12T07:31:00,0.7121,0.7121,0.712,0.712,2
2026-03-12T07:32:00,0.7119,0.7119,0.7119,0.7119,1
2026-03-12T07:39:00,0.7119,0.7119,0.7118,0.7118,4
2026-03-12T07:42:00,0.712,0.712,0.712,0.712,1
2026-03-12T07:43:00,0.7121,0.7121,0.7121,0.7121,2
2026-03-12T07:44:00,0.7123,0.7123,0.7123,0.7123,4
2026-03-12T07:45:00,0.7123,0.7124,0.7123,0.7124,4
2026-03-12T07:46:00,0.7124,0.7127,0.7124,0.7127,22
2026-03-12T07:56:00,0.7128,0.713,0.7128,0.713,6
2026-03-12T08:00:00,0.713,0.713,0.713,0.713,7
2026-03-12T08:02:00,0.7132,0.7132,0.7132,0.7132,1
2026-03-12T08:03:00,0.7133,0.7134,0.7131,0.7133,14
2026-03-12T08:04:00,0.7133,0.7133,0.7133,0.7133,2
2026-03-12T08:05:00,0.7134,0.7135,0.7134,0.7135,5
2026-03-12T08:06:00,0.7136,0.7136,0.7136,0.7136,2
2026-03-12T08:07:00,0.7136,0.7136,0.7135,0.7135,5
2026-03-12T08:10:00,0.7136,0.7136,0.7136,0.7136,1
2026-03-12T08:11:00,0.7136,0.7136,0.7136,0.7136,1
2026-03-12T08:14:00,0.7135,0.7135,0.7135,0.7135,1
2026-03-12T08:15:00,0.7134,0.7134,0.7134,0.7134,1
2026-03-12T08:16:00,0.7133,0.7133,0.7133,0.7133,5
2026-03-12T08:17:00,0.7132,0.7132,0.7131,0.7132,3
2026-03-12T08:21:00,0.7128,0.7128,0.7128,0.7128,1
2026-03-12T08:22:00,0.7128,0.7128,0.7128,0.7128,3
2026-03-12T08:25:00,0.7128,0.7128,0.7126,0.7126,9
2026-03-12T08:26:00,0.7129,0.7129,0.7129,0.7129,1
2026-03-12T08:27:00,0.713,0.713,0.713,0.713,1
2026-03-12T08:34:00,0.7128,0.7128,0.7128,0.7128,1
2026-03-12T08:36:00,0.7129,0.713,0.7129,0.713,2
2026-03-12T08:40:00,0.7125,0.7125,0.7125,0.7125,6
2026-03-12T08:41:00,0.7124,0.7124,0.7123,0.7124,8
2026-03-12T08:45:00,0.7128,0.7128,0.7128,0.7128,1
2026-03-12T08:48:00,0.7125,0.7126,0.7125,0.7126,4
2026-03-12T08:50:00,0.7127,0.7127,0.7127,0.7127,1
2026-03-12T08:51:00,0.7127,0.7128,0.7127,0.7128,2
2026-03-12T08:56:00,0.7124,0.7124,0.7122,0.7122,2
2026-03-12T08:57:00,0.7125,0.7125,0.7125,0.7125,8
2026-03-12T09:01:00,0.7124,0.7124,0.7124,0.7124,1
2026-03-12T09:02:00,0.7124,0.7124,0.7124,0.7124,1
2026-03-12T09:13:00,0.712,0.712,0.712,0.712,2
2026-03-12T09:14:00,0.7119,0.7119,0.7119,0.7119,5
2026-03-12T09:15:00,0.7118,0.7118,0.7117,0.7118,4
2026-03-12T09:22:00,0.7116,0.7116,0.7116,0.7116,1
2026-03-12T09:23:00,0.7118,0.7119,0.7118,0.7119,2
2026-03-12T09:25:00,0.712,0.712,0.712,0.712,2
2026-03-12T09:26:00,0.7121,0.7121,0.712,0.712,3
2026-03-12T09:27:00,0.7121,0.7121,0.7121,0.7121,1
2026-03-12T09:30:00,0.7121,0.7121,0.7121,0.7121,1
2026-03-12T09:32:00,0.7122,0.7122,0.7122,0.7122,1
2026-03-12T09:33:00,0.7122,0.7122,0.7122,0.7122,1
2026-03-12T09:34:00,0.7124,0.7124,0.7124,0.7124,1
2026-03-12T09:35:00,0.7125,0.7127,0.7125,0.7127,4
2026-03-12T09:37:00,0.7124,0.7124,0.7124,0.7124,1
2026-03-12T09:39:00,0.7123,0.7123,0.7123,0.7123,1
2026-03-12T09:40:00,0.7124,0.7126,0.7124,0.7126,3
2026-03-12T09:42:00,0.7128,0.7128,0.7127,0.7127,2
2026-03-12T09:43:00,0.7127,0.7127,0.7126,0.7126,2
2026-03-12T09:44:00,0.7128,0.7128,0.7128,0.7128,1
2026-03-12T09:49:00,0.7127,0.7127,0.7127,0.7127,2
2026-03-12T09:51:00,0.7129,0.7129,0.7129,0.7129,1
2026-03-12T09:52:00,0.713,0.713,0.713,0.713,1
2026-03-12T09:56:00,0.7132,0.7132,0.7132,0.7132,1
2026-03-12T10:00:00,0.713,0.713,0.713,0.713,3
2026-03-12T10:02:00,0.713,0.713,0.713,0.713,1
2026-03-12T10:03:00,0.713,0.713,0.713,0.713,1
2026-03-12T10:09:00,0.7125,0.7125,0.7125,0.7125,1
2026-03-12T10:10:00,0.7125,0.7125,0.7125,0.7125,1
2026-03-12T10:11:00,0.7124,0.7125,0.7124,0.7125,2
2026-03-12T10:12:00,0.7125,0.7125,0.7125,0.7125,1
2026-03-12T10:16:00,0.7123,0.7123,0.7123,0.7123,1
2026-03-12T10:19:00,0.7122,0.7122,0.7122,0.7122,5
2026-03-12T10:22:00,0.7121,0.7121,0.7121,0.7121,10
2026-03-12T10:27:00,0.7121,0.7122,0.7121,0.7122,2
2026-03-12T10:30:00,0.7123,0.7125,0.7123,0.7125,4
2026-03-12T10:35:00,0.7125,0.7125,0.7125,0.7125,1
2026-03-12T10:39:00,0.7127,0.7127,0.7127,0.7127,2
2026-03-12T10:41:00,0.7129,0.7129,0.7128,0.7128,3
2026-03-12T10:43:00,0.7128,0.7128,0.7127,0.7127,2
2026-03-12T10:45:00,0.7127,0.7127,0.7127,0.7127,5
2026-03-12T10:49:00,0.7129,0.7129,0.7129,0.7129,2
2026-03-12T10:51:00,0.7129,0.7129,0.7129,0.7129,1
2026-03-12T11:00:00,0.7126,0.7126,0.7126,0.7126,3
2026-03-12T11:02:00,0.7125,0.7125,0.7125,0.7125,1
2026-03-12T11:11:00,0.7129,0.7129,0.7128,0.7128,15
2026-03-12T11:12:00,0.7127,0.7128,0.7127,0.7128,3
2026-03-12T11:13:00,0.7128,0.7128,0.7128,0.7128,5
2026-03-12T11:22:00,0.7131,0.7131,0.7131,0.7131,16
2026-03-12T11:23:00,0.7131,0.7132,0.7131,0.7132,6
2026-03-12T11:24:00,0.7133,0.7133,0.7133,0.7133,6
2026-03-12T11:26:00,0.7132,0.7132,0.7132,0.7132,1
2026-03-12T11:27:00,0.713,0.713,0.713,0.713,1
2026-03-12T11:30:00,0.7135,0.7136,0.7135,0.7136,3
2026-03-12T11:31:00,0.7136,0.7137,0.7133,0.7133,6
2026-03-12T11:33:00,0.7136,0.7136,0.7136,0.7136,1
2026-03-12T11:36:00,0.7135,0.7136,0.7135,0.7136,2
2026-03-12T11:38:00,0.7136,0.7136,0.7136,0.7136,2
2026-03-12T11:40:00,0.7138,0.7139,0.7138,0.7139,5
2026-03-12T11:41:00,0.714,0.714,0.714,0.714,11
2026-03-12T11:42:00,0.7138,0.7139,0.7138,0.7139,2
2026-03-12T11:43:00,0.7139,0.7139,0.7139,0.7139,1
2026-03-12T11:44:00,0.7137,0.7137,0.7136,0.7136,5
2026-03-12T11:46:00,0.7137,0.7137,0.7137,0.7137,3
2026-03-12T11:47:00,0.7137,0.7137,0.7137,0.7137,1
2026-03-12T11:49:00,0.7136,0.7136,0.7136,0.7136,1
2026-03-12T11:50:00,0.7135,0.7135,0.7135,0.7135,4
2026-03-12T11:54:00,0.713,0.7131,0.7129,0.7131,10
2026-03-12T11:56:00,0.7129,0.7129,0.7127,0.7127,8
2026-03-12T11:57:00,0.7129,0.7129,0.7129,0.7129,2
2026-03-12T11:58:00,0.713,0.713,0.713,0.713,1
2026-03-12T12:01:00,0.7127,0.7127,0.7127,0.7127,1
2026-03-12T12:04:00,0.7125,0.7126,0.7125,0.7126,2
2026-03-12T12:06:00,0.7122,0.7122,0.7122,0.7122,1
2026-03-12T12:07:00,0.7122,0.7122,0.7122,0.7122,1
2026-03-12T12:08:00,0.7121,0.7121,0.712,0.712,4
2026-03-12T12:10:00,0.7121,0.7122,0.7121,0.7121,3
2026-03-12T12:11:00,0.7122,0.7122,0.7122,0.7122,1
2026-03-12T12:13:00,0.7125,0.7125,0.7125,0.7125,3
2026-03-12T12:17:00,0.7124,0.7124,0.7123,0.7123,2
2026-03-12T12:20:00,0.7121,0.7121,0.712,0.712,4
2026-03-12T12:21:00,0.7118,0.7118,0.7117,0.7117,3
2026-03-12T12:22:00,0.7119,0.7119,0.7119,0.7119,1
2026-03-12T12:23:00,0.712,0.712,0.712,0.712,3
2026-03-12T12:26:00,0.712,0.712,0.712,0.712,1
2026-03-12T12:29:00,0.7123,0.7123,0.7123,0.7123,1
2026-03-12T12:31:00,0.712,0.712,0.712,0.712,1
2026-03-12T12:34:00,0.712,0.712,0.712,0.712,1
2026-03-12T12:35:00,0.7119,0.7119,0.7119,0.7119,1
2026-03-12T12:37:00,0.7117,0.7117,0.7117,0.7117,1
2026-03-12T12:38:00,0.7118,0.7119,0.7118,0.7119,2
2026-03-12T12:39:00,0.7119,0.7119,0.7119,0.7119,34
2026-03-12T12:45:00,0.7122,0.7122,0.712,0.712,2
2026-03-12T12:50:00,0.7126,0.7127,0.7125,0.7125,9
2026-03-12T12:51:00,0.7125,0.7125,0.7125,0.7125,1
2026-03-12T12:56:00,0.7123,0.7123,0.7123,0.7123,1
2026-03-12T12:57:00,0.7124,0.7124,0.7124,0.7124,2
2026-03-12T13:00:00,0.7124,0.7124,0.7124,0.7124,1
2026-03-12T13:02:00,0.7125,0.7125,0.7125,0.7125,1
2026-03-12T13:08:00,0.7126,0.7127,0.7126,0.7127,2
2026-03-12T13:10:00,0.7125,0.7125,0.7124,0.7124,2
2026-03-12T13:11:00,0.7124,0.7124,0.7121,0.7121,5
2026-03-12T13:12:00,0.7122,0.7122,0.7122,0.7122,1
2026-03-12T13:13:00,0.712,0.712,0.712,0.712,2
2026-03-12T13:14:00,0.7115,0.7115,0.7115,0.7115,7
2026-03-12T13:15:00,0.7116,0.7116,0.7111,0.7111,7
2026-03-12T13:16:00,0.7113,0.7113,0.7113,0.7113,1
2026-03-12T13:17:00,0.7113,0.7113,0.7113,0.7113,2
2026-03-12T13:18:00,0.7114,0.7114,0.7113,0.7113,4
2026-03-12T13:19:00,0.7113,0.7116,0.7113,0.7114,13
2026-03-12T13:20:00,0.7111,0.7111,0.7106,0.7106,47
2026-03-12T13:21:00,0.7106,0.7106,0.7102,0.7102,54
2026-03-12T13:22:00,0.7103,0.7105,0.7101,0.7101,19
2026-03-12T13:23:00,0.7102,0.711,0.7101,0.7108,10
2026-03-12T13:24:00,0.7109,0.7109,0.7109,0.7109,1
2026-03-12T13:25:00,0.7109,0.7109,0.7109,0.7109,10
2026-03-12T13:26:00,0.711,0.711,0.711,0.711,6
2026-03-12T13:28:00,0.711,0.7111,0.711,0.7111,2
2026-03-12T13:29:00,0.7111,0.7111,0.711,0.711,2
2026-03-12T13:31:00,0.7105,0.7105,0.7103,0.7103,21
2026-03-12T13:32:00,0.7106,0.7108,0.7106,0.7108,2
2026-03-12T13:33:00,0.7107,0.7107,0.7104,0.7104,25
2026-03-12T13:36:00,0.7104,0.7104,0.7104,0.7104,4
2026-03-12T13:37:00,0.7106,0.7106,0.7105,0.7105,5
2026-03-12T13:38:00,0.7107,0.7108,0.7107,0.7108,2
2026-03-12T13:40:00,0.7106,0.7108,0.7106,0.7106,15
2026-03-12T13:41:00,0.7106,0.7106,0.7103,0.7103,2
2026-03-12T13:42:00,0.7101,0.7102,0.7101,0.7102,9
2026-03-12T13:44:00,0.7102,0.7102,0.7102,0.7102,1
2026-03-12T13:45:00,0.7101,0.7101,0.7101,0.7101,2
2026-03-12T13:46:00,0.71,0.71,0.7098,0.7098,41
2026-03-12T13:47:00,0.7098,0.7098,0.7092,0.7094,63
2026-03-12T13:48:00,0.7094,0.7094,0.7094,0.7094,1
2026-03-12T13:49:00,0.7096,0.71,0.7096,0.71,3
2026-03-12T13:50:00,0.7102,0.7104,0.7102,0.7104,7
2026-03-12T13:51:00,0.7102,0.7102,0.7102,0.7102,2
2026-03-12T13:52:00,0.7099,0.7099,0.7097,0.7097,2
2026-03-12T13:53:00,0.7097,0.7097,0.7097,0.7097,1
2026-03-12T13:54:00,0.7095,0.7096,0.7094,0.7094,15
2026-03-12T13:55:00,0.7093,0.7093,0.7092,0.7092,20
2026-03-12T13:56:00,0.709,0.7092,0.7087,0.709,51
2026-03-12T13:57:00,0.7091,0.7091,0.7088,0.7089,6
2026-03-12T13:58:00,0.7089,0.7089,0.7089,0.7089,3
2026-03-12T13:59:00,0.709,0.709,0.7089,0.7089,12
2026-03-12T14:00:00,0.709,0.709,0.709,0.709,1
2026-03-12T14:01:00,0.7092,0.7094,0.7092,0.7094,9
2026-03-12T14:02:00,0.7094,0.7094,0.7094,0.7094,8
2026-03-12T14:03:00,0.7093,0.7096,0.7093,0.7096,21
2026-03-12T14:04:00,0.7098,0.7098,0.7098,0.7098,2
2026-03-12T14:05:00,0.7095,0.7095,0.7095,0.7095,2
2026-03-12T14:06:00,0.7095,0.7095,0.7092,0.7092,7
2026-03-12T14:08:00,0.7095,0.7095,0.7094,0.7094,7
2026-03-12T14:09:00,0.7094,0.7094,0.7094,0.7094,1
2026-03-12T14:10:00,0.7093,0.7093,0.7093,0.7093,1
2026-03-12T14:13:00,0.7096,0.7096,0.7096,0.7096,5
2026-03-12T14:14:00,0.7097,0.7097,0.7097,0.7097,3
2026-03-12T14:15:00,0.7099,0.7099,0.7099,0.7099,2
2026-03-12T14:16:00,0.7095,0.7095,0.7095,0.7095,4
2026-03-12T14:17:00,0.7094,0.7094,0.7094,0.7094,1
2026-03-12T14:18:00,0.7091,0.7091,0.7088,0.7088,2
2026-03-12T14:19:00,0.7087,0.7087,0.7087,0.7087,8
2026-03-12T14:20:00,0.7087,0.7088,0.7087,0.7088,6
2026-03-12T14:21:00,0.7085,0.7086,0.7085,0.7086,3
2026-03-12T14:22:00,0.7089,0.7089,0.7089,0.7089,3
2026-03-12T14:23:00,0.7089,0.7089,0.7089,0.7089,12
2026-03-12T14:24:00,0.709,0.709,0.709,0.709,15
2026-03-12T14:25:00,0.709,0.709,0.709,0.709,1
2026-03-12T14:26:00,0.7089,0.709,0.7087,0.7087,11
2026-03-12T14:27:00,0.7089,0.7089,0.7086,0.7086,35
2026-03-12T14:28:00,0.7088,0.7088,0.7085,0.7087,20
2026-03-12T14:29:00,0.7084,0.7084,0.7083,0.7083,4
2026-03-12T14:30:00,0.7084,0.7085,0.7084,0.7085,2
2026-03-12T14:31:00,0.7086,0.7086,0.7086,0.7086,1
2026-03-12T14:32:00,0.7085,0.7087,0.7085,0.7087,4
2026-03-12T14:33:00,0.7085,0.7086,0.7083,0.7083,12
2026-03-12T14:34:00,0.7082,0.7082,0.7082,0.7082,2
2026-03-12T14:36:00,0.7088,0.7088,0.7085,0.7085,2
2026-03-12T14:38:00,0.7081,0.7081,0.708,0.708,18
2026-03-12T14:39:00,0.7082,0.7082,0.7082,0.7082,1
2026-03-12T14:40:00,0.7083,0.7083,0.7081,0.7081,12
2026-03-12T14:41:00,0.7081,0.7081,0.7079,0.7079,22
2026-03-12T14:42:00,0.708,0.7081,0.7079,0.7079,6
2026-03-12T14:43:00,0.708,0.7082,0.7079,0.7082,3
2026-03-12T14:44:00,0.7083,0.7083,0.7083,0.7083,1
2026-03-12T14:45:00,0.7087,0.7087,0.7086,0.7086,7
2026-03-12T14:46:00,0.7088,0.7098,0.7087,0.7098,24
2026-03-12T14:47:00,0.7085,0.7085,0.7085,0.7085,2
2026-03-12T14:48:00,0.7083,0.7083,0.7081,0.7081,6
2026-03-12T14:49:00,0.7077,0.7077,0.7074,0.7075,20
2026-03-12T14:50:00,0.708,0.708,0.7076,0.7076,6
2026-03-12T14:51:00,0.7081,0.7081,0.7079,0.7079,4
2026-03-12T14:52:00,0.708,0.7081,0.708,0.708,3
2026-03-12T14:55:00,0.7085,0.7086,0.7085,0.7085,9
2026-03-12T14:56:00,0.7085,0.7085,0.7084,0.7084,3
2026-03-12T14:58:00,0.7083,0.7084,0.7082,0.7083,5
2026-03-12T15:00:00,0.7083,0.7083,0.7078,0.7078,7
2026-03-12T15:01:00,0.7075,0.7075,0.7075,0.7075,6
2026-03-12T15:02:00,0.7075,0.7075,0.7072,0.7072,4
2026-03-12T15:03:00,0.7074,0.7074,0.7074,0.7074,2
2026-03-12T15:04:00,0.7076,0.7076,0.7073,0.7074,3
2026-03-12T15:05:00,0.7074,0.7074,0.7071,0.7073,9
2026-03-12T15:06:00,0.7073,0.7074,0.7073,0.7074,2
2026-03-12T15:07:00,0.7074,0.7076,0.7074,0.7074,10
2026-03-12T15:08:00,0.7076,0.7076,0.7076,0.7076,1
2026-03-12T15:09:00,0.7072,0.7072,0.707,0.707,18
2026-03-12T15:10:00,0.7072,0.7073,0.7069,0.7073,58
2026-03-12T15:11:00,0.707,0.707,0.707,0.707,1
2026-03-12T15:12:00,0.7069,0.7069,0.7067,0.7069,11
2026-03-12T15:13:00,0.7067,0.7067,0.7067,0.7067,8
2026-03-12T15:14:00,0.7068,0.707,0.7068,0.707,3
2026-03-12T15:15:00,0.7068,0.7071,0.7068,0.7068,18
2026-03-12T15:16:00,0.7068,0.7068,0.7065,0.7065,12
2026-03-12T15:19:00,0.7067,0.7067,0.7066,0.7066,2
2026-03-12T15:20:00,0.7067,0.7068,0.7067,0.7068,4
2026-03-12T15:21:00,0.7067,0.7067,0.7067,0.7067,1
2026-03-12T15:22:00,0.7067,0.7067,0.7066,0.7067,13
2026-03-12T15:23:00,0.7069,0.7069,0.7068,0.7068,14
2026-03-12T15:25:00,0.7075,0.7076,0.7075,0.7076,3
2026-03-12T15:26:00,0.7076,0.7076,0.7076,0.7076,3
2026-03-12T15:27:00,0.7076,0.7076,0.7076,0.7076,3
2026-03-12T15:28:00,0.7077,0.7079,0.7077,0.7079,8
2026-03-12T15:29:00,0.7078,0.7078,0.7076,0.7076,2
2026-03-12T15:31:00,0.7076,0.7076,0.7076,0.7076,1
2026-03-12T15:32:00,0.7076,0.7077,0.7074,0.7074,6
2026-03-12T15:34:00,0.7073,0.7073,0.7072,0.7072,2
2026-03-12T15:35:00,0.7073,0.7073,0.7072,0.7073,3
2026-03-12T15:36:00,0.7071,0.7071,0.7071,0.7071,3
2026-03-12T15:39:00,0.7077,0.7084,0.7077,0.7084,35
2026-03-12T15:40:00,0.7087,0.7087,0.708,0.708,21
2026-03-12T15:41:00,0.7081,0.7081,0.708,0.7081,5
2026-03-12T15:42:00,0.7084,0.7089,0.7084,0.7089,3
2026-03-12T15:43:00,0.7086,0.7086,0.7086,0.7086,2
2026-03-12T15:44:00,0.7089,0.7089,0.7089,0.7089,1
2026-03-12T15:47:00,0.708,0.708,0.708,0.708,1
2026-03-12T15:48:00,0.7084,0.7084,0.7084,0.7084,1
2026-03-12T15:49:00,0.7085,0.7085,0.7085,0.7085,2
2026-03-12T15:53:00,0.7083,0.7083,0.7083,0.7083,1
2026-03-12T15:55:00,0.7083,0.7083,0.7083,0.7083,1
2026-03-12T15:59:00,0.7082,0.7083,0.7081,0.7081,5
2026-03-12T16:00:00,0.7082,0.7082,0.7082,0.7082,1
2026-03-12T16:01:00,0.7081,0.7081,0.7081,0.7081,2
2026-03-12T16:02:00,0.7082,0.7082,0.7078,0.7078,7
2026-03-12T16:03:00,0.7081,0.7081,0.7081,0.7081,1
2026-03-12T16:05:00,0.7083,0.7083,0.7083,0.7083,1
2026-03-12T16:06:00,0.7078,0.7078,0.7078,0.7078,1
2026-03-12T16:07:00,0.7078,0.7078,0.7077,0.7077,7
2026-03-12T16:08:00,0.7074,0.7075,0.7074,0.7074,7
2026-03-12T16:09:00,0.7069,0.7071,0.7067,0.707,8
2026-03-12T16:11:00,0.707,0.707,0.707,0.707,2
2026-03-12T16:12:00,0.707,0.707,0.707,0.707,1
2026-03-12T16:14:00,0.7072,0.7072,0.7072,0.7072,2
2026-03-12T16:16:00,0.7081,0.7082,0.7081,0.7082,2
2026-03-12T16:18:00,0.7078,0.7078,0.7078,0.7078,1
2026-03-12T16:19:00,0.7079,0.708,0.7079,0.708,2
2026-03-12T16:20:00,0.7082,0.7085,0.7082,0.7085,9
2026-03-12T16:21:00,0.7085,0.7092,0.7085,0.7092,12
2026-03-12T16:22:00,0.7091,0.7092,0.709,0.709,4
2026-03-12T16:23:00,0.7088,0.7088,0.7087,0.7087,5
2026-03-12T16:24:00,0.7085,0.7085,0.7084,0.7084,2
2026-03-12T16:25:00,0.7085,0.7085,0.7085,0.7085,1
2026-03-12T16:26:00,0.7081,0.7081,0.7078,0.7078,10
2026-03-12T16:27:00,0.7076,0.7076,0.7076,0.7076,1
2026-03-12T16:29:00,0.7076,0.7076,0.7076,0.7076,3
2026-03-12T16:30:00,0.7075,0.7075,0.7074,0.7074,4
2026-03-12T16:38:00,0.7081,0.7083,0.7081,0.7082,5
2026-03-12T16:39:00,0.7084,0.7085,0.7084,0.7085,3
2026-03-12T16:41:00,0.7086,0.7086,0.7086,0.7086,1
2026-03-12T16:45:00,0.7088,0.7088,0.7088,0.7088,6
2026-03-12T16:46:00,0.7079,0.7079,0.7077,0.7077,4
2026-03-12T16:47:00,0.7078,0.7078,0.7078,0.7078,1
2026-03-12T16:49:00,0.7083,0.7085,0.7083,0.7085,3
2026-03-12T16:50:00,0.7085,0.7086,0.7085,0.7086,2
2026-03-12T16:51:00,0.7083,0.7083,0.7081,0.7081,3
2026-03-12T16:55:00,0.7082,0.7082,0.7082,0.7082,1
2026-03-12T16:56:00,0.708,0.708,0.708,0.708,1
2026-03-12T16:57:00,0.7079,0.7079,0.7079,0.7079,2
2026-03-12T16:58:00,0.708,0.7082,0.708,0.7082,3
2026-03-12T16:59:00,0.7082,0.7082,0.7082,0.7082,1
2026-03-12T17:00:00,0.7082,0.7082,0.7082,0.7082,1
2026-03-12T17:03:00,0.7083,0.7083,0.7083,0.7083,1
2026-03-12T17:04:00,0.7085,0.7087,0.7085,0.7087,10
2026-03-12T17:07:00,0.7087,0.7087,0.7087,0.7087,2
2026-03-12T17:08:00,0.7085,0.7085,0.7085,0.7085,1
2026-03-12T17:09:00,0.7085,0.7086,0.7085,0.7086,2
2026-03-12T17:10:00,0.7084,0.7084,0.7084,0.7084,1
2026-03-12T17:11:00,0.7084,0.7084,0.7084,0.7084,2
2026-03-12T17:12:00,0.7083,0.7083,0.7083,0.7083,1
2026-03-12T17:13:00,0.7083,0.7083,0.7083,0.7083,2
2026-03-12T17:14:00,0.708,0.708,0.708,0.708,1
2026-03-12T17:16:00,0.7078,0.7078,0.7077,0.7077,2
2026-03-12T17:20:00,0.708,0.708,0.708,0.708,1
2026-03-12T17:21:00,0.7082,0.7082,0.7082,0.7082,2
2026-03-12T17:23:00,0.7086,0.7086,0.7086,0.7086,1
2026-03-12T17:30:00,0.7082,0.7082,0.7081,0.7081,5
2026-03-12T17:31:00,0.7083,0.7083,0.7083,0.7083,3
2026-03-12T17:34:00,0.708,0.708,0.708,0.708,1
2026-03-12T17:40:00,0.7084,0.7084,0.7084,0.7084,3
2026-03-12T17:44:00,0.7082,0.7082,0.7082,0.7082,1
2026-03-12T17:45:00,0.7077,0.7077,0.7077,0.7077,2
2026-03-12T17:46:00,0.7076,0.7077,0.7075,0.7077,11
2026-03-12T17:48:00,0.7077,0.7078,0.7076,0.7076,5
2026-03-12T17:49:00,0.7075,0.7075,0.7075,0.7075,6
2026-03-12T17:50:00,0.7075,0.7077,0.7075,0.7077,2
2026-03-12T17:54:00,0.7077,0.7077,0.7077,0.7077,3
2026-03-12T18:02:00,0.7082,0.7082,0.708,0.708,3
2026-03-12T18:04:00,0.7079,0.7079,0.7079,0.7079,1
2026-03-12T18:06:00,0.7077,0.7077,0.7077,0.7077,1
2026-03-12T18:11:00,0.7079,0.7079,0.7079,0.7079,1
2026-03-12T18:12:00,0.7079,0.708,0.7077,0.7077,14
2026-03-12T18:13:00,0.7077,0.7077,0.7077,0.7077,1
2026-03-12T18:18:00,0.7078,0.7078,0.7078,0.7078,1
2026-03-12T18:20:00,0.7077,0.7077,0.7076,0.7076,2
2026-03-12T18:22:00,0.7074,0.7074,0.7073,0.7073,2
2026-03-12T18:26:00,0.7075,0.7075,0.7075,0.7075,1
2026-03-12T18:28:00,0.7073,0.7073,0.7073,0.7073,1
2026-03-12T18:30:00,0.7073,0.7074,0.7073,0.7074,2
2026-03-12T18:31:00,0.7074,0.7074,0.7074,0.7074,2
2026-03-12T18:32:00,0.7074,0.7074,0.7074,0.7074,1
2026-03-12T18:33:00,0.7075,0.7075,0.7075,0.7075,1
2026-03-12T18:38:00,0.7071,0.7071,0.7071,0.7071,2
2026-03-12T18:41:00,0.707,0.707,0.7069,0.7069,6
2026-03-12T18:42:00,0.707,0.707,0.707,0.707,1
2026-03-12T18:43:00,0.7071,0.7071,0.7071,0.7071,3
2026-03-12T18:45:00,0.7071,0.7071,0.7071,0.7071,2
2026-03-12T18:46:00,0.7071,0.7071,0.7071,0.7071,2
2026-03-12T18:47:00,0.707,0.707,0.707,0.707,1
2026-03-12T18:48:00,0.7072,0.7073,0.7072,0.7073,2
2026-03-12T18:49:00,0.707,0.707,0.707,0.707,1
2026-03-12T18:50:00,0.7071,0.7071,0.7071,0.7071,1
2026-03-12T18:51:00,0.7074,0.7074,0.7074,0.7074,1
2026-03-12T18:52:00,0.7073,0.7073,0.7073,0.7073,1
2026-03-12T18:53:00,0.7074,0.7074,0.7074,0.7074,1
2026-03-12T18:54:00,0.7073,0.7075,0.7073,0.7074,14
2026-03-12T18:55:00,0.7074,0.7074,0.7074,0.7074,1
2026-03-12T19:00:00,0.7073,0.7073,0.7072,0.7072,2
2026-03-12T19:01:00,0.7074,0.7074,0.7074,0.7074,1
2026-03-12T19:05:00,0.7074,0.7075,0.7074,0.7074,8
2026-03-12T19:17:00,0.7071,0.7071,0.7071,0.7071,1
2026-03-12T19:18:00,0.7072,0.7072,0.7072,0.7072,1
2026-03-12T19:19:00,0.7072,0.7072,0.7072,0.7072,3
2026-03-12T19:25:00,0.7072,0.7072,0.7072,0.7072,1
2026-03-12T19:31:00,0.7075,0.7076,0.7074,0.7074,4
2026-03-12T19:32:00,0.7074,0.7074,0.7073,0.7073,2
2026-03-12T19:37:00,0.7075,0.7075,0.7075,0.7075,1
2026-03-12T19:39:00,0.7076,0.7076,0.7076,0.7076,1
2026-03-12T19:40:00,0.7076,0.7076,0.7076,0.7076,1
2026-03-12T19:42:00,0.7074,0.7074,0.7074,0.7074,2
2026-03-12T19:44:00,0.7074,0.7074,0.7074,0.7074,1
2026-03-12T19:46:00,0.7073,0.7073,0.7073,0.7073,1
2026-03-12T19:50:00,0.7071,0.7071,0.7071,0.7071,2
2026-03-12T19:51:00,0.7071,0.7071,0.7071,0.7071,2
2026-03-12T19:52:00,0.7071,0.7071,0.7071,0.7071,3
2026-03-12T19:54:00,0.7071,0.7071,0.707,0.707,2
2026-03-12T19:55:00,0.7071,0.7071,0.707,0.7071,4
2026-03-12T19:57:00,0.707,0.7071,0.7068,0.7071,8
2026-03-12T19:58:00,0.707,0.7071,0.707,0.7071,4
2026-03-12T20:00:00,0.707,0.707,0.707,0.707,2
2026-03-12T20:02:00,0.707,0.707,0.707,0.707,1
2026-03-12T20:03:00,0.7071,0.7072,0.7071,0.7072,8
2026-03-12T20:04:00,0.7071,0.7071,0.7071,0.7071,1
2026-03-12T20:06:00,0.7072,0.7073,0.7072,0.7073,3
2026-03-12T20:09:00,0.7073,0.7073,0.7073,0.7073,2
2026-03-12T20:20:00,0.7071,0.7071,0.7071,0.7071,1
2026-03-12T20:25:00,0.7072,0.7072,0.7072,0.7072,2
2026-03-12T20:28:00,0.7072,0.7074,0.7072,0.7074,4
2026-03-12T20:29:00,0.7072,0.7074,0.7072,0.7074,4
2026-03-12T20:30:00,0.707,0.707,0.707,0.707,1
2026-03-12T20:36:00,0.707,0.707,0.707,0.707,2
2026-03-12T20:37:00,0.7069,0.7069,0.7069,0.7069,3
2026-03-12T20:39:00,0.707,0.707,0.707,0.707,8
2026-03-12T20:41:00,0.7069,0.7069,0.7069,0.7069,2
2026-03-12T20:42:00,0.7071,0.7072,0.7071,0.7072,2
2026-03-12T20:43:00,0.707,0.707,0.707,0.707,1
2026-03-12T20:46:00,0.7071,0.7071,0.7071,0.7071,1
2026-03-12T20:48:00,0.7071,0.7071,0.7071,0.7071,1
2026-03-12T20:50:00,0.707,0.7072,0.707,0.7072,2
2026-03-12T20:52:00,0.7071,0.7071,0.7069,0.7069,7
2026-03-12T20:53:00,0.707,0.707,0.707,0.707,1
2026-03-12T22:00:00,0.7074,0.7074,0.7066,0.7066,35
2026-03-12T22:01:00,0.7066,0.7066,0.7066,0.7066,4
2026-03-12T22:02:00,0.7067,0.7067,0.7067,0.7067,5
2026-03-12T22:03:00,0.7066,0.7066,0.7065,0.7065,8
2026-03-12T22:04:00,0.7064,0.7064,0.7064,0.7064,3
2026-03-12T22:05:00,0.7065,0.7065,0.7064,0.7065,10
2026-03-12T22:06:00,0.7064,0.7065,0.7064,0.7065,29
2026-03-12T22:07:00,0.7064,0.7064,0.7064,0.7064,2
2026-03-12T22:08:00,0.7065,0.7065,0.7064,0.7064,6
2026-03-12T22:09:00,0.7065,0.7065,0.7065,0.7065,17
2026-03-12T22:10:00,0.7065,0.7066,0.7065,0.7065,7
2026-03-12T22:11:00,0.7066,0.7066,0.7066,0.7066,3
2026-03-12T22:12:00,0.7066,0.7066,0.7066,0.7066,1
2026-03-12T22:13:00,0.7066,0.7066,0.7066,0.7066,3
2026-03-12T22:15:00,0.7066,0.7066,0.7066,0.7066,1
2026-03-12T22:17:00,0.7066,0.7066,0.7066,0.7066,13
2026-03-12T22:20:00,0.7066,0.7066,0.7066,0.7066,17
2026-03-12T22:25:00,0.7066,0.7067,0.7066,0.7067,2
2026-03-12T22:27:00,0.7066,0.7066,0.7066,0.7066,1
2026-03-12T22:28:00,0.7066,0.7067,0.7066,0.7067,5
2026-03-12T22:29:00,0.7068,0.7068,0.7068,0.7068,1
2026-03-12T22:30:00,0.7068,0.7069,0.7068,0.7069,36
2026-03-12T22:31:00,0.7069,0.707,0.7069,0.707,14
2026-03-12T22:32:00,0.7069,0.7071,0.7069,0.7071,3
2026-03-12T22:33:00,0.7071,0.7071,0.7071,0.7071,4
2026-03-12T22:34:00,0.7071,0.7071,0.707,0.707,4
2026-03-12T22:35:00,0.707,0.707,0.707,0.707,1
2026-03-12T22:36:00,0.7071,0.7071,0.7071,0.7071,22
2026-03-12T22:37:00,0.7072,0.7073,0.7072,0.7072,9
2026-03-12T22:38:00,0.7072,0.7072,0.7071,0.7071,13
2026-03-12T22:39:00,0.7071,0.7071,0.7071,0.7071,3
2026-03-12T22:42:00,0.7072,0.7072,0.7072,0.7072,12
2026-03-12T22:43:00,0.7072,0.7072,0.7072,0.7072,4
2026-03-12T22:44:00,0.7072,0.7072,0.7072,0.7072,1
2026-03-12T22:45:00,0.7071,0.7071,0.7071,0.7071,3
2026-03-12T22:46:00,0.7071,0.7071,0.7071,0.7071,1
2026-03-12T22:48:00,0.7071,0.7071,0.7071,0.7071,5
2026-03-12T22:49:00,0.707,0.7071,0.707,0.7071,15
2026-03-12T22:50:00,0.7071,0.7071,0.7071,0.7071,1
2026-03-12T22:52:00,0.7071,0.7071,0.7071,0.7071,1
2026-03-12T22:53:00,0.7072,0.7072,0.7072,0.7072,1
2026-03-12T22:55:00,0.7071,0.7071,0.7071,0.7071,1
2026-03-12T22:57:00,0.7071,0.7071,0.7071,0.7071,1
2026-03-12T22:58:00,0.7071,0.7071,0.7071,0.7071,19
2026-03-12T23:00:00,0.7072,0.7072,0.7072,0.7072,15
2026-03-12T23:01:00,0.707,0.707,0.707,0.707,7
2026-03-12T23:03:00,0.7071,0.7071,0.7071,0.7071,14
2026-03-12T23:04:00,0.7072,0.7072,0.7072,0.7072,3
2026-03-12T23:05:00,0.7072,0.7072,0.7072,0.7072,8
2026-03-12T23:06:00,0.7072,0.7073,0.7072,0.7072,4
2026-03-12T23:07:00,0.7072,0.7072,0.7072,0.7072,2
2026-03-12T23:08:00,0.7072,0.7072,0.7072,0.7072,3
2026-03-12T23:09:00,0.7072,0.7072,0.7072,0.7072,4
2026-03-12T23:10:00,0.7072,0.7072,0.7072,0.7072,5
2026-03-12T23:12:00,0.7071,0.7071,0.7071,0.7071,5
2026-03-12T23:16:00,0.707,0.707,0.707,0.707,12
2026-03-12T23:17:00,0.7071,0.7071,0.7071,0.7071,1
2026-03-12T23:18:00,0.7071,0.7071,0.7071,0.7071,2
2026-03-12T23:21:00,0.7071,0.7071,0.7071,0.7071,1
2026-03-12T23:23:00,0.7069,0.7069,0.7069,0.7069,1
2026-03-12T23:25:00,0.7068,0.7068,0.7068,0.7068,1
2026-03-12T23:26:00,0.7068,0.7068,0.7068,0.7068,3
2026-03-12T23:27:00,0.7068,0.7068,0.7068,0.7068,1
2026-03-12T23:28:00,0.7069,0.7069,0.7069,0.7069,4
2026-03-12T23:29:00,0.7069,0.7069,0.7069,0.7069,3
2026-03-12T23:30:00,0.7067,0.7067,0.7067,0.7067,17
2026-03-12T23:31:00,0.7067,0.7067,0.7067,0.7067,1
2026-03-12T23:32:00,0.7067,0.7068,0.7067,0.7068,21
2026-03-12T23:33:00,0.7069,0.7069,0.7069,0.7069,1
2026-03-12T23:34:00,0.707,0.707,0.707,0.707,6
2026-03-12T23:35:00,0.7071,0.7071,0.7071,0.7071,1
2026-03-12T23:36:00,0.707,0.707,0.707,0.707,1
2026-03-12T23:37:00,0.707,0.707,0.707,0.707,1
2026-03-12T23:41:00,0.707,0.707,0.707,0.707,1
2026-03-12T23:43:00,0.7069,0.7069,0.7068,0.7068,9
2026-03-12T23:45:00,0.707,0.707,0.707,0.707,6
2026-03-12T23:46:00,0.707,0.7072,0.707,0.7072,55
2026-03-12T23:48:00,0.7072,0.7072,0.7072,0.7072,21
2026-03-12T23:51:00,0.7072,0.7072,0.7072,0.7072,3
2026-03-12T23:52:00,0.7073,0.7073,0.7072,0.7072,50
2026-03-12T23:53:00,0.7073,0.7074,0.7073,0.7073,12
2026-03-12T23:54:00,0.7072,0.7072,0.7072,0.7072,2
2026-03-12T23:55:00,0.7071,0.7071,0.707,0.707,5
2026-03-12T23:56:00,0.7072,0.7072,0.7072,0.7072,1
2026-03-12T23:57:00,0.7071,0.7071,0.7069,0.7069,11
2026-03-12T23:58:00,0.7068,0.7068,0.7068,0.7068,3
2026-03-12T23:59:00,0.7069,0.7069,0.7069,0.7069,3
2026-03-13T00:00:00,0.7068,0.7069,0.7068,0.7069,15
2026-03-13T00:02:00,0.7068,0.7068,0.7065,0.7065,22
2026-03-13T00:03:00,0.7067,0.7067,0.7067,0.7067,3
2026-03-13T00:04:00,0.7067,0.7069,0.7067,0.7068,15
2026-03-13T00:05:00,0.707,0.707,0.707,0.707,1
2026-03-13T00:06:00,0.707,0.7071,0.707,0.7071,5
2026-03-13T00:07:00,0.7073,0.7073,0.7073,0.7073,11
2026-03-13T00:08:00,0.7073,0.7073,0.7072,0.7072,6
2026-03-13T00:09:00,0.7074,0.7074,0.7074,0.7074,1
2026-03-13T00:10:00,0.7073,0.7073,0.7073,0.7073,4
2026-03-13T00:12:00,0.7073,0.7073,0.7073,0.7073,1
2026-03-13T00:13:00,0.7075,0.7075,0.7075,0.7075,7
2026-03-13T00:15:00,0.7076,0.7076,0.7076,0.7076,6
2026-03-13T00:16:00,0.7075,0.7078,0.7075,0.7078,9
2026-03-13T00:17:00,0.7078,0.7078,0.7076,0.7076,3
2026-03-13T00:18:00,0.7077,0.7077,0.7077,0.7077,2
2026-03-13T00:19:00,0.7078,0.7078,0.7076,0.7076,8
2026-03-13T00:21:00,0.7077,0.7077,0.7077,0.7077,2
2026-03-13T00:22:00,0.7077,0.7077,0.7077,0.7077,8
2026-03-13T00:24:00,0.7077,0.7077,0.7077,0.7077,3
2026-03-13T00:25:00,0.7077,0.7077,0.7077,0.7077,3
2026-03-13T00:26:00,0.7077,0.7077,0.7077,0.7077,1
2026-03-13T00:30:00,0.7077,0.7077,0.7077,0.7077,2
2026-03-13T00:32:00,0.7078,0.7079,0.7078,0.7079,3
2026-03-13T00:33:00,0.7079,0.7079,0.7079,0.7079,7
2026-03-13T00:34:00,0.7079,0.7079,0.7079,0.7079,5
2026-03-13T00:35:00,0.7079,0.7079,0.7079,0.7079,8
2026-03-13T00:36:00,0.7079,0.7079,0.7079,0.7079,3
2026-03-13T00:37:00,0.7079,0.7079,0.7079,0.7079,2
2026-03-13T00:38:00,0.7079,0.7079,0.7078,0.7078,4
2026-03-13T00:39:00,0.7078,0.7078,0.7078,0.7078,27
2026-03-13T00:40:00,0.7078,0.7078,0.7078,0.7078,2
2026-03-13T00:41:00,0.7077,0.7077,0.7077,0.7077,11
2026-03-13T00:42:00,0.7077,0.7077,0.7077,0.7077,5
2026-03-13T00:43:00,0.7076,0.7076,0.7074,0.7074,37
2026-03-13T00:44:00,0.7074,0.7074,0.7074,0.7074,1
2026-03-13T00:45:00,0.7074,0.7074,0.7074,0.7074,2
2026-03-13T00:47:00,0.7075,0.7075,0.7074,0.7074,8
2026-03-13T00:48:00,0.7077,0.7077,0.7075,0.7075,4
2026-03-13T00:49:00,0.7076,0.7076,0.7076,0.7076,2
2026-03-13T00:50:00,0.7076,0.7076,0.7076,0.7076,5
2026-03-13T00:51:00,0.7076,0.7076,0.7076,0.7076,2
2026-03-13T00:52:00,0.7076,0.7076,0.7075,0.7075,3
2026-03-13T00:53:00,0.7075,0.7075,0.7075,0.7075,1
2026-03-13T00:54:00,0.7075,0.7075,0.7075,0.7075,8
2026-03-13T00:55:00,0.7075,0.7078,0.7075,0.7078,5
2026-03-13T00:56:00,0.7079,0.7079,0.7078,0.7078,13
2026-03-13T00:57:00,0.7079,0.7079,0.7079,0.7079,1
2026-03-13T00:58:00,0.7078,0.7078,0.7077,0.7077,6
2026-03-13T00:59:00,0.7077,0.7077,0.7077,0.7077,1
2026-03-13T01:00:00,0.7077,0.7081,0.7077,0.7081,29
2026-03-13T01:01:00,0.708,0.708,0.708,0.708,2
2026-03-13T01:02:00,0.708,0.708,0.708,0.708,6
2026-03-13T01:03:00,0.708,0.708,0.708,0.708,2
2026-03-13T01:04:00,0.7081,0.7082,0.7081,0.7082,15
2026-03-13T01:05:00,0.7082,0.7083,0.7082,0.7083,5
2026-03-13T01:06:00,0.7084,0.7085,0.7084,0.7085,10
2026-03-13T01:07:00,0.7084,0.7084,0.7083,0.7084,20
2026-03-13T01:08:00,0.7083,0.7083,0.7083,0.7083,3
2026-03-13T01:09:00,0.7084,0.7084,0.7083,0.7083,3
2026-03-13T01:10:00,0.7084,0.7084,0.7084,0.7084,3
2026-03-13T01:11:00,0.7084,0.7084,0.7084,0.7084,7
2026-03-13T01:12:00,0.7083,0.7083,0.7083,0.7083,1
2026-03-13T01:14:00,0.7083,0.7083,0.7083,0.7083,3
2026-03-13T01:15:00,0.7083,0.7083,0.7082,0.7083,55
2026-03-13T01:17:00,0.7082,0.7082,0.7082,0.7082,6
2026-03-13T01:18:00,0.7082,0.7082,0.7082,0.7082,2
2026-03-13T01:19:00,0.7082,0.7082,0.7082,0.7082,3
2026-03-13T01:20:00,0.7082,0.7082,0.7082,0.7082,10
2026-03-13T01:22:00,0.7082,0.7082,0.7082,0.7082,2
2026-03-13T01:24:00,0.708,0.708,0.7079,0.7079,4
2026-03-13T01:25:00,0.7079,0.7079,0.7079,0.7079,1
2026-03-13T01:27:00,0.7081,0.7081,0.7081,0.7081,24
2026-03-13T01:28:00,0.7081,0.7081,0.7081,0.7081,4
2026-03-13T01:29:00,0.7082,0.7082,0.708,0.708,2
2026-03-13T01:30:00,0.7081,0.7082,0.7081,0.7082,5
2026-03-13T01:31:00,0.708,0.708,0.708,0.708,5
2026-03-13T01:32:00,0.7082,0.7082,0.7081,0.7081,6
2026-03-13T01:33:00,0.7081,0.7081,0.7081,0.7081,1
2026-03-13T01:34:00,0.7081,0.7081,0.7081,0.7081,7
2026-03-13T01:35:00,0.7081,0.7081,0.7081,0.7081,2
2026-03-13T01:37:00,0.7079,0.7079,0.7078,0.7078,4
2026-03-13T01:38:00,0.7077,0.7078,0.7076,0.7077,19
2026-03-13T01:40:00,0.7079,0.7079,0.7079,0.7079,1
2026-03-13T01:41:00,0.7079,0.7079,0.7079,0.7079,5
2026-03-13T01:42:00,0.7079,0.7079,0.7077,0.7078,5
2026-03-13T01:43:00,0.7077,0.7077,0.7076,0.7076,6
2026-03-13T01:44:00,0.7076,0.7076,0.7076,0.7076,7
2026-03-13T01:46:00,0.7075,0.7075,0.7074,0.7074,10
2026-03-13T01:47:00,0.7074,0.7074,0.7073,0.7073,10
2026-03-13T01:48:00,0.7073,0.7073,0.7071,0.7071,24
2026-03-13T01:49:00,0.7071,0.7072,0.7071,0.7072,7
2026-03-13T01:50:00,0.7073,0.7073,0.7072,0.7072,3
2026-03-13T01:51:00,0.7074,0.7074,0.7074,0.7074,1
2026-03-13T01:52:00,0.7074,0.7074,0.7074,0.7074,2
2026-03-13T01:54:00,0.7074,0.7074,0.7074,0.7074,3
2026-03-13T01:55:00,0.7074,0.7074,0.7074,0.7074,5
2026-03-13T01:56:00,0.7074,0.7074,0.7073,0.7073,10
2026-03-13T01:57:00,0.7072,0.7072,0.7072,0.7072,1
2026-03-13T01:59:00,0.7074,0.7074,0.7074,0.7074,1
2026-03-13T02:00:00,0.7075,0.7077,0.7075,0.7076,17
2026-03-13T02:01:00,0.7076,0.7076,0.7076,0.7076,1
2026-03-13T02:03:00,0.7077,0.7078,0.7077,0.7077,4
2026-03-13T02:04:00,0.7078,0.7078,0.7078,0.7078,3
2026-03-13T02:05:00,0.7079,0.7079,0.7079,0.7079,4
2026-03-13T02:06:00,0.708,0.708,0.708,0.708,1
2026-03-13T02:07:00,0.7081,0.7081,0.7081,0.7081,6
2026-03-13T02:08:00,0.708,0.7081,0.708,0.7081,5
2026-03-13T02:10:00,0.708,0.7081,0.708,0.7081,7
2026-03-13T02:13:00,0.7077,0.7077,0.7076,0.7076,2
2026-03-13T02:14:00,0.7075,0.7075,0.7075,0.7075,5
2026-03-13T02:15:00,0.7075,0.7076,0.7075,0.7076,12
2026-03-13T02:16:00,0.7076,0.7076,0.7076,0.7076,4
2026-03-13T02:17:00,0.7074,0.7074,0.7074,0.7074,3
2026-03-13T02:20:00,0.7075,0.7075,0.7075,0.7075,1
2026-03-13T02:21:00,0.7076,0.7076,0.7076,0.7076,1
2026-03-13T02:22:00,0.7074,0.7074,0.7074,0.7074,1
2026-03-13T02:24:00,0.7075,0.7075,0.7075,0.7075,5
2026-03-13T02:26:00,0.7076,0.7076,0.7076,0.7076,9
2026-03-13T02:27:00,0.7076,0.7076,0.7076,0.7076,1
2026-03-13T02:29:00,0.7076,0.7077,0.7076,0.7077,7
2026-03-13T02:30:00,0.7076,0.7076,0.7076,0.7076,6
2026-03-13T02:31:00,0.7077,0.7077,0.7077,0.7077,1
2026-03-13T02:32:00,0.7077,0.7077,0.7077,0.7077,4
2026-03-13T02:34:00,0.7077,0.7078,0.7077,0.7078,6
2026-03-13T02:37:00,0.7076,0.7076,0.7076,0.7076,1
2026-03-13T02:39:00,0.7074,0.7074,0.7072,0.7072,94
2026-03-13T02:40:00,0.7071,0.7072,0.7071,0.7072,6
2026-03-13T02:41:00,0.7073,0.7073,0.7073,0.7073,1
2026-03-13T02:42:00,0.7071,0.7071,0.7071,0.7071,9
2026-03-13T02:43:00,0.7069,0.7069,0.7069,0.7069,1
2026-03-13T02:45:00,0.707,0.707,0.707,0.707,3
2026-03-13T02:46:00,0.707,0.707,0.7069,0.7069,15
2026-03-13T02:47:00,0.7068,0.7068,0.7068,0.7068,1
2026-03-13T02:48:00,0.7069,0.7069,0.7068,0.7068,8
2026-03-13T02:49:00,0.7067,0.7067,0.7066,0.7066,2
2026-03-13T02:50:00,0.7066,0.7066,0.7066,0.7066,4
2026-03-13T02:51:00,0.7065,0.7065,0.7064,0.7064,3
2026-03-13T02:52:00,0.7065,0.7065,0.7065,0.7065,1
2026-03-13T02:53:00,0.7068,0.7068,0.7068,0.7068,1
2026-03-13T02:55:00,0.707,0.7071,0.707,0.7071,21
2026-03-13T02:56:00,0.7071,0.7073,0.7071,0.7073,30
2026-03-13T02:57:00,0.7073,0.7073,0.7072,0.7072,5
2026-03-13T03:00:00,0.707,0.7071,0.707,0.7071,9
2026-03-13T03:01:00,0.707,0.707,0.707,0.707,1
2026-03-13T03:02:00,0.707,0.707,0.707,0.707,7
2026-03-13T03:03:00,0.7071,0.7071,0.7071,0.7071,2
2026-03-13T03:04:00,0.7071,0.7071,0.7071,0.7071,1
2026-03-13T03:09:00,0.707,0.7071,0.707,0.7071,7
2026-03-13T03:11:00,0.707,0.707,0.7069,0.7069,10
2026-03-13T03:12:00,0.7068,0.7068,0.7068,0.7068,2
2026-03-13T03:14:00,0.7066,0.7066,0.7066,0.7066,12
2026-03-13T03:17:00,0.7067,0.7067,0.7067,0.7067,4
2026-03-13T03:18:00,0.7066,0.7066,0.7066,0.7066,19
2026-03-13T03:19:00,0.7066,0.7066,0.7066,0.7066,12
2026-03-13T03:20:00,0.7066,0.7066,0.7066,0.7066,3
2026-03-13T03:21:00,0.7066,0.7066,0.7066,0.7066,1
2026-03-13T03:22:00,0.7066,0.7066,0.7065,0.7065,2
2026-03-13T03:23:00,0.7065,0.7065,0.7065,0.7065,3
2026-03-13T03:24:00,0.7066,0.7066,0.7065,0.7065,5
2026-03-13T03:26:00,0.7064,0.7064,0.7062,0.7063,23
2026-03-13T03:27:00,0.7063,0.7063,0.7063,0.7063,1
2026-03-13T03:28:00,0.7064,0.7064,0.7064,0.7064,5
2026-03-13T03:29:00,0.7062,0.7062,0.7061,0.7062,12
2026-03-13T03:30:00,0.7062,0.7062,0.7058,0.7058,35
2026-03-13T03:31:00,0.7057,0.7057,0.7054,0.7057,53
2026-03-13T03:32:00,0.7057,0.7058,0.7057,0.7058,41
2026-03-13T03:33:00,0.7057,0.7058,0.7057,0.7058,18
2026-03-13T03:34:00,0.7059,0.706,0.7059,0.706,2
2026-03-13T03:35:00,0.706,0.706,0.7058,0.7058,8
2026-03-13T03:36:00,0.7056,0.7056,0.7054,0.7054,8
2026-03-13T03:37:00,0.7053,0.7054,0.7053,0.7054,18
2026-03-13T03:38:00,0.7055,0.7056,0.7055,0.7055,7
2026-03-13T03:39:00,0.7056,0.7056,0.7056,0.7056,6
2026-03-13T03:40:00,0.7056,0.7056,0.7056,0.7056,2
2026-03-13T03:41:00,0.7057,0.7057,0.7057,0.7057,3
2026-03-13T03:43:00,0.706,0.7061,0.706,0.7061,2
2026-03-13T03:44:00,0.706,0.7061,0.706,0.706,9
2026-03-13T03:46:00,0.7062,0.7062,0.7062,0.7062,2
2026-03-13T03:47:00,0.7063,0.7063,0.7061,0.7061,21
2026-03-13T03:48:00,0.7064,0.7064,0.7064,0.7064,3
2026-03-13T03:49:00,0.7064,0.7064,0.7064,0.7064,1
2026-03-13T03:52:00,0.7063,0.7063,0.7063,0.7063,1
2026-03-13T03:54:00,0.7062,0.7063,0.7062,0.7063,3
2026-03-13T03:55:00,0.7062,0.7062,0.7062,0.7062,5
2026-03-13T03:57:00,0.7061,0.7061,0.7061,0.7061,3
2026-03-13T03:58:00,0.7061,0.7063,0.7061,0.7062,20
2026-03-13T03:59:00,0.7063,0.7063,0.7063,0.7063,5
2026-03-13T04:00:00,0.7063,0.7064,0.7063,0.7063,9
2026-03-13T04:01:00,0.7063,0.7063,0.7063,0.7063,6
2026-03-13T04:02:00,0.7062,0.7063,0.7062,0.7063,11
2026-03-13T04:03:00,0.7063,0.7063,0.7063,0.7063,1
2026-03-13T04:06:00,0.7063,0.7063,0.7063,0.7063,1
2026-03-13T04:07:00,0.7062,0.7062,0.7062,0.7062,1
2026-03-13T04:08:00,0.7062,0.7064,0.7062,0.7064,2
2026-03-13T04:09:00,0.7063,0.7063,0.7063,0.7063,6
2026-03-13T04:10:00,0.7064,0.7064,0.7064,0.7064,1
2026-03-13T04:11:00,0.7062,0.7062,0.7062,0.7062,2
2026-03-13T04:14:00,0.7061,0.7061,0.7059,0.7061,19
2026-03-13T04:15:00,0.7061,0.7061,0.7061,0.7061,1
2026-03-13T04:17:00,0.7062,0.7062,0.7061,0.7061,2
2026-03-13T04:18:00,0.7063,0.7063,0.7061,0.7061,9
2026-03-13T04:19:00,0.7061,0.7061,0.7061,0.7061,1
2026-03-13T04:20:00,0.706,0.706,0.706,0.706,1
2026-03-13T04:21:00,0.7059,0.7059,0.7058,0.7058,7
2026-03-13T04:22:00,0.7057,0.7057,0.7057,0.7057,2
2026-03-13T04:23:00,0.7058,0.7058,0.7058,0.7058,8
2026-03-13T04:26:00,0.706,0.706,0.706,0.706,3
2026-03-13T04:28:00,0.706,0.706,0.7059,0.7059,2
2026-03-13T04:29:00,0.7059,0.7059,0.7059,0.7059,8
2026-03-13T04:30:00,0.7059,0.7059,0.7059,0.7059,3
2026-03-13T04:31:00,0.7057,0.7057,0.7057,0.7057,2
2026-03-13T04:32:00,0.7057,0.7057,0.7056,0.7056,20
2026-03-13T04:33:00,0.7055,0.7055,0.7054,0.7055,13
2026-03-13T04:34:00,0.7055,0.7055,0.7054,0.7054,6
2026-03-13T04:35:00,0.7054,0.7054,0.7054,0.7054,4
2026-03-13T04:36:00,0.7053,0.7053,0.7053,0.7053,14
2026-03-13T04:37:00,0.7053,0.7053,0.7053,0.7053,2
2026-03-13T04:38:00,0.7052,0.7052,0.7052,0.7052,14
2026-03-13T04:39:00,0.7052,0.7053,0.7052,0.7053,11
2026-03-13T04:42:00,0.7053,0.7054,0.7053,0.7054,10
2026-03-13T04:43:00,0.7054,0.7054,0.7054,0.7054,1
2026-03-13T04:44:00,0.7055,0.7055,0.7055,0.7055,6
2026-03-13T04:45:00,0.7055,0.7055,0.7055,0.7055,1
2026-03-13T04:48:00,0.7056,0.7056,0.7056,0.7056,1
2026-03-13T04:49:00,0.7056,0.7056,0.7056,0.7056,1
2026-03-13T04:52:00,0.7056,0.7056,0.7056,0.7056,1
2026-03-13T04:54:00,0.7055,0.7055,0.7055,0.7055,5
2026-03-13T05:00:00,0.7056,0.7056,0.7056,0.7056,3
2026-03-13T05:01:00,0.7056,0.7056,0.7056,0.7056,4
2026-03-13T05:02:00,0.7056,0.7056,0.7056,0.7056,4
2026-03-13T05:03:00,0.7055,0.7056,0.7055,0.7056,7
2026-03-13T05:04:00,0.7054,0.7055,0.7054,0.7055,8
2026-03-13T05:05:00,0.7055,0.7055,0.7054,0.7054,4
2026-03-13T05:06:00,0.7055,0.7055,0.7055,0.7055,1
2026-03-13T05:07:00,0.7055,0.7055,0.7055,0.7055,1
2026-03-13T05:08:00,0.7055,0.7055,0.7055,0.7055,6
2026-03-13T05:10:00,0.7054,0.7054,0.7054,0.7054,1
2026-03-13T05:11:00,0.7055,0.7055,0.7052,0.7052,2
2026-03-13T05:13:00,0.7053,0.7054,0.7053,0.7054,6
2026-03-13T05:15:00,0.7054,0.7054,0.7054,0.7054,1
2026-03-13T05:16:00,0.7054,0.7054,0.7053,0.7053,6
2026-03-13T05:17:00,0.7054,0.7054,0.7053,0.7053,2
2026-03-13T05:18:00,0.7052,0.7052,0.7052,0.7052,5
2026-03-13T05:19:00,0.7052,0.7052,0.7052,0.7052,1
2026-03-13T05:20:00,0.7053,0.7053,0.7053,0.7053,1
2026-03-13T05:22:00,0.7054,0.7055,0.7054,0.7055,2
2026-03-13T05:25:00,0.7055,0.7058,0.7055,0.7057,147
2026-03-13T05:26:00,0.7057,0.7057,0.7057,0.7057,17
2026-03-13T05:27:00,0.7057,0.7057,0.7057,0.7057,1
2026-03-13T05:28:00,0.7057,0.7057,0.7057,0.7057,1
2026-03-13T05:30:00,0.7058,0.7058,0.7058,0.7058,1
2026-03-13T05:31:00,0.7059,0.7059,0.7059,0.7059,2
2026-03-13T05:32:00,0.7059,0.7059,0.7059,0.7059,4
2026-03-13T05:33:00,0.706,0.706,0.706,0.706,1
2026-03-13T05:34:00,0.706,0.706,0.7059,0.7059,2
2026-03-13T05:35:00,0.7059,0.7059,0.7059,0.7059,5
2026-03-13T05:37:00,0.7059,0.7059,0.7059,0.7059,2
2026-03-13T05:38:00,0.706,0.706,0.706,0.706,2
2026-03-13T05:40:00,0.7058,0.7058,0.7058,0.7058,11
2026-03-13T05:41:00,0.7058,0.7058,0.7058,0.7058,12
2026-03-13T05:44:00,0.7055,0.7055,0.7055,0.7055,2
2026-03-13T05:48:00,0.7057,0.7058,0.7057,0.7058,2
2026-03-13T05:49:00,0.7057,0.7057,0.7057,0.7057,2
2026-03-13T05:53:00,0.7056,0.7056,0.7056,0.7056,1
2026-03-13T05:54:00,0.7056,0.7056,0.7056,0.7056,5
2026-03-13T05:55:00,0.7053,0.7053,0.7053,0.7053,2
2026-03-13T05:56:00,0.7052,0.7053,0.7052,0.7053,4
2026-03-13T05:57:00,0.7053,0.7053,0.7053,0.7053,2
2026-03-13T05:59:00,0.7055,0.7055,0.7055,0.7055,1
2026-03-13T06:00:00,0.7055,0.7055,0.7055,0.7055,1
2026-03-13T06:02:00,0.7055,0.7055,0.7055,0.7055,1
2026-03-13T06:03:00,0.7055,0.7055,0.7055,0.7055,19
2026-03-13T06:07:00,0.7056,0.7056,0.7056,0.7056,5
2026-03-13T06:09:00,0.7057,0.7057,0.7057,0.7057,1
2026-03-13T06:10:00,0.7055,0.7055,0.7054,0.7054,5
2026-03-13T06:11:00,0.7054,0.7054,0.7053,0.7053,2
2026-03-13T06:12:00,0.7054,0.7054,0.7054,0.7054,1
2026-03-13T06:13:00,0.7054,0.7054,0.7054,0.7054,4
2026-03-13T06:14:00,0.7052,0.7052,0.7052,0.7052,10
2026-03-13T06:15:00,0.7051,0.7051,0.705,0.705,66
2026-03-13T06:16:00,0.7051,0.7051,0.705,0.705,17
2026-03-13T06:17:00,0.705,0.705,0.705,0.705,1
2026-03-13T06:18:00,0.705,0.705,0.705,0.705,6
2026-03-13T06:19:00,0.7049,0.7049,0.7049,0.7049,6
2026-03-13T06:20:00,0.705,0.705,0.705,0.705,11
2026-03-13T06:22:00,0.705,0.705,0.705,0.705,4
2026-03-13T06:24:00,0.7049,0.7049,0.7049,0.7049,2
2026-03-13T06:25:00,0.7048,0.7048,0.7045,0.7046,115
2026-03-13T06:26:00,0.7046,0.7047,0.7044,0.7044,62
2026-03-13T06:27:00,0.7045,0.7045,0.7042,0.7042,32
2026-03-13T06:28:00,0.7042,0.7043,0.7042,0.7043,7
2026-03-13T06:29:00,0.7043,0.7043,0.7043,0.7043,13
2026-03-13T06:30:00,0.7042,0.7042,0.7042,0.7042,11
2026-03-13T06:31:00,0.7041,0.7041,0.704,0.704,27
2026-03-13T06:32:00,0.7039,0.7039,0.7038,0.7038,41
2026-03-13T06:33:00,0.7037,0.7037,0.7034,0.7034,37
2026-03-13T06:34:00,0.7034,0.7035,0.7033,0.7035,43
2026-03-13T06:35:00,0.7034,0.7034,0.7032,0.7032,169
2026-03-13T06:36:00,0.7033,0.7033,0.7033,0.7033,9
2026-03-13T06:37:00,0.7033,0.7033,0.7033,0.7033,3
2026-03-13T06:38:00,0.7032,0.7034,0.7032,0.7034,13
2026-03-13T06:39:00,0.7037,0.7037,0.7037,0.7037,7
2026-03-13T06:40:00,0.7038,0.7038,0.7036,0.7036,17
2026-03-13T06:41:00,0.7037,0.7037,0.7036,0.7036,5
2026-03-13T06:42:00,0.7037,0.7037,0.7036,0.7036,5
2026-03-13T06:43:00,0.7035,0.7035,0.7035,0.7035,3
2026-03-13T06:44:00,0.7036,0.7036,0.7036,0.7036,1
2026-03-13T06:45:00,0.7036,0.7036,0.7036,0.7036,1
2026-03-13T06:46:00,0.7036,0.7036,0.7034,0.7034,30
2026-03-13T06:48:00,0.7035,0.7035,0.7032,0.7032,7
2026-03-13T06:49:00,0.7033,0.7033,0.7032,0.7033,9
2026-03-13T06:50:00,0.7032,0.7032,0.7032,0.7032,2
2026-03-13T06:51:00,0.7033,0.7034,0.7033,0.7033,5
2026-03-13T06:52:00,0.7032,0.7033,0.7032,0.7033,8
2026-03-13T06:53:00,0.7032,0.7032,0.7032,0.7032,4
2026-03-13T06:55:00,0.7033,0.7033,0.7032,0.7032,2
2026-03-13T06:56:00,0.7032,0.7032,0.7032,0.7032,1
2026-03-13T06:58:00,0.7031,0.7031,0.703,0.703,23
2026-03-13T06:59:00,0.7031,0.7031,0.7029,0.703,35
2026-03-13T07:00:00,0.7031,0.7031,0.703,0.703,6
2026-03-13T07:01:00,0.703,0.7031,0.703,0.7031,11
2026-03-13T07:02:00,0.703,0.7033,0.703,0.7033,21
2026-03-13T07:03:00,0.7032,0.7032,0.7032,0.7032,6
2026-03-13T07:04:00,0.703,0.703,0.7029,0.7029,36
2026-03-13T07:05:00,0.7028,0.7028,0.7028,0.7028,9
2026-03-13T07:06:00,0.7026,0.7026,0.7025,0.7025,6
2026-03-13T07:07:00,0.7026,0.7027,0.7026,0.7027,12
2026-03-13T07:08:00,0.7027,0.7027,0.7027,0.7027,15
2026-03-13T07:09:00,0.7027,0.7028,0.7026,0.7028,38
2026-03-13T07:10:00,0.7028,0.7028,0.7028,0.7028,17
2026-03-13T07:12:00,0.7029,0.7029,0.7029,0.7029,2
2026-03-13T07:13:00,0.7028,0.7028,0.7027,0.7027,2
2026-03-13T07:14:00,0.7026,0.7026,0.7026,0.7026,1
2026-03-13T07:15:00,0.7027,0.7027,0.7026,0.7026,2
2026-03-13T07:16:00,0.7025,0.7025,0.7025,0.7025,2
2026-03-13T07:17:00,0.7026,0.7026,0.7024,0.7024,11
2026-03-13T07:18:00,0.7024,0.7026,0.7024,0.7026,2
2026-03-13T07:19:00,0.7024,0.7024,0.7024,0.7024,14
2026-03-13T07:20:00,0.7024,0.7024,0.7024,0.7024,3
2026-03-13T07:21:00,0.7023,0.7023,0.7022,0.7022,28
2026-03-13T07:22:00,0.7021,0.7021,0.7021,0.7021,9
2026-03-13T07:23:00,0.702,0.702,0.7019,0.702,41
2026-03-13T07:24:00,0.7019,0.7021,0.7019,0.7021,57
2026-03-13T07:25:00,0.702,0.7021,0.7019,0.7021,30
2026-03-13T07:26:00,0.702,0.702,0.7019,0.7019,6
2026-03-13T07:27:00,0.7019,0.702,0.7019,0.702,2
2026-03-13T07:28:00,0.7021,0.7024,0.7021,0.7024,7
2026-03-13T07:29:00,0.7024,0.7025,0.7024,0.7025,14
2026-03-13T07:30:00,0.7024,0.7024,0.7024,0.7024,4
2026-03-13T07:31:00,0.7025,0.7026,0.7025,0.7026,2
2026-03-13T07:32:00,0.7028,0.7028,0.7028,0.7028,1
2026-03-13T07:33:00,0.7027,0.7027,0.7027,0.7027,1
2026-03-13T07:34:00,0.7026,0.7026,0.7026,0.7026,1
2026-03-13T07:35:00,0.7027,0.7027,0.7026,0.7026,9
2026-03-13T07:36:00,0.7026,0.7026,0.7026,0.7026,1
2026-03-13T07:37:00,0.7027,0.7027,0.7027,0.7027,1
2026-03-13T07:38:00,0.7025,0.7026,0.7024,0.7024,13
2026-03-13T07:40:00,0.7023,0.7023,0.7023,0.7023,5
2026-03-13T07:41:00,0.7022,0.7022,0.7022,0.7022,8
2026-03-13T07:42:00,0.7021,0.7023,0.702,0.7023,116
2026-03-13T07:44:00,0.7018,0.7018,0.7017,0.7017,9
2026-03-13T07:45:00,0.7017,0.7018,0.7017,0.7018,9
2026-03-13T07:46:00,0.7018,0.7018,0.7018,0.7018,2
2026-03-13T07:47:00,0.7016,0.7016,0.7016,0.7016,12
2026-03-13T07:48:00,0.7018,0.7018,0.7018,0.7018,1
2026-03-13T07:49:00,0.7017,0.7017,0.7016,0.7017,8
2026-03-13T07:50:00,0.7018,0.7018,0.7018,0.7018,7
2026-03-13T07:51:00,0.7017,0.7017,0.7017,0.7017,4
2026-03-13T07:52:00,0.7019,0.7019,0.7018,0.7018,5
2026-03-13T07:53:00,0.7018,0.7018,0.7018,0.7018,6
2026-03-13T07:54:00,0.7018,0.7019,0.7018,0.7019,5
2026-03-13T07:55:00,0.7016,0.7016,0.7014,0.7015,29
2026-03-13T07:56:00,0.7015,0.7015,0.7015,0.7015,1
2026-03-13T07:57:00,0.7015,0.7015,0.7015,0.7015,1
2026-03-13T07:58:00,0.7017,0.7017,0.7017,0.7017,2
2026-03-13T07:59:00,0.7018,0.7019,0.7018,0.7019,16
2026-03-13T08:00:00,0.7019,0.7019,0.7017,0.7018,8
2026-03-13T08:01:00,0.7018,0.7018,0.7018,0.7018,1
2026-03-13T08:02:00,0.7015,0.7016,0.7014,0.7016,4
2026-03-13T08:03:00,0.7016,0.7016,0.7016,0.7016,6
2026-03-13T08:04:00,0.7014,0.7014,0.7011,0.7012,27
2026-03-13T08:05:00,0.7012,0.7012,0.7012,0.7012,3
2026-03-13T08:06:00,0.7012,0.7012,0.7011,0.7011,2
2026-03-13T08:07:00,0.7012,0.7014,0.7012,0.7014,3
2026-03-13T08:08:00,0.7014,0.7014,0.7012,0.7012,25
2026-03-13T08:09:00,0.7011,0.7011,0.7011,0.7011,2
2026-03-13T08:10:00,0.701,0.7011,0.701,0.701,20
2026-03-13T08:11:00,0.7012,0.7012,0.701,0.7012,20
2026-03-13T08:12:00,0.7012,0.7012,0.7012,0.7012,1
2026-03-13T08:13:00,0.701,0.701,0.701,0.701,8
2026-03-13T08:14:00,0.701,0.7013,0.701,0.7013,5
2026-03-13T08:15:00,0.7012,0.7012,0.7012,0.7012,4
2026-03-13T08:17:00,0.7016,0.7016,0.7016,0.7016,1
2026-03-13T08:18:00,0.7015,0.7015,0.7014,0.7014,2
2026-03-13T08:19:00,0.7013,0.7013,0.7012,0.7012,10
2026-03-13T08:21:00,0.701,0.701,0.701,0.701,9
2026-03-13T08:23:00,0.7012,0.7014,0.7012,0.7014,5
2026-03-13T08:24:00,0.7014,0.7014,0.7014,0.7014,2
2026-03-13T08:25:00,0.7012,0.7012,0.7011,0.7011,10
2026-03-13T08:26:00,0.701,0.7011,0.701,0.7011,5
2026-03-13T08:27:00,0.7011,0.7011,0.701,0.701,2
2026-03-13T08:28:00,0.701,0.701,0.701,0.701,11
2026-03-13T08:29:00,0.7011,0.7011,0.7011,0.7011,4
2026-03-13T08:30:00,0.7014,0.7015,0.7014,0.7015,6
2026-03-13T08:31:00,0.7014,0.7014,0.7014,0.7014,2
2026-03-13T08:32:00,0.7017,0.7018,0.7017,0.7018,4
2026-03-13T08:33:00,0.7018,0.702,0.7018,0.7019,20
2026-03-13T08:34:00,0.7019,0.7021,0.7019,0.7021,13
2026-03-13T08:35:00,0.702,0.702,0.702,0.702,11
2026-03-13T08:36:00,0.702,0.702,0.702,0.702,7
2026-03-13T08:37:00,0.702,0.702,0.702,0.702,1
2026-03-13T08:38:00,0.7023,0.7023,0.7022,0.7022,5
2026-03-13T08:39:00,0.7023,0.7023,0.7023,0.7023,22
2026-03-13T08:40:00,0.7023,0.7023,0.7023,0.7023,4
2026-03-13T08:41:00,0.7021,0.7021,0.702,0.7021,8
2026-03-13T08:42:00,0.7021,0.7021,0.702,0.702,10
2026-03-13T08:43:00,0.702,0.702,0.702,0.702,1
2026-03-13T08:44:00,0.702,0.702,0.702,0.702,3
2026-03-13T08:46:00,0.7018,0.7018,0.7018,0.7018,2
2026-03-13T08:48:00,0.7018,0.7018,0.7018,0.7018,4
2026-03-13T08:49:00,0.7022,0.7022,0.7022,0.7022,2
2026-03-13T08:50:00,0.7024,0.7025,0.7024,0.7025,8
2026-03-13T08:51:00,0.7025,0.7025,0.7025,0.7025,1
2026-03-13T08:52:00,0.7025,0.7027,0.7025,0.7027,5
2026-03-13T08:53:00,0.7028,0.703,0.7028,0.7029,30
2026-03-13T08:54:00,0.7028,0.7029,0.7028,0.7029,15
2026-03-13T08:55:00,0.7026,0.7026,0.7026,0.7026,2
2026-03-13T08:56:00,0.7027,0.7028,0.7027,0.7028,2
2026-03-13T08:57:00,0.7028,0.7028,0.7028,0.7028,11
2026-03-13T08:58:00,0.7029,0.703,0.7029,0.703,22
2026-03-13T08:59:00,0.7031,0.7031,0.703,0.703,2
2026-03-13T09:00:00,0.703,0.7033,0.703,0.7032,40
2026-03-13T09:01:00,0.7031,0.7035,0.7031,0.7035,60
2026-03-13T09:02:00,0.7035,0.7038,0.7034,0.7038,26
2026-03-13T09:03:00,0.7038,0.704,0.7038,0.704,59
2026-03-13T09:04:00,0.7037,0.7037,0.7036,0.7037,31
2026-03-13T09:05:00,0.704,0.704,0.7039,0.704,21
2026-03-13T09:06:00,0.7036,0.7037,0.7036,0.7037,23
2026-03-13T09:07:00,0.7036,0.7036,0.7036,0.7036,9
2026-03-13T09:08:00,0.7037,0.7037,0.7036,0.7036,35
2026-03-13T09:09:00,0.7036,0.7036,0.7033,0.7034,6
2026-03-13T09:10:00,0.7033,0.7033,0.7033,0.7033,14
2026-03-13T09:11:00,0.7033,0.7036,0.7033,0.7035,44
2026-03-13T09:12:00,0.7033,0.7034,0.7033,0.7034,7
2026-03-13T09:13:00,0.7035,0.7035,0.7035,0.7035,4
2026-03-13T09:14:00,0.7035,0.7035,0.7034,0.7035,7
2026-03-13T09:15:00,0.7037,0.7037,0.7034,0.7034,35
2026-03-13T09:16:00,0.7033,0.7033,0.7033,0.7033,10
2026-03-13T09:17:00,0.7033,0.7033,0.7033,0.7033,11
2026-03-13T09:18:00,0.7034,0.7034,0.7034,0.7034,1
2026-03-13T09:19:00,0.7035,0.7035,0.7034,0.7034,7
2026-03-13T09:20:00,0.7034,0.7034,0.7033,0.7033,2
2026-03-13T09:21:00,0.7034,0.7034,0.7034,0.7034,5
2026-03-13T09:24:00,0.703,0.7031,0.7028,0.7029,28
2026-03-13T09:25:00,0.703,0.7031,0.703,0.703,75
2026-03-13T09:26:00,0.7031,0.7031,0.7031,0.7031,1
2026-03-13T09:27:00,0.7033,0.7033,0.7033,0.7033,25
2026-03-13T09:28:00,0.7034,0.7034,0.7034,0.7034,2
2026-03-13T09:29:00,0.7035,0.7037,0.7035,0.7037,4
2026-03-13T09:30:00,0.7038,0.7038,0.7038,0.7038,7
2026-03-13T09:32:00,0.7036,0.7036,0.7036,0.7036,5
2026-03-13T09:33:00,0.7034,0.7034,0.7034,0.7034,5
2026-03-13T09:35:00,0.7035,0.7035,0.7035,0.7035,3
2026-03-13T09:36:00,0.7033,0.7033,0.7033,0.7033,8
2026-03-13T09:38:00,0.7033,0.7033,0.703,0.7031,10
2026-03-13T09:39:00,0.703,0.703,0.703,0.703,1
2026-03-13T09:40:00,0.7028,0.7028,0.7027,0.7027,14
2026-03-13T09:41:00,0.7027,0.7029,0.7027,0.7029,6
2026-03-13T09:42:00,0.7029,0.7029,0.7029,0.7029,3
2026-03-13T09:43:00,0.7029,0.703,0.7029,0.703,9
2026-03-13T09:44:00,0.7029,0.7029,0.7029,0.7029,3
2026-03-13T09:46:00,0.7028,0.7029,0.7028,0.7029,6
2026-03-13T09:47:00,0.7028,0.7028,0.7028,0.7028,5
2026-03-13T09:48:00,0.7028,0.7028,0.7028,0.7028,1
2026-03-13T09:49:00,0.703,0.703,0.703,0.703,5
2026-03-13T09:50:00,0.7031,0.7031,0.7031,0.7031,1
2026-03-13T09:51:00,0.703,0.7031,0.703,0.7031,7
2026-03-13T09:53:00,0.703,0.703,0.703,0.703,1
2026-03-13T09:54:00,0.703,0.703,0.703,0.703,1
2026-03-13T09:55:00,0.703,0.703,0.703,0.703,1
2026-03-13T09:59:00,0.7028,0.7028,0.7028,0.7028,2
2026-03-13T10:00:00,0.7027,0.7029,0.7027,0.7029,3
2026-03-13T10:01:00,0.7029,0.7032,0.7029,0.7031,46
2026-03-13T10:02:00,0.7032,0.7033,0.7032,0.7032,4
2026-03-13T10:04:00,0.7034,0.7034,0.7033,0.7033,3
2026-03-13T10:05:00,0.7034,0.7034,0.7034,0.7034,3
2026-03-13T10:06:00,0.7034,0.7034,0.7034,0.7034,4
2026-03-13T10:07:00,0.7032,0.7033,0.7032,0.7033,3
2026-03-13T10:08:00,0.7032,0.7032,0.7032,0.7032,3
2026-03-13T10:10:00,0.7035,0.7035,0.7034,0.7035,10
2026-03-13T10:11:00,0.7035,0.7035,0.7035,0.7035,2
2026-03-13T10:12:00,0.7036,0.7036,0.7036,0.7036,6
2026-03-13T10:13:00,0.7036,0.7036,0.7036,0.7036,3
2026-03-13T10:14:00,0.7035,0.7035,0.7035,0.7035,2
2026-03-13T10:15:00,0.7035,0.7035,0.7035,0.7035,6
2026-03-13T10:16:00,0.7034,0.7034,0.7034,0.7034,4
2026-03-13T10:17:00,0.7035,0.7035,0.7035,0.7035,5
2026-03-13T10:18:00,0.7034,0.7034,0.7034,0.7034,1
2026-03-13T10:19:00,0.7032,0.7032,0.7032,0.7032,6
2026-03-13T10:20:00,0.7033,0.7034,0.7033,0.7034,2
2026-03-13T10:21:00,0.7032,0.7032,0.7032,0.7032,4
2026-03-13T10:22:00,0.7031,0.7032,0.7031,0.7032,7
2026-03-13T10:25:00,0.7032,0.7032,0.703,0.703,16
2026-03-13T10:26:00,0.7029,0.7029,0.7029,0.7029,1
2026-03-13T10:27:00,0.7029,0.7029,0.7029,0.7029,1
2026-03-13T10:28:00,0.7028,0.7028,0.7028,0.7028,1
2026-03-13T10:29:00,0.703,0.703,0.703,0.703,4
2026-03-13T10:30:00,0.703,0.703,0.703,0.703,1
2026-03-13T10:31:00,0.7031,0.7031,0.7031,0.7031,1
2026-03-13T10:32:00,0.7029,0.7029,0.7029,0.7029,1
2026-03-13T10:34:00,0.703,0.7031,0.703,0.7031,5
2026-03-13T10:38:00,0.7031,0.7031,0.7031,0.7031,7
2026-03-13T10:39:00,0.7031,0.7031,0.7031,0.7031,2
2026-03-13T10:41:00,0.7031,0.7031,0.7031,0.7031,2
2026-03-13T10:42:00,0.7031,0.7031,0.7031,0.7031,1
2026-03-13T10:43:00,0.7031,0.7031,0.7031,0.7031,1
2026-03-13T10:44:00,0.703,0.703,0.703,0.703,1
2026-03-13T10:45:00,0.703,0.703,0.7029,0.7029,2
2026-03-13T10:46:00,0.7029,0.7029,0.7028,0.7028,2
2026-03-13T10:47:00,0.703,0.7031,0.703,0.703,57
2026-03-13T10:48:00,0.7033,0.7039,0.7033,0.7038,21
2026-03-13T10:49:00,0.7037,0.7039,0.7037,0.7038,24
2026-03-13T10:50:00,0.7039,0.7041,0.7039,0.7041,14
2026-03-13T10:51:00,0.704,0.7041,0.7038,0.7038,7
2026-03-13T10:52:00,0.7038,0.7038,0.7036,0.7036,41
2026-03-13T10:53:00,0.7034,0.7034,0.7034,0.7034,1
2026-03-13T10:54:00,0.7032,0.7032,0.7032,0.7032,1
2026-03-13T10:55:00,0.703,0.703,0.703,0.703,2
2026-03-13T10:57:00,0.7031,0.7031,0.7031,0.7031,1
2026-03-13T10:58:00,0.7031,0.7031,0.7031,0.7031,15
2026-03-13T10:59:00,0.7032,0.7032,0.7032,0.7032,12
2026-03-13T11:00:00,0.7032,0.7032,0.7032,0.7032,7
2026-03-13T11:02:00,0.7038,0.7038,0.7036,0.7036,2
2026-03-13T11:03:00,0.7036,0.7036,0.7036,0.7036,4
2026-03-13T11:04:00,0.7037,0.7037,0.7037,0.7037,2
2026-03-13T11:06:00,0.7039,0.7039,0.7037,0.7037,4
2026-03-13T11:08:00,0.7034,0.7034,0.7029,0.7029,18
2026-03-13T11:09:00,0.7028,0.7029,0.7026,0.7029,16
2026-03-13T11:10:00,0.7028,0.7029,0.7024,0.7025,22
2026-03-13T11:11:00,0.7025,0.7025,0.7025,0.7025,4
2026-03-13T11:12:00,0.7026,0.7026,0.7026,0.7026,8
2026-03-13T11:13:00,0.7027,0.7028,0.7027,0.7028,17
2026-03-13T11:14:00,0.7027,0.7027,0.7027,0.7027,7
2026-03-13T11:16:00,0.7027,0.7027,0.7027,0.7027,6
2026-03-13T11:18:00,0.703,0.7032,0.703,0.7032,3
2026-03-13T11:19:00,0.7033,0.7033,0.7033,0.7033,1
2026-03-13T11:20:00,0.7033,0.7033,0.7033,0.7033,1
2026-03-13T11:21:00,0.7032,0.7032,0.7032,0.7032,1
2026-03-13T11:22:00,0.7032,0.7032,0.7032,0.7032,5
2026-03-13T11:23:00,0.7032,0.7032,0.7032,0.7032,1
2026-03-13T11:24:00,0.7033,0.7033,0.7033,0.7033,1
2026-03-13T11:26:00,0.7035,0.7036,0.7035,0.7036,23
2026-03-13T11:28:00,0.7036,0.7036,0.7036,0.7036,1
2026-03-13T11:29:00,0.7033,0.7033,0.7032,0.7033,49
2026-03-13T11:31:00,0.7035,0.7035,0.7035,0.7035,1
2026-03-13T11:32:00,0.7037,0.7037,0.7037,0.7037,7
2026-03-13T11:34:00,0.7037,0.7037,0.7036,0.7036,9
2026-03-13T11:36:00,0.7036,0.7036,0.7035,0.7035,22
2026-03-13T11:37:00,0.7036,0.7036,0.7036,0.7036,6
2026-03-13T11:39:00,0.7035,0.7035,0.7035,0.7035,1
2026-03-13T11:42:00,0.7034,0.7034,0.7034,0.7034,1
2026-03-13T11:44:00,0.7036,0.7038,0.7036,0.7038,40
2026-03-13T11:45:00,0.7038,0.704,0.7038,0.704,9
2026-03-13T11:46:00,0.704,0.704,0.704,0.704,4
2026-03-13T11:47:00,0.7038,0.7038,0.7038,0.7038,1
2026-03-13T11:48:00,0.7038,0.7038,0.7038,0.7038,1
2026-03-13T11:50:00,0.7039,0.7039,0.7039,0.7039,1
2026-03-13T11:51:00,0.7039,0.7042,0.7039,0.7042,13
2026-03-13T11:52:00,0.7041,0.7041,0.704,0.704,2
2026-03-13T11:53:00,0.704,0.704,0.704,0.704,6
2026-03-13T11:54:00,0.704,0.704,0.7039,0.7039,2
2026-03-13T11:56:00,0.7042,0.7042,0.7042,0.7042,5
2026-03-13T11:57:00,0.7043,0.7043,0.7041,0.7041,9
2026-03-13T11:58:00,0.7042,0.7042,0.7042,0.7042,3
2026-03-13T11:59:00,0.7042,0.7043,0.7042,0.7043,5
2026-03-13T12:00:00,0.7043,0.7043,0.7042,0.7043,11
2026-03-13T12:01:00,0.7043,0.7045,0.7042,0.7045,19
2026-03-13T12:02:00,0.7045,0.7046,0.7045,0.7045,41
2026-03-13T12:03:00,0.7044,0.7045,0.7044,0.7045,3
2026-03-13T12:04:00,0.7044,0.7044,0.7043,0.7043,6
2026-03-13T12:05:00,0.7043,0.7043,0.7043,0.7043,2
2026-03-13T12:06:00,0.7042,0.7042,0.7039,0.7039,18
2026-03-13T12:07:00,0.7039,0.7039,0.7039,0.7039,1
2026-03-13T12:08:00,0.7036,0.7036,0.7036,0.7036,5
2026-03-13T12:10:00,0.7039,0.7039,0.7039,0.7039,10
2026-03-13T12:11:00,0.7037,0.7037,0.7037,0.7037,1
2026-03-13T12:12:00,0.7038,0.7038,0.7037,0.7038,9
2026-03-13T12:13:00,0.7037,0.7037,0.7037,0.7037,11
2026-03-13T12:14:00,0.7038,0.7039,0.7038,0.7039,8
2026-03-13T12:15:00,0.704,0.704,0.704,0.704,6
2026-03-13T12:16:00,0.7039,0.7041,0.7039,0.7041,5
2026-03-13T12:17:00,0.7042,0.7042,0.7042,0.7042,1
2026-03-13T12:18:00,0.704,0.704,0.704,0.704,4
2026-03-13T12:19:00,0.7041,0.7041,0.7041,0.7041,1
2026-03-13T12:20:00,0.7039,0.7039,0.7039,0.7039,6
2026-03-13T12:21:00,0.7039,0.7039,0.7039,0.7039,5
2026-03-13T12:22:00,0.704,0.704,0.704,0.704,13
2026-03-13T12:23:00,0.7039,0.7039,0.7039,0.7039,1
2026-03-13T12:24:00,0.7038,0.7038,0.7038,0.7038,2
2026-03-13T12:25:00,0.704,0.7041,0.704,0.7041,10
2026-03-13T12:26:00,0.704,0.704,0.704,0.704,19
2026-03-13T12:27:00,0.7041,0.7043,0.7041,0.7043,7
2026-03-13T12:28:00,0.7044,0.7044,0.7044,0.7044,3
2026-03-13T12:29:00,0.7044,0.7044,0.7043,0.7043,9
2026-03-13T12:30:00,0.7042,0.7045,0.704,0.7044,37
2026-03-13T12:31:00,0.7042,0.7044,0.7042,0.7043,8
2026-03-13T12:32:00,0.7043,0.7043,0.704,0.704,3
2026-03-13T12:33:00,0.704,0.704,0.704,0.704,1
2026-03-13T12:34:00,0.7043,0.7043,0.7042,0.7042,16
2026-03-13T12:35:00,0.7041,0.7044,0.7041,0.7043,36
2026-03-13T12:36:00,0.7042,0.7042,0.7042,0.7042,1
2026-03-13T12:37:00,0.7044,0.7044,0.7042,0.7042,13
2026-03-13T12:38:00,0.7042,0.7042,0.7041,0.7041,4
2026-03-13T12:39:00,0.7043,0.7043,0.7043,0.7043,1
2026-03-13T12:40:00,0.7045,0.7045,0.7045,0.7045,7
2026-03-13T12:41:00,0.7043,0.7043,0.7043,0.7043,1
2026-03-13T12:42:00,0.7044,0.7045,0.7044,0.7045,5
2026-03-13T12:43:00,0.7045,0.7045,0.7044,0.7044,11
2026-03-13T12:44:00,0.7044,0.7046,0.7044,0.7046,4
2026-03-13T12:45:00,0.7047,0.7052,0.7047,0.7052,86
2026-03-13T12:46:00,0.7052,0.7055,0.7052,0.7052,42
2026-03-13T12:47:00,0.7053,0.7053,0.7051,0.7052,22
2026-03-13T12:48:00,0.7052,0.7053,0.7052,0.7053,9
2026-03-13T12:49:00,0.7052,0.7052,0.7049,0.7051,12
2026-03-13T12:50:00,0.7051,0.7052,0.7049,0.7052,33
2026-03-13T12:51:00,0.7052,0.7052,0.7049,0.7049,12
2026-03-13T12:52:00,0.7049,0.7049,0.7048,0.7048,11
2026-03-13T12:54:00,0.7045,0.7048,0.7044,0.7048,17
2026-03-13T12:55:00,0.7048,0.7049,0.7048,0.7049,6
2026-03-13T12:56:00,0.7051,0.7051,0.7051,0.7051,1
2026-03-13T12:57:00,0.7049,0.705,0.7049,0.7049,40
2026-03-13T12:58:00,0.7048,0.7049,0.7048,0.7049,2
2026-03-13T12:59:00,0.7049,0.7049,0.7048,0.7048,11
2026-03-13T13:00:00,0.705,0.705,0.7047,0.7047,22
2026-03-13T13:01:00,0.7047,0.7047,0.7044,0.7044,24
2026-03-13T13:02:00,0.7043,0.7043,0.7041,0.7042,40
2026-03-13T13:03:00,0.7041,0.7041,0.7035,0.7038,188
2026-03-13T13:04:00,0.704,0.7041,0.7038,0.704,64
2026-03-13T13:05:00,0.704,0.7041,0.704,0.7041,3
2026-03-13T13:06:00,0.7041,0.7041,0.7041,0.7041,1
2026-03-13T13:07:00,0.7041,0.7041,0.704,0.704,6
2026-03-13T13:08:00,0.704,0.704,0.7037,0.7037,3
2026-03-13T13:09:00,0.7037,0.7037,0.7037,0.7037,1
2026-03-13T13:10:00,0.7035,0.7035,0.7032,0.7032,19
2026-03-13T13:11:00,0.7034,0.7036,0.7034,0.7036,4
2026-03-13T13:12:00,0.7039,0.7039,0.7038,0.7038,6
2026-03-13T13:13:00,0.7038,0.7038,0.7038,0.7038,2
2026-03-13T13:14:00,0.7039,0.704,0.7039,0.704,7
2026-03-13T13:15:00,0.7038,0.7038,0.7037,0.7037,5
2026-03-13T13:16:00,0.7037,0.7037,0.7035,0.7035,4
2026-03-13T13:18:00,0.7035,0.7035,0.7035,0.7035,2
2026-03-13T13:19:00,0.7036,0.7037,0.7036,0.7037,26
2026-03-13T13:20:00,0.7038,0.7038,0.7037,0.7037,4
2026-03-13T13:21:00,0.7036,0.7036,0.7036,0.7036,1
2026-03-13T13:22:00,0.7036,0.7036,0.7036,0.7036,3
2026-03-13T13:23:00,0.7036,0.7036,0.7036,0.7036,1
2026-03-13T13:24:00,0.7035,0.7035,0.7035,0.7035,1
2026-03-13T13:25:00,0.7034,0.7034,0.7034,0.7034,1
2026-03-13T13:26:00,0.7034,0.7035,0.7034,0.7035,4
2026-03-13T13:27:00,0.7035,0.7035,0.7035,0.7035,1
2026-03-13T13:29:00,0.7035,0.7036,0.7035,0.7036,4
2026-03-13T13:30:00,0.7036,0.7041,0.7035,0.7039,32
2026-03-13T13:31:00,0.7039,0.7039,0.7038,0.7038,7
2026-03-13T13:32:00,0.7036,0.7037,0.7036,0.7036,14
2026-03-13T13:33:00,0.7036,0.7036,0.7033,0.7033,7
2026-03-13T13:34:00,0.7032,0.7033,0.7032,0.7033,3
2026-03-13T13:35:00,0.7033,0.7035,0.7031,0.7035,14
2026-03-13T13:36:00,0.7034,0.7034,0.7034,0.7034,1
2026-03-13T13:37:00,0.7034,0.7038,0.7034,0.7038,3
2026-03-13T13:38:00,0.7038,0.7041,0.7038,0.704,10
2026-03-13T13:39:00,0.7039,0.7039,0.7038,0.7038,9
2026-03-13T13:40:00,0.704,0.704,0.704,0.704,4
2026-03-13T13:41:00,0.704,0.7041,0.704,0.7041,15
2026-03-13T13:42:00,0.7042,0.7043,0.7041,0.7041,11
2026-03-13T13:44:00,0.7043,0.7043,0.7043,0.7043,4
2026-03-13T13:45:00,0.7044,0.7044,0.7043,0.7043,9
2026-03-13T13:46:00,0.7045,0.7046,0.7045,0.7045,6
2026-03-13T13:47:00,0.7045,0.7046,0.7045,0.7046,19
2026-03-13T13:48:00,0.7046,0.7046,0.7045,0.7045,8
2026-03-13T13:49:00,0.7043,0.7044,0.7042,0.7044,20
2026-03-13T13:50:00,0.7042,0.7042,0.7042,0.7042,6
2026-03-13T13:51:00,0.7041,0.7042,0.7041,0.7042,14
2026-03-13T13:52:00,0.7044,0.7044,0.7044,0.7044,2
2026-03-13T13:53:00,0.7044,0.7048,0.7044,0.7046,98
2026-03-13T13:54:00,0.7046,0.7049,0.7045,0.7049,44
2026-03-13T13:55:00,0.7048,0.7048,0.7047,0.7047,24
2026-03-13T13:56:00,0.7047,0.7047,0.7044,0.7044,15
2026-03-13T13:58:00,0.7043,0.7043,0.7043,0.7043,13
2026-03-13T13:59:00,0.7043,0.7043,0.7043,0.7043,2
2026-03-13T14:00:00,0.7043,0.7043,0.7042,0.7042,3
2026-03-13T14:01:00,0.704,0.704,0.7038,0.7039,10
2026-03-13T14:02:00,0.704,0.704,0.7038,0.7038,18
2026-03-13T14:03:00,0.7036,0.7037,0.7036,0.7036,17
2026-03-13T14:04:00,0.7038,0.7041,0.7038,0.7041,27
2026-03-13T14:05:00,0.7041,0.7041,0.7039,0.7039,7
2026-03-13T14:06:00,0.7038,0.704,0.7038,0.704,12
2026-03-13T14:07:00,0.7039,0.704,0.7039,0.7039,6
2026-03-13T14:08:00,0.7037,0.7038,0.7037,0.7038,5
2026-03-13T14:09:00,0.7039,0.7039,0.7039,0.7039,4
2026-03-13T14:10:00,0.7039,0.7039,0.7038,0.7038,13
2026-03-13T14:11:00,0.7038,0.704,0.7038,0.704,8
2026-03-13T14:12:00,0.7039,0.704,0.7039,0.704,3
2026-03-13T14:13:00,0.704,0.704,0.7037,0.7037,2
2026-03-13T14:14:00,0.7036,0.7036,0.7034,0.7034,9
2026-03-13T14:15:00,0.7035,0.7035,0.7031,0.7033,38
2026-03-13T14:16:00,0.7034,0.7036,0.7034,0.7035,8
2026-03-13T14:17:00,0.7033,0.7034,0.703,0.703,5
2026-03-13T14:18:00,0.7033,0.7033,0.7033,0.7033,1
2026-03-13T14:19:00,0.7033,0.7033,0.7033,0.7033,1
2026-03-13T14:20:00,0.7035,0.7037,0.7035,0.7036,5
2026-03-13T14:21:00,0.7036,0.7038,0.7036,0.7038,10
2026-03-13T14:22:00,0.7037,0.7037,0.7036,0.7036,7
2026-03-13T14:25:00,0.7039,0.704,0.7037,0.7037,6
2026-03-13T14:27:00,0.7038,0.7038,0.7038,0.7038,1
2026-03-13T14:28:00,0.7036,0.7036,0.7036,0.7036,1
2026-03-13T14:29:00,0.7039,0.7039,0.7039,0.7039,2
2026-03-13T14:30:00,0.704,0.704,0.704,0.704,1
2026-03-13T14:31:00,0.7042,0.7044,0.7042,0.7044,6
2026-03-13T14:32:00,0.7044,0.7044,0.7044,0.7044,1
2026-03-13T14:33:00,0.7045,0.7045,0.7045,0.7045,3
2026-03-13T14:34:00,0.7042,0.7042,0.7042,0.7042,6
2026-03-13T14:36:00,0.7035,0.7036,0.7035,0.7035,14
2026-03-13T14:37:00,0.7038,0.7039,0.7038,0.7039,2
2026-03-13T14:38:00,0.7037,0.7037,0.7037,0.7037,7
2026-03-13T14:39:00,0.7037,0.7037,0.7037,0.7037,1
2026-03-13T14:40:00,0.7035,0.7035,0.7032,0.7032,13
2026-03-13T14:41:00,0.7031,0.7033,0.7031,0.7033,10
2026-03-13T14:42:00,0.7032,0.7032,0.7031,0.7031,3
2026-03-13T14:43:00,0.7032,0.7032,0.703,0.703,20
2026-03-13T14:44:00,0.7029,0.7029,0.7029,0.7029,5
2026-03-13T14:45:00,0.7028,0.7028,0.7027,0.7027,12
2026-03-13T14:46:00,0.7029,0.7029,0.7024,0.7024,94
2026-03-13T14:47:00,0.7025,0.7029,0.7025,0.7027,26
2026-03-13T14:48:00,0.7029,0.7029,0.7027,0.7027,13
2026-03-13T14:49:00,0.7026,0.7027,0.7026,0.7027,3
2026-03-13T14:50:00,0.7029,0.7029,0.7027,0.7028,10
2026-03-13T14:51:00,0.7027,0.7027,0.7027,0.7027,3
2026-03-13T14:52:00,0.7025,0.7025,0.7023,0.7024,7
2026-03-13T14:54:00,0.7027,0.7027,0.7027,0.7027,1
2026-03-13T14:55:00,0.7024,0.7024,0.702,0.702,23
2026-03-13T14:56:00,0.702,0.702,0.7017,0.7017,29
2026-03-13T14:57:00,0.7017,0.7017,0.7014,0.7014,59
2026-03-13T14:58:00,0.7016,0.7017,0.7014,0.7017,21
2026-03-13T14:59:00,0.7018,0.7018,0.7017,0.7017,23
2026-03-13T15:00:00,0.7019,0.702,0.7016,0.7016,18
2026-03-13T15:01:00,0.7016,0.7016,0.7015,0.7015,3
2026-03-13T15:02:00,0.7016,0.7016,0.7015,0.7015,6
2026-03-13T15:03:00,0.7015,0.7015,0.7015,0.7015,1
2026-03-13T15:04:00,0.7017,0.7017,0.7017,0.7017,3
2026-03-13T15:05:00,0.7017,0.7018,0.7017,0.7018,11
2026-03-13T15:06:00,0.7016,0.7017,0.7015,0.7015,7
2026-03-13T15:07:00,0.7014,0.7017,0.7014,0.7017,2
2026-03-13T15:08:00,0.7016,0.7019,0.7016,0.7019,7
2026-03-13T15:09:00,0.7019,0.7019,0.7019,0.7019,3
2026-03-13T15:10:00,0.702,0.702,0.7019,0.7019,8
2026-03-13T15:11:00,0.7016,0.7016,0.7016,0.7016,1
2026-03-13T15:12:00,0.702,0.702,0.702,0.702,5
2026-03-13T15:13:00,0.702,0.7022,0.702,0.7021,149
2026-03-13T15:14:00,0.7021,0.7022,0.7021,0.7021,11
2026-03-13T15:16:00,0.702,0.702,0.7017,0.7018,20
2026-03-13T15:17:00,0.7017,0.7018,0.7017,0.7018,35
2026-03-13T15:18:00,0.7017,0.7017,0.7016,0.7016,4
2026-03-13T15:19:00,0.7015,0.7015,0.7014,0.7014,13
2026-03-13T15:20:00,0.7014,0.7015,0.7014,0.7015,11
2026-03-13T15:21:00,0.7016,0.7016,0.7016,0.7016,1
2026-03-13T15:22:00,0.7017,0.7017,0.7017,0.7017,1
2026-03-13T15:23:00,0.7015,0.7015,0.7012,0.7012,46
2026-03-13T15:24:00,0.701,0.701,0.7007,0.7008,50
2026-03-13T15:25:00,0.7008,0.7009,0.7008,0.7009,3
2026-03-13T15:26:00,0.7008,0.701,0.7007,0.7007,4
2026-03-13T15:27:00,0.7008,0.701,0.7008,0.7009,20
2026-03-13T15:28:00,0.7011,0.7011,0.7011,0.7011,3
2026-03-13T15:30:00,0.7011,0.7011,0.7009,0.7009,11
2026-03-13T15:32:00,0.701,0.701,0.701,0.701,1
2026-03-13T15:33:00,0.7009,0.7009,0.7007,0.7007,10
2026-03-13T15:34:00,0.7007,0.701,0.7007,0.701,15
2026-03-13T15:35:00,0.701,0.701,0.7007,0.7007,8
2026-03-13T15:36:00,0.7006,0.7006,0.7003,0.7004,29
2026-03-13T15:37:00,0.7003,0.7006,0.7003,0.7006,17
2026-03-13T15:38:00,0.7006,0.7006,0.7006,0.7006,10
2026-03-13T15:39:00,0.7008,0.7008,0.7006,0.7006,12
2026-03-13T15:40:00,0.7007,0.7007,0.7005,0.7005,7
2026-03-13T15:41:00,0.7005,0.7005,0.7004,0.7005,56
2026-03-13T15:42:00,0.7005,0.7005,0.7004,0.7004,6
2026-03-13T15:43:00,0.7003,0.7003,0.7,0.7,27
2026-03-13T15:44:00,0.7,0.7001,0.7,0.7001,11
2026-03-13T15:45:00,0.7002,0.7002,0.7002,0.7002,1
2026-03-13T15:46:00,0.7002,0.7002,0.6998,0.7001,126
2026-03-13T15:47:00,0.7002,0.7018,0.7002,0.7014,188
2026-03-13T15:48:00,0.7009,0.7012,0.7008,0.7009,42
2026-03-13T15:49:00,0.7006,0.7008,0.7004,0.7005,28
2026-03-13T15:50:00,0.7005,0.7005,0.7003,0.7004,18
2026-03-13T15:51:00,0.7003,0.7004,0.7002,0.7002,16
2026-03-13T15:52:00,0.7,0.7002,0.7,0.7002,10
2026-03-13T15:53:00,0.7002,0.7002,0.7002,0.7002,13
2026-03-13T15:54:00,0.7002,0.7003,0.7002,0.7003,15
2026-03-13T15:55:00,0.7002,0.7002,0.6999,0.6999,8
2026-03-13T15:56:00,0.7,0.7001,0.7,0.7001,15
2026-03-13T15:57:00,0.7002,0.7002,0.6997,0.6997,38
2026-03-13T15:58:00,0.6997,0.6997,0.6996,0.6996,19
2026-03-13T15:59:00,0.6997,0.6997,0.6996,0.6996,29
2026-03-13T16:00:00,0.6995,0.6997,0.6995,0.6997,79
2026-03-13T16:01:00,0.6996,0.6996,0.6995,0.6996,41
2026-03-13T16:02:00,0.6996,0.6998,0.6995,0.6996,33
2026-03-13T16:03:00,0.6997,0.7001,0.6996,0.7001,18
2026-03-13T16:04:00,0.7,0.7002,0.7,0.7002,9
2026-03-13T16:05:00,0.7,0.7,0.6999,0.6999,4
2026-03-13T16:06:00,0.7,0.7,0.7,0.7,2
2026-03-13T16:07:00,0.7001,0.7003,0.7001,0.7002,18
2026-03-13T16:08:00,0.7001,0.7001,0.6999,0.7,11
2026-03-13T16:09:00,0.6999,0.6999,0.6998,0.6998,2
2026-03-13T16:10:00,0.6999,0.7,0.6999,0.7,3
2026-03-13T16:11:00,0.6998,0.6998,0.6997,0.6997,6
2026-03-13T16:13:00,0.6997,0.6997,0.6992,0.6992,76
2026-03-13T16:14:00,0.6994,0.6994,0.6994,0.6994,1
2026-03-13T16:15:00,0.6997,0.6997,0.6997,0.6997,11
2026-03-13T16:16:00,0.6994,0.6994,0.6992,0.6992,12
2026-03-13T16:17:00,0.6993,0.6994,0.6992,0.6994,59
2026-03-13T16:18:00,0.6994,0.6996,0.6994,0.6994,28
2026-03-13T16:19:00,0.6995,0.6995,0.6994,0.6994,12
2026-03-13T16:20:00,0.6994,0.6994,0.6994,0.6994,11
2026-03-13T16:21:00,0.6995,0.6995,0.6995,0.6995,4
2026-03-13T16:22:00,0.6996,0.6997,0.6995,0.6995,6
2026-03-13T16:23:00,0.6996,0.6996,0.6995,0.6995,2
2026-03-13T16:24:00,0.6994,0.6994,0.6994,0.6994,7
2026-03-13T16:25:00,0.6994,0.6994,0.6994,0.6994,5
2026-03-13T16:26:00,0.6994,0.6994,0.6993,0.6993,2
2026-03-13T16:27:00,0.6993,0.6994,0.6992,0.6994,4
2026-03-13T16:28:00,0.6993,0.6994,0.6993,0.6994,4
2026-03-13T16:29:00,0.6994,0.6994,0.6994,0.6994,1
2026-03-13T16:30:00,0.6993,0.6997,0.6993,0.6997,2
2026-03-13T16:31:00,0.6997,0.6997,0.6995,0.6995,9
2026-03-13T16:32:00,0.6996,0.6999,0.6996,0.6998,24
2026-03-13T16:33:00,0.6997,0.6999,0.6997,0.6999,14
2026-03-13T16:34:00,0.6999,0.6999,0.6996,0.6996,9
2026-03-13T16:35:00,0.6999,0.6999,0.6999,0.6999,1
2026-03-13T16:36:00,0.7002,0.7003,0.7002,0.7003,7
2026-03-13T16:37:00,0.7003,0.7003,0.7002,0.7002,2
2026-03-13T16:38:00,0.7003,0.7003,0.6999,0.6999,8
2026-03-13T16:39:00,0.6999,0.6999,0.6998,0.6998,7
2026-03-13T16:40:00,0.6999,0.6999,0.6999,0.6999,1
2026-03-13T16:41:00,0.7,0.7,0.7,0.7,6
2026-03-13T16:42:00,0.7,0.7,0.7,0.7,1
2026-03-13T16:43:00,0.7001,0.7001,0.6999,0.6999,2
2026-03-13T16:44:00,0.6999,0.6999,0.6997,0.6998,44
2026-03-13T16:45:00,0.6997,0.6997,0.6997,0.6997,2
2026-03-13T16:46:00,0.6998,0.6998,0.6998,0.6998,3
2026-03-13T16:47:00,0.6998,0.6998,0.6998,0.6998,1
2026-03-13T16:48:00,0.6998,0.6998,0.6997,0.6997,5
2026-03-13T16:49:00,0.6998,0.6999,0.6998,0.6999,5
2026-03-13T16:50:00,0.7,0.7003,0.7,0.7003,6
2026-03-13T16:51:00,0.7002,0.7002,0.7002,0.7002,2
2026-03-13T16:52:00,0.7003,0.7004,0.7003,0.7004,6
2026-03-13T16:54:00,0.7005,0.7005,0.7005,0.7005,6
2026-03-13T16:55:00,0.7004,0.7004,0.7004,0.7004,1
2026-03-13T16:56:00,0.7003,0.7003,0.7003,0.7003,1
2026-03-13T16:57:00,0.7002,0.7002,0.7002,0.7002,9
2026-03-13T16:58:00,0.7,0.7,0.7,0.7,27
2026-03-13T16:59:00,0.6999,0.7,0.6998,0.6998,28
2026-03-13T17:00:00,0.7,0.7001,0.7,0.7001,7
2026-03-13T17:01:00,0.6999,0.6999,0.6999,0.6999,1
2026-03-13T17:03:00,0.6997,0.6997,0.6996,0.6996,30
2026-03-13T17:04:00,0.6996,0.6996,0.6996,0.6996,2
2026-03-13T17:05:00,0.6996,0.6996,0.6996,0.6996,2
2026-03-13T17:06:00,0.6997,0.6997,0.6997,0.6997,6
2026-03-13T17:07:00,0.6997,0.6997,0.6997,0.6997,7
2026-03-13T17:09:00,0.6999,0.6999,0.6997,0.6997,5
2026-03-13T17:11:00,0.6997,0.6997,0.6997,0.6997,3
2026-03-13T17:12:00,0.7,0.7,0.7,0.7,2
2026-03-13T17:13:00,0.7001,0.7001,0.7,0.7,4
2026-03-13T17:14:00,0.7,0.7,0.7,0.7,3
2026-03-13T17:15:00,0.7002,0.7003,0.7001,0.7002,15
2026-03-13T17:17:00,0.7003,0.7003,0.7003,0.7003,1
2026-03-13T17:19:00,0.7005,0.7005,0.7005,0.7005,4
2026-03-13T17:21:00,0.7006,0.7006,0.7006,0.7006,1
2026-03-13T17:23:00,0.7003,0.7004,0.7003,0.7004,2
2026-03-13T17:24:00,0.7005,0.7005,0.7005,0.7005,1
2026-03-13T17:28:00,0.7003,0.7003,0.7003,0.7003,6
2026-03-13T17:31:00,0.7002,0.7002,0.7002,0.7002,2
2026-03-13T17:32:00,0.7003,0.7004,0.7003,0.7004,10
2026-03-13T17:33:00,0.7001,0.7002,0.7001,0.7002,2
2026-03-13T17:36:00,0.7002,0.7003,0.7002,0.7003,2
2026-03-13T17:37:00,0.7002,0.7002,0.7002,0.7002,1
2026-03-13T17:38:00,0.7002,0.7002,0.7002,0.7002,5
2026-03-13T17:40:00,0.7003,0.7003,0.7003,0.7003,2
2026-03-13T17:41:00,0.7,0.7,0.7,0.7,24
2026-03-13T17:42:00,0.6999,0.7,0.6999,0.7,7
2026-03-13T17:43:00,0.6999,0.7,0.6999,0.7,2
2026-03-13T17:44:00,0.7002,0.7002,0.7001,0.7002,22
2026-03-13T17:45:00,0.7002,0.7003,0.7002,0.7002,11
2026-03-13T17:46:00,0.6999,0.6999,0.6999,0.6999,1
2026-03-13T17:47:00,0.6997,0.6997,0.6996,0.6997,8
2026-03-13T17:48:00,0.6997,0.6997,0.6997,0.6997,1
2026-03-13T17:49:00,0.7,0.7,0.6997,0.6997,4
2026-03-13T17:50:00,0.6996,0.6996,0.6995,0.6996,18
2026-03-13T17:51:00,0.6996,0.6996,0.6996,0.6996,3
2026-03-13T17:52:00,0.6997,0.6997,0.6996,0.6997,6
2026-03-13T17:53:00,0.6996,0.6996,0.6996,0.6996,7
2026-03-13T17:54:00,0.6996,0.6996,0.6996,0.6996,1
2026-03-13T17:55:00,0.6996,0.6996,0.6996,0.6996,2
2026-03-13T17:56:00,0.6997,0.6997,0.6996,0.6996,9
2026-03-13T17:57:00,0.6995,0.6995,0.6995,0.6995,1
2026-03-13T18:00:00,0.6996,0.6997,0.6996,0.6996,5
2026-03-13T18:02:00,0.6996,0.6997,0.6996,0.6996,3
2026-03-13T18:03:00,0.6995,0.6995,0.6995,0.6995,4
2026-03-13T18:04:00,0.6996,0.6996,0.6996,0.6996,6
2026-03-13T18:08:00,0.6994,0.6995,0.6994,0.6995,14
2026-03-13T18:09:00,0.6995,0.6995,0.6995,0.6995,9
2026-03-13T18:10:00,0.6996,0.6996,0.6996,0.6996,1
2026-03-13T18:11:00,0.6997,0.6997,0.6997,0.6997,3
2026-03-13T18:12:00,0.6997,0.6997,0.6997,0.6997,1
2026-03-13T18:16:00,0.6996,0.6996,0.6996,0.6996,3
2026-03-13T18:17:00,0.6995,0.6995,0.6995,0.6995,5
2026-03-13T18:19:00,0.6993,0.6993,0.6991,0.6993,31
2026-03-13T18:20:00,0.6993,0.6993,0.6993,0.6993,3
2026-03-13T18:21:00,0.6994,0.6994,0.6994,0.6994,2
2026-03-13T18:23:00,0.6991,0.6991,0.699,0.699,12
2026-03-13T18:24:00,0.6991,0.6992,0.6991,0.6991,7
2026-03-13T18:25:00,0.6992,0.6992,0.6991,0.6991,6
2026-03-13T18:26:00,0.6993,0.6993,0.6992,0.6992,2
2026-03-13T18:27:00,0.6992,0.6992,0.6992,0.6992,1
2026-03-13T18:28:00,0.6992,0.6992,0.6992,0.6992,1
2026-03-13T18:29:00,0.6993,0.6994,0.6993,0.6994,4
2026-03-13T18:31:00,0.6995,0.6996,0.6995,0.6996,2
2026-03-13T18:32:00,0.6997,0.6997,0.6997,0.6997,4
2026-03-13T18:33:00,0.6998,0.6998,0.6998,0.6998,1
2026-03-13T18:34:00,0.6997,0.6998,0.6997,0.6998,5
2026-03-13T18:36:00,0.7,0.7001,0.7,0.7001,2
2026-03-13T18:37:00,0.6997,0.6998,0.6997,0.6998,2
2026-03-13T18:38:00,0.6997,0.6999,0.6997,0.6999,3
2026-03-13T18:39:00,0.6999,0.6999,0.6999,0.6999,3
2026-03-13T18:40:00,0.7,0.7,0.7,0.7,3
2026-03-13T18:41:00,0.7,0.7,0.7,0.7,1
2026-03-13T18:43:00,0.7001,0.7001,0.7001,0.7001,1
2026-03-13T18:44:00,0.7001,0.7001,0.7,0.7,2
2026-03-13T18:45:00,0.7,0.7001,0.7,0.7001,2
2026-03-13T18:46:00,0.7001,0.7001,0.7001,0.7001,6
2026-03-13T18:47:00,0.7001,0.7001,0.7001,0.7001,1
2026-03-13T18:48:00,0.7,0.7,0.7,0.7,2
2026-03-13T18:49:00,0.7001,0.7001,0.7001,0.7001,2
2026-03-13T18:50:00,0.7,0.7,0.6999,0.6999,4
2026-03-13T18:52:00,0.7,0.7,0.7,0.7,1
2026-03-13T18:53:00,0.6999,0.6999,0.6998,0.6998,11
2026-03-13T18:57:00,0.6997,0.6997,0.6997,0.6997,1
2026-03-13T18:58:00,0.6996,0.6996,0.6996,0.6996,2
2026-03-13T18:59:00,0.6996,0.6997,0.6996,0.6997,10
2026-03-13T19:00:00,0.6997,0.6997,0.6996,0.6997,26
2026-03-13T19:01:00,0.6997,0.6997,0.6997,0.6997,3
2026-03-13T19:02:00,0.6996,0.6996,0.6996,0.6996,1
2026-03-13T19:03:00,0.6996,0.6996,0.6995,0.6995,5
2026-03-13T19:04:00,0.6994,0.6994,0.6994,0.6994,1
2026-03-13T19:05:00,0.6993,0.6993,0.6993,0.6993,1
2026-03-13T19:06:00,0.6993,0.6993,0.6993,0.6993,1
2026-03-13T19:10:00,0.6994,0.6994,0.6994,0.6994,22
2026-03-13T19:11:00,0.6993,0.6993,0.6993,0.6993,1
2026-03-13T19:12:00,0.6992,0.6992,0.6992,0.6992,4
2026-03-13T19:13:00,0.6993,0.6993,0.6993,0.6993,1
2026-03-13T19:15:00,0.6991,0.6991,0.6991,0.6991,1
2026-03-13T19:16:00,0.6992,0.6992,0.6991,0.6991,3
2026-03-13T19:17:00,0.6991,0.6991,0.6991,0.6991,4
2026-03-13T19:18:00,0.6992,0.6992,0.6992,0.6992,3
2026-03-13T19:21:00,0.699,0.699,0.6989,0.6989,23
2026-03-13T19:22:00,0.6989,0.6989,0.6989,0.6989,1
2026-03-13T19:23:00,0.6989,0.6989,0.6989,0.6989,1
2026-03-13T19:24:00,0.699,0.6991,0.699,0.6991,2
2026-03-13T19:26:00,0.699,0.699,0.699,0.699,4
2026-03-13T19:27:00,0.6989,0.6989,0.6988,0.6988,5
2026-03-13T19:32:00,0.699,0.699,0.699,0.699,1
2026-03-13T19:34:00,0.699,0.699,0.699,0.699,1
2026-03-13T19:35:00,0.6989,0.6989,0.6988,0.6988,7
2026-03-13T19:36:00,0.6988,0.6988,0.6988,0.6988,1
2026-03-13T19:38:00,0.6988,0.6989,0.6988,0.6988,22
2026-03-13T19:40:00,0.6988,0.6988,0.6988,0.6988,14
2026-03-13T19:41:00,0.6987,0.6987,0.6987,0.6987,2
2026-03-13T19:42:00,0.6987,0.6988,0.6987,0.6988,23
2026-03-13T19:43:00,0.6987,0.6987,0.6987,0.6987,1
2026-03-13T19:44:00,0.6988,0.6988,0.6988,0.6988,1
2026-03-13T19:46:00,0.6988,0.6988,0.6988,0.6988,1
2026-03-13T19:48:00,0.6988,0.6988,0.6988,0.6988,7
2026-03-13T19:49:00,0.6987,0.6987,0.6987,0.6987,4
2026-03-13T19:50:00,0.6986,0.6986,0.6985,0.6986,10
2026-03-13T19:51:00,0.6986,0.6986,0.6985,0.6985,3
2026-03-13T19:52:00,0.6985,0.6985,0.6985,0.6985,18
2026-03-13T19:53:00,0.6985,0.6985,0.6985,0.6985,7
2026-03-13T19:54:00,0.6986,0.6986,0.6985,0.6985,14
2026-03-13T19:55:00,0.6985,0.6985,0.6985,0.6985,20
2026-03-13T19:56:00,0.6986,0.6986,0.6986,0.6986,1
2026-03-13T19:57:00,0.6986,0.6986,0.6985,0.6986,10
2026-03-13T19:58:00,0.6985,0.6985,0.6984,0.6985,11
2026-03-13T19:59:00,0.6984,0.6984,0.6984,0.6984,12
2026-03-13T20:00:00,0.6984,0.6984,0.6983,0.6983,17
2026-03-13T20:01:00,0.6983,0.6984,0.6983,0.6984,14
2026-03-13T20:02:00,0.6982,0.6982,0.6981,0.6981,23
2026-03-13T20:03:00,0.6981,0.6981,0.6981,0.6981,4
2026-03-13T20:04:00,0.6981,0.6981,0.698,0.6981,18
2026-03-13T20:05:00,0.6981,0.6981,0.698,0.698,31
2026-03-13T20:06:00,0.6979,0.6979,0.6978,0.6979,42
2026-03-13T20:07:00,0.698,0.698,0.6979,0.6979,15
2026-03-13T20:08:00,0.6979,0.6979,0.6978,0.6978,7
2026-03-13T20:09:00,0.6978,0.6978,0.6978,0.6978,3
2026-03-13T20:10:00,0.6978,0.6978,0.6978,0.6978,20
2026-03-13T20:11:00,0.6978,0.6978,0.6978,0.6978,222
2026-03-13T20:12:00,0.6978,0.6978,0.6978,0.6978,3
2026-03-13T20:13:00,0.6977,0.6978,0.6977,0.6978,8
2026-03-13T20:14:00,0.6978,0.6978,0.6978,0.6978,14
2026-03-13T20:15:00,0.6979,0.6979,0.6978,0.6978,4
2026-03-13T20:16:00,0.6979,0.6979,0.6979,0.6979,10
2026-03-13T20:17:00,0.6979,0.6979,0.6978,0.6978,4
2026-03-13T20:18:00,0.6978,0.698,0.6978,0.698,6
2026-03-13T20:20:00,0.6979,0.6979,0.6979,0.6979,1
2026-03-13T20:21:00,0.6978,0.6979,0.6978,0.6978,12
2026-03-13T20:22:00,0.6979,0.6979,0.6977,0.6977,12
2026-03-13T20:23:00,0.6978,0.6978,0.6978,0.6978,3
2026-03-13T20:24:00,0.6976,0.6977,0.6976,0.6977,12
2026-03-13T20:25:00,0.6977,0.6977,0.6977,0.6977,4
2026-03-13T20:26:00,0.6977,0.6977,0.6977,0.6977,1
2026-03-13T20:27:00,0.6976,0.6976,0.6975,0.6975,26
2026-03-13T20:30:00,0.6976,0.6976,0.6976,0.6976,21
2026-03-13T20:31:00,0.6976,0.6976,0.6975,0.6975,41
2026-03-13T20:32:00,0.6975,0.6976,0.6975,0.6975,11
2026-03-13T20:33:00,0.6975,0.6975,0.6975,0.6975,9
2026-03-13T20:34:00,0.6974,0.6974,0.6974,0.6974,20
2026-03-13T20:35:00,0.6974,0.6975,0.6974,0.6975,6
2026-03-13T20:37:00,0.6975,0.6975,0.6975,0.6975,5
2026-03-13T20:38:00,0.6975,0.6975,0.6975,0.6975,4
2026-03-13T20:39:00,0.6976,0.6976,0.6976,0.6976,1
2026-03-13T20:43:00,0.6975,0.6975,0.6975,0.6975,4
2026-03-13T20:44:00,0.6974,0.6974,0.6974,0.6974,3
2026-03-13T20:46:00,0.6976,0.6976,0.6974,0.6975,8
2026-03-13T20:47:00,0.6975,0.6975,0.6975,0.6975,10
2026-03-13T20:48:00,0.6975,0.6975,0.6975,0.6975,6
2026-03-13T20:49:00,0.6974,0.6974,0.6974,0.6974,1
2026-03-13T20:50:00,0.6975,0.6975,0.6975,0.6975,7
2026-03-13T20:51:00,0.6975,0.6975,0.6975,0.6975,1
2026-03-13T20:52:00,0.6974,0.6974,0.6973,0.6973,71
2026-03-13T20:54:00,0.6974,0.6974,0.6974,0.6974,2
2026-03-13T20:55:00,0.6973,0.6975,0.6973,0.6975,11
2026-03-13T20:56:00,0.6974,0.6974,0.6973,0.6973,9
2026-03-13T20:58:00,0.6973,0.6973,0.6973,0.6973,1
2026-03-13T20:59:00,0.6974,0.6974,0.6973,0.6973,33
2026-03-15T22:00:00,0.6995,0.6995,0.6981,0.6987,165
2026-03-15T22:01:00,0.6987,0.6989,0.6986,0.6987,27
2026-03-15T22:02:00,0.6988,0.6988,0.6988,0.6988,9
2026-03-15T22:03:00,0.6989,0.6989,0.6989,0.6989,5
2026-03-15T22:04:00,0.6989,0.699,0.6989,0.699,16
2026-03-15T22:05:00,0.6989,0.6989,0.6987,0.6987,11
2026-03-15T22:06:00,0.6987,0.6987,0.6986,0.6987,41
2026-03-15T22:07:00,0.6987,0.6988,0.6987,0.6988,15
2026-03-15T22:08:00,0.6988,0.6988,0.6985,0.6985,21
2026-03-15T22:09:00,0.6984,0.6984,0.6983,0.6984,3
2026-03-15T22:10:00,0.6984,0.6985,0.6984,0.6985,21
2026-03-15T22:11:00,0.6986,0.6989,0.6986,0.6989,15
2026-03-15T22:12:00,0.699,0.699,0.6989,0.699,18
2026-03-15T22:13:00,0.699,0.699,0.6985,0.6985,15
2026-03-15T22:14:00,0.6986,0.6986,0.6986,0.6986,6
2026-03-15T22:15:00,0.6987,0.6988,0.6985,0.6986,10
2026-03-15T22:16:00,0.6986,0.6986,0.6984,0.6984,5
2026-03-15T22:17:00,0.6984,0.6985,0.6984,0.6984,8
2026-03-15T22:18:00,0.6983,0.6983,0.6982,0.6982,2
2026-03-15T22:19:00,0.6982,0.6982,0.6979,0.6979,8
2026-03-15T22:20:00,0.6981,0.6981,0.6981,0.6981,2
2026-03-15T22:21:00,0.6981,0.6981,0.698,0.698,11
2026-03-15T22:22:00,0.6981,0.6981,0.6981,0.6981,4
2026-03-15T22:23:00,0.6981,0.6982,0.6981,0.6982,3
2026-03-15T22:24:00,0.6982,0.6982,0.6982,0.6982,2
2026-03-15T22:25:00,0.6981,0.6981,0.6981,0.6981,1
2026-03-15T22:29:00,0.6984,0.6984,0.6984,0.6984,1
2026-03-15T22:30:00,0.6985,0.6986,0.6985,0.6986,17
2026-03-15T22:31:00,0.6985,0.6985,0.6985,0.6985,3
2026-03-15T22:32:00,0.6984,0.6984,0.6982,0.6982,5
2026-03-15T22:33:00,0.6981,0.6981,0.6981,0.6981,3
2026-03-15T22:34:00,0.6982,0.6982,0.6981,0.6981,2
2026-03-15T22:35:00,0.6981,0.6981,0.6981,0.6981,4
2026-03-15T22:36:00,0.6982,0.6983,0.6982,0.6983,11
2026-03-15T22:37:00,0.6983,0.6983,0.6983,0.6983,5
2026-03-15T22:38:00,0.6983,0.6984,0.6983,0.6984,13
2026-03-15T22:39:00,0.6983,0.6983,0.6982,0.6982,13
2026-03-15T22:40:00,0.6982,0.6982,0.6981,0.6981,23
2026-03-15T22:41:00,0.6981,0.6981,0.6981,0.6981,4
2026-03-15T22:42:00,0.698,0.698,0.6979,0.6979,25
2026-03-15T22:43:00,0.698,0.698,0.6979,0.698,9
2026-03-15T22:44:00,0.698,0.6981,0.698,0.6981,9
2026-03-15T22:45:00,0.6981,0.6982,0.6981,0.6981,13
2026-03-15T22:46:00,0.6981,0.6982,0.6981,0.6981,16
2026-03-15T22:47:00,0.698,0.6981,0.698,0.6981,7
2026-03-15T22:48:00,0.6984,0.6985,0.6983,0.6985,32
2026-03-15T22:49:00,0.6985,0.6985,0.6984,0.6984,23
2026-03-15T22:50:00,0.6986,0.6986,0.6986,0.6986,7
2026-03-15T22:51:00,0.6987,0.6988,0.6987,0.6988,3
2026-03-15T22:52:00,0.6987,0.6989,0.6987,0.6988,30
2026-03-15T22:53:00,0.6986,0.6986,0.6986,0.6986,7
2026-03-15T22:54:00,0.6986,0.6987,0.6986,0.6986,7
2026-03-15T22:56:00,0.6987,0.6987,0.6987,0.6987,4
2026-03-15T22:57:00,0.6988,0.699,0.6988,0.6989,25
2026-03-15T22:58:00,0.6988,0.6988,0.6987,0.6988,13
2026-03-15T22:59:00,0.699,0.6991,0.6989,0.6989,4
2026-03-15T23:00:00,0.699,0.6992,0.699,0.6992,18
2026-03-15T23:01:00,0.6992,0.6992,0.699,0.699,21
2026-03-15T23:02:00,0.699,0.699,0.6989,0.6989,2
2026-03-15T23:03:00,0.699,0.699,0.699,0.699,1
2026-03-15T23:04:00,0.699,0.699,0.6989,0.699,22
2026-03-15T23:05:00,0.6991,0.6991,0.6991,0.6991,1
2026-03-15T23:06:00,0.699,0.699,0.699,0.699,1
2026-03-15T23:07:00,0.699,0.6991,0.699,0.6991,8
2026-03-15T23:08:00,0.6992,0.6992,0.6991,0.6991,32
2026-03-15T23:09:00,0.699,0.6991,0.699,0.699,7
2026-03-15T23:10:00,0.6991,0.6991,0.6989,0.699,17
2026-03-15T23:11:00,0.699,0.699,0.6989,0.6989,7
2026-03-15T23:12:00,0.699,0.699,0.699,0.699,8
2026-03-15T23:13:00,0.699,0.6993,0.699,0.6993,28
2026-03-15T23:14:00,0.6992,0.6994,0.6991,0.6991,21
2026-03-15T23:15:00,0.6991,0.6991,0.6991,0.6991,10
2026-03-15T23:16:00,0.6992,0.6992,0.6992,0.6992,3
2026-03-15T23:17:00,0.699,0.699,0.699,0.699,1
2026-03-15T23:18:00,0.699,0.699,0.6989,0.699,13
2026-03-15T23:19:00,0.6991,0.6992,0.6991,0.6991,12
2026-03-15T23:20:00,0.6991,0.6991,0.6989,0.6989,8
2026-03-15T23:21:00,0.6989,0.6989,0.6989,0.6989,6
2026-03-15T23:22:00,0.699,0.699,0.699,0.699,2
2026-03-15T23:23:00,0.6989,0.699,0.6988,0.699,9
2026-03-15T23:24:00,0.6989,0.6989,0.6989,0.6989,10
2026-03-15T23:25:00,0.6988,0.6988,0.6988,0.6988,7
2026-03-15T23:26:00,0.6988,0.6988,0.6987,0.6987,3
2026-03-15T23:27:00,0.6988,0.6988,0.6986,0.6986,5
2026-03-15T23:28:00,0.6986,0.6986,0.6986,0.6986,2
2026-03-15T23:29:00,0.6986,0.6987,0.6986,0.6987,13
2026-03-15T23:30:00,0.6987,0.6987,0.6986,0.6986,34
2026-03-15T23:31:00,0.6989,0.699,0.6989,0.699,11
2026-03-15T23:32:00,0.6989,0.6989,0.6989,0.6989,1
2026-03-15T23:33:00,0.699,0.699,0.699,0.699,2
2026-03-15T23:34:00,0.699,0.699,0.699,0.699,2
2026-03-15T23:36:00,0.6989,0.6989,0.6989,0.6989,2
2026-03-15T23:37:00,0.6989,0.6989,0.6988,0.6988,6
2026-03-15T23:38:00,0.6989,0.6989,0.6989,0.6989,3
2026-03-15T23:39:00,0.699,0.699,0.699,0.699,11
2026-03-15T23:40:00,0.6991,0.6991,0.6991,0.6991,2
2026-03-15T23:41:00,0.6991,0.6991,0.6991,0.6991,6
2026-03-15T23:42:00,0.6993,0.6994,0.6993,0.6994,13
2026-03-15T23:43:00,0.6995,0.6997,0.6995,0.6996,12
2026-03-15T23:44:00,0.6996,0.6996,0.6996,0.6996,1
2026-03-15T23:45:00,0.6996,0.6998,0.6996,0.6997,13
2026-03-15T23:46:00,0.6997,0.6998,0.6997,0.6998,3
2026-03-15T23:47:00,0.6999,0.7,0.6998,0.6998,41
2026-03-15T23:48:00,0.6999,0.6999,0.6999,0.6999,5
2026-03-15T23:49:00,0.6997,0.6998,0.6997,0.6998,14
2026-03-15T23:50:00,0.6998,0.6998,0.6998,0.6998,3
2026-03-15T23:51:00,0.6997,0.6997,0.6996,0.6996,7
2026-03-15T23:52:00,0.6997,0.6997,0.6997,0.6997,13
2026-03-15T23:53:00,0.6997,0.6997,0.6997,0.6997,4
2026-03-15T23:54:00,0.6998,0.6999,0.6998,0.6999,6
2026-03-15T23:55:00,0.6998,0.6998,0.6998,0.6998,6
2026-03-15T23:56:00,0.6998,0.6999,0.6998,0.6999,2
2026-03-15T23:57:00,0.6998,0.6998,0.6998,0.6998,2
2026-03-15T23:58:00,0.6998,0.6998,0.6998,0.6998,8
2026-03-15T23:59:00,0.6998,0.6998,0.6997,0.6998,14
2026-03-16T00:00:00,0.7,0.7003,0.7,0.7002,39
2026-03-16T00:01:00,0.7003,0.7004,0.7003,0.7004,33
2026-03-16T00:02:00,0.7001,0.7004,0.7001,0.7004,16
2026-03-16T00:03:00,0.7003,0.7003,0.7003,0.7003,2
2026-03-16T00:04:00,0.7002,0.7003,0.7002,0.7003,2
2026-03-16T00:05:00,0.7004,0.7006,0.7004,0.7006,25
2026-03-16T00:06:00,0.7007,0.7009,0.7007,0.7007,18
2026-03-16T00:07:00,0.7007,0.7009,0.7007,0.7008,12
2026-03-16T00:08:00,0.7007,0.7008,0.7006,0.7006,10
2026-03-16T00:09:00,0.7006,0.7007,0.7005,0.7007,43
2026-03-16T00:10:00,0.7008,0.7012,0.7008,0.701,75
2026-03-16T00:11:00,0.7009,0.7009,0.7006,0.7007,6
2026-03-16T00:12:00,0.7007,0.7007,0.7006,0.7007,7
2026-03-16T00:13:00,0.7007,0.701,0.7007,0.701,37
2026-03-16T00:15:00,0.7008,0.7008,0.7007,0.7007,13
2026-03-16T00:16:00,0.701,0.7011,0.701,0.701,4
2026-03-16T00:17:00,0.701,0.701,0.701,0.701,4
2026-03-16T00:18:00,0.7009,0.7009,0.7008,0.7008,8
2026-03-16T00:19:00,0.7007,0.7007,0.7006,0.7006,20
2026-03-16T00:20:00,0.7007,0.7007,0.7005,0.7005,14
2026-03-16T00:21:00,0.7004,0.7004,0.7004,0.7004,5
2026-03-16T00:22:00,0.7004,0.7004,0.7004,0.7004,4
2026-03-16T00:23:00,0.7005,0.7005,0.7005,0.7005,1
2026-03-16T00:25:00,0.7007,0.7007,0.7007,0.7007,8
2026-03-16T00:26:00,0.7006,0.7007,0.7006,0.7006,4
2026-03-16T00:27:00,0.7006,0.7007,0.7006,0.7007,8
2026-03-16T00:29:00,0.7005,0.7005,0.7003,0.7004,14
2026-03-16T00:30:00,0.7004,0.7004,0.7003,0.7003,24
2026-03-16T00:31:00,0.7003,0.7003,0.7003,0.7003,13
2026-03-16T00:34:00,0.7005,0.7006,0.7005,0.7006,29
2026-03-16T00:35:00,0.7006,0.7006,0.7006,0.7006,4
2026-03-16T00:36:00,0.7005,0.7005,0.7005,0.7005,5
2026-03-16T00:37:00,0.7005,0.7007,0.7005,0.7007,6
2026-03-16T00:38:00,0.7007,0.7009,0.7007,0.7009,24
2026-03-16T00:39:00,0.701,0.701,0.701,0.701,2
2026-03-16T00:40:00,0.701,0.701,0.701,0.701,8
2026-03-16T00:41:00,0.7011,0.7011,0.701,0.701,3
2026-03-16T00:42:00,0.701,0.701,0.701,0.701,2
2026-03-16T00:43:00,0.7009,0.701,0.7009,0.701,4
2026-03-16T00:44:00,0.701,0.701,0.7008,0.7008,3
2026-03-16T00:45:00,0.7008,0.7009,0.7008,0.7009,5
2026-03-16T00:46:00,0.7008,0.7008,0.7008,0.7008,4
2026-03-16T00:47:00,0.7009,0.7009,0.7008,0.7008,7
2026-03-16T00:48:00,0.7009,0.701,0.7009,0.7009,7
2026-03-16T00:49:00,0.7009,0.7009,0.7008,0.7008,7
2026-03-16T00:50:00,0.7008,0.7009,0.7008,0.7009,7
2026-03-16T00:51:00,0.701,0.7011,0.701,0.7011,42
2026-03-16T00:52:00,0.7011,0.7011,0.7011,0.7011,5
2026-03-16T00:53:00,0.701,0.701,0.7009,0.7009,17
2026-03-16T00:54:00,0.7009,0.7009,0.7009,0.7009,5
2026-03-16T00:55:00,0.7009,0.701,0.7009,0.701,3
2026-03-16T00:56:00,0.7009,0.7009,0.7008,0.7008,4
2026-03-16T00:57:00,0.7008,0.7008,0.7008,0.7008,23
2026-03-16T00:58:00,0.7008,0.7009,0.7008,0.7009,16
2026-03-16T00:59:00,0.7008,0.7009,0.7008,0.7009,21
2026-03-16T01:00:00,0.7009,0.701,0.7009,0.7009,21
2026-03-16T01:01:00,0.7008,0.701,0.7008,0.701,9
2026-03-16T01:02:00,0.701,0.7011,0.701,0.7011,58
2026-03-16T01:03:00,0.7011,0.7011,0.7009,0.7009,11
2026-03-16T01:04:00,0.7008,0.7008,0.7007,0.7008,22
2026-03-16T01:05:00,0.7008,0.7009,0.7008,0.7009,4
2026-03-16T01:06:00,0.7009,0.7009,0.7008,0.7008,3
2026-03-16T01:07:00,0.7006,0.7006,0.7006,0.7006,6
2026-03-16T01:08:00,0.7006,0.7008,0.7004,0.7005,108
2026-03-16T01:10:00,0.7006,0.7006,0.7004,0.7004,3
2026-03-16T01:11:00,0.7004,0.7005,0.7004,0.7004,4
2026-03-16T01:12:00,0.7005,0.7005,0.7005,0.7005,1
2026-03-16T01:13:00,0.7003,0.7003,0.7003,0.7003,12
2026-03-16T01:14:00,0.7004,0.7005,0.7002,0.7003,12
2026-03-16T01:15:00,0.7002,0.7003,0.7002,0.7003,6
2026-03-16T01:16:00,0.7002,0.7003,0.7002,0.7003,20
2026-03-16T01:17:00,0.7002,0.7002,0.7001,0.7001,11
2026-03-16T01:18:00,0.7001,0.7001,0.7001,0.7001,65
2026-03-16T01:19:00,0.7001,0.7002,0.7001,0.7001,5
2026-03-16T01:20:00,0.7001,0.7001,0.7001,0.7001,1
2026-03-16T01:21:00,0.7,0.7001,0.6999,0.7001,20
2026-03-16T01:22:00,0.7001,0.7002,0.6999,0.6999,22
2026-03-16T01:23:00,0.6998,0.6998,0.6998,0.6998,7
2026-03-16T01:24:00,0.6998,0.6999,0.6998,0.6999,9
2026-03-16T01:25:00,0.6999,0.7001,0.6999,0.7,59
2026-03-16T01:26:00,0.6998,0.7,0.6998,0.7,8
2026-03-16T01:27:00,0.7001,0.7001,0.6999,0.6999,6
2026-03-16T01:28:00,0.6999,0.6999,0.6998,0.6998,6
2026-03-16T01:29:00,0.6997,0.6997,0.6997,0.6997,8
2026-03-16T01:30:00,0.6998,0.6998,0.6996,0.6996,55
2026-03-16T01:31:00,0.6996,0.6996,0.6996,0.6996,9
2026-03-16T01:32:00,0.6995,0.6995,0.699,0.699,32
2026-03-16T01:33:00,0.699,0.6993,0.699,0.6991,68
2026-03-16T01:34:00,0.6991,0.6991,0.6991,0.6991,16
2026-03-16T01:35:00,0.6996,0.6998,0.6996,0.6998,16
2026-03-16T01:36:00,0.6996,0.6996,0.6996,0.6996,7
2026-03-16T01:37:00,0.6995,0.6995,0.6995,0.6995,3
2026-03-16T01:38:00,0.6995,0.6997,0.6995,0.6997,10
2026-03-16T01:39:00,0.6997,0.6997,0.6996,0.6996,2
2026-03-16T01:41:00,0.6998,0.6998,0.6997,0.6997,12
2026-03-16T01:42:00,0.6998,0.7001,0.6998,0.7001,40
2026-03-16T01:43:00,0.7,0.7,0.7,0.7,19
2026-03-16T01:44:00,0.7001,0.7003,0.7001,0.7003,52
2026-03-16T01:45:00,0.7004,0.7004,0.7004,0.7004,6
2026-03-16T01:46:00,0.7004,0.7007,0.7004,0.7007,31
2026-03-16T01:47:00,0.7006,0.7006,0.7006,0.7006,10
2026-03-16T01:49:00,0.7005,0.7005,0.7005,0.7005,6
2026-03-16T01:50:00,0.7004,0.7004,0.7004,0.7004,3
2026-03-16T01:51:00,0.7003,0.7003,0.7002,0.7002,4
2026-03-16T01:52:00,0.7001,0.7001,0.7001,0.7001,1
2026-03-16T01:53:00,0.7001,0.7001,0.7001,0.7001,2
2026-03-16T01:54:00,0.7002,0.7003,0.7002,0.7003,3
2026-03-16T01:55:00,0.7004,0.7004,0.7004,0.7004,3
2026-03-16T01:57:00,0.7004,0.7004,0.7004,0.7004,20
2026-03-16T01:58:00,0.7005,0.7006,0.7005,0.7006,10
2026-03-16T01:59:00,0.7006,0.7006,0.7006,0.7006,5
2026-03-16T02:00:00,0.7006,0.7006,0.7004,0.7004,25
2026-03-16T02:01:00,0.7005,0.7005,0.7005,0.7005,1
2026-03-16T02:02:00,0.7004,0.7004,0.7004,0.7004,1
2026-03-16T02:03:00,0.7003,0.7003,0.7003,0.7003,4
2026-03-16T02:06:00,0.7003,0.7003,0.7003,0.7003,9
2026-03-16T02:07:00,0.7005,0.7005,0.7005,0.7005,2
2026-03-16T02:08:00,0.7003,0.7003,0.7003,0.7003,1
2026-03-16T02:09:00,0.7003,0.7003,0.7003,0.7003,14
2026-03-16T02:10:00,0.7004,0.7004,0.7004,0.7004,1
2026-03-16T02:11:00,0.7003,0.7003,0.7003,0.7003,1
2026-03-16T02:12:00,0.7004,0.7004,0.7003,0.7003,6
2026-03-16T02:16:00,0.7002,0.7002,0.7002,0.7002,1
2026-03-16T02:17:00,0.7004,0.7004,0.7004,0.7004,6
2026-03-16T02:18:00,0.7002,0.7002,0.7002,0.7002,10
2026-03-16T02:20:00,0.7003,0.7003,0.7003,0.7003,3
2026-03-16T02:23:00,0.7002,0.7002,0.7002,0.7002,1
2026-03-16T02:24:00,0.7002,0.7002,0.7002,0.7002,1
2026-03-16T02:25:00,0.7002,0.7002,0.7002,0.7002,11
2026-03-16T02:27:00,0.7002,0.7002,0.7,0.7001,13
2026-03-16T02:29:00,0.7001,0.7002,0.7001,0.7002,8
2026-03-16T02:30:00,0.7002,0.7002,0.7002,0.7002,2
2026-03-16T02:31:00,0.7002,0.7002,0.7002,0.7002,1
2026-03-16T02:32:00,0.7002,0.7002,0.7002,0.7002,3
2026-03-16T02:35:00,0.7002,0.7003,0.7002,0.7003,2
2026-03-16T02:37:00,0.7003,0.7003,0.7003,0.7003,1
2026-03-16T02:40:00,0.7004,0.7005,0.7004,0.7005,4
2026-03-16T02:42:00,0.7005,0.7005,0.7005,0.7005,1
2026-03-16T02:43:00,0.7004,0.7004,0.7004,0.7004,2
2026-03-16T02:44:00,0.7004,0.7004,0.7004,0.7004,1
2026-03-16T02:45:00,0.7002,0.7003,0.7002,0.7003,9
2026-03-16T02:46:00,0.7004,0.7005,0.7004,0.7004,31
2026-03-16T02:47:00,0.7004,0.7004,0.7004,0.7004,4
2026-03-16T02:48:00,0.7005,0.7005,0.7005,0.7005,1
2026-03-16T02:49:00,0.7005,0.7006,0.7004,0.7004,10
2026-03-16T02:50:00,0.7004,0.7004,0.7003,0.7003,24
2026-03-16T02:51:00,0.7002,0.7002,0.7002,0.7002,5
2026-03-16T02:53:00,0.7002,0.7002,0.7002,0.7002,5
2026-03-16T02:57:00,0.7003,0.7003,0.7003,0.7003,1
2026-03-16T02:59:00,0.7001,0.7001,0.6999,0.6999,11
2026-03-16T03:00:00,0.7002,0.7003,0.7001,0.7001,15
2026-03-16T03:02:00,0.6999,0.6999,0.6999,0.6999,4
2026-03-16T03:03:00,0.6999,0.7,0.6999,0.7,29
2026-03-16T03:04:00,0.7001,0.7001,0.7001,0.7001,4
2026-03-16T03:05:00,0.7001,0.7001,0.7001,0.7001,10
2026-03-16T03:06:00,0.6999,0.7,0.6999,0.7,8
2026-03-16T03:07:00,0.7,0.7002,0.7,0.7002,21
2026-03-16T03:08:00,0.7002,0.7003,0.7002,0.7003,7
2026-03-16T03:10:00,0.7002,0.7002,0.7002,0.7002,4
2026-03-16T03:12:00,0.7002,0.7003,0.7002,0.7002,3
2026-03-16T03:14:00,0.7,0.7,0.7,0.7,5
2026-03-16T03:15:00,0.6998,0.6998,0.6998,0.6998,7
2026-03-16T03:16:00,0.6999,0.6999,0.6999,0.6999,1
2026-03-16T03:17:00,0.6998,0.6998,0.6998,0.6998,1
2026-03-16T03:18:00,0.6998,0.6999,0.6998,0.6999,20
2026-03-16T03:20:00,0.6999,0.6999,0.6999,0.6999,1
2026-03-16T03:22:00,0.6999,0.6999,0.6999,0.6999,1
2026-03-16T03:28:00,0.7002,0.7002,0.7002,0.7002,2
2026-03-16T03:30:00,0.7003,0.7004,0.7002,0.7004,15
2026-03-16T03:31:00,0.7006,0.7006,0.7005,0.7005,18
2026-03-16T03:32:00,0.7006,0.7006,0.7006,0.7006,1
2026-03-16T03:33:00,0.7006,0.7006,0.7006,0.7006,1
2026-03-16T03:34:00,0.7006,0.7006,0.7006,0.7006,5
2026-03-16T03:37:00,0.7006,0.7006,0.7006,0.7006,7
2026-03-16T03:38:00,0.7007,0.7007,0.7007,0.7007,1
2026-03-16T03:41:00,0.7007,0.7007,0.7007,0.7007,5
2026-03-16T03:42:00,0.7007,0.7007,0.7007,0.7007,1
2026-03-16T03:44:00,0.7006,0.7006,0.7006,0.7006,11
2026-03-16T03:51:00,0.7005,0.7005,0.7005,0.7005,12
2026-03-16T03:54:00,0.7003,0.7004,0.7003,0.7004,4
2026-03-16T03:55:00,0.7004,0.7004,0.7003,0.7003,5
2026-03-16T03:58:00,0.7003,0.7003,0.7003,0.7003,1
2026-03-16T04:00:00,0.7003,0.7004,0.7003,0.7004,7
2026-03-16T04:01:00,0.7004,0.7004,0.7004,0.7004,1
2026-03-16T04:02:00,0.7005,0.7005,0.7005,0.7005,6
2026-03-16T04:05:00,0.7004,0.7004,0.7004,0.7004,4
2026-03-16T04:07:00,0.7003,0.7003,0.7003,0.7003,2
2026-03-16T04:08:00,0.7005,0.7005,0.7004,0.7004,4
2026-03-16T04:12:00,0.7004,0.7004,0.7004,0.7004,1
2026-03-16T04:13:00,0.7004,0.7004,0.7004,0.7004,1
2026-03-16T04:16:00,0.7004,0.7005,0.7004,0.7005,6
2026-03-16T04:19:00,0.7002,0.7002,0.7002,0.7002,1
2026-03-16T04:20:00,0.7002,0.7002,0.7002,0.7002,3
2026-03-16T04:21:00,0.7002,0.7002,0.7002,0.7002,2
2026-03-16T04:24:00,0.7001,0.7001,0.7001,0.7001,2
2026-03-16T04:26:00,0.7003,0.7003,0.7003,0.7003,20
2026-03-16T04:27:00,0.7004,0.7004,0.7004,0.7004,26
2026-03-16T04:28:00,0.7002,0.7002,0.7002,0.7002,1
2026-03-16T04:31:00,0.7001,0.7001,0.7001,0.7001,5
2026-03-16T04:35:00,0.7002,0.7002,0.7002,0.7002,1
2026-03-16T04:36:00,0.7001,0.7001,0.7001,0.7001,1
2026-03-16T04:37:00,0.7001,0.7001,0.7001,0.7001,1
2026-03-16T04:39:00,0.7002,0.7002,0.7002,0.7002,2
2026-03-16T04:40:00,0.7001,0.7001,0.7001,0.7001,7
2026-03-16T04:42:00,0.7001,0.7001,0.7001,0.7001,1
2026-03-16T04:43:00,0.7001,0.7001,0.7001,0.7001,1
2026-03-16T04:46:00,0.7001,0.7001,0.7001,0.7001,1
2026-03-16T04:48:00,0.7001,0.7001,0.7001,0.7001,2
2026-03-16T04:55:00,0.6999,0.6999,0.6999,0.6999,4
2026-03-16T04:56:00,0.6998,0.6998,0.6998,0.6998,7
2026-03-16T04:57:00,0.6998,0.6998,0.6998,0.6998,2
2026-03-16T05:00:00,0.6999,0.6999,0.6999,0.6999,1
2026-03-16T05:02:00,0.6999,0.6999,0.6999,0.6999,1
2026-03-16T05:04:00,0.6999,0.6999,0.6999,0.6999,1
2026-03-16T05:06:00,0.7001,0.7001,0.7001,0.7001,4
2026-03-16T05:07:00,0.7002,0.7002,0.7002,0.7002,1
2026-03-16T05:10:00,0.7,0.7,0.7,0.7,17
2026-03-16T05:13:00,0.6999,0.6999,0.6999,0.6999,2
2026-03-16T05:16:00,0.6999,0.6999,0.6999,0.6999,1
2026-03-16T05:17:00,0.7,0.7,0.7,0.7,1
2026-03-16T05:18:00,0.6999,0.6999,0.6999,0.6999,1
2026-03-16T05:20:00,0.6998,0.6998,0.6998,0.6998,1
2026-03-16T05:26:00,0.7001,0.7001,0.7001,0.7001,3
2026-03-16T05:27:00,0.7001,0.7001,0.7001,0.7001,1
2026-03-16T05:29:00,0.7001,0.7001,0.7001,0.7001,1
2026-03-16T05:32:00,0.7003,0.7003,0.7002,0.7002,6
2026-03-16T05:34:00,0.7004,0.7004,0.7004,0.7004,1
2026-03-16T05:36:00,0.7004,0.7005,0.7004,0.7005,2
2026-03-16T05:37:00,0.7004,0.7004,0.7004,0.7004,1
2026-03-16T05:38:00,0.7005,0.7005,0.7005,0.7005,4
2026-03-16T05:39:00,0.7005,0.7005,0.7005,0.7005,1
2026-03-16T05:40:00,0.7005,0.7006,0.7005,0.7006,5
2026-03-16T05:42:00,0.7006,0.7006,0.7006,0.7006,1
2026-03-16T05:43:00,0.7007,0.7007,0.7007,0.7007,10
2026-03-16T05:44:00,0.7007,0.7007,0.7006,0.7006,3
2026-03-16T05:45:00,0.7006,0.7006,0.7004,0.7004,10
2026-03-16T05:46:00,0.7006,0.7006,0.7006,0.7006,6
2026-03-16T05:48:00,0.7008,0.7008,0.7008,0.7008,9
2026-03-16T05:50:00,0.7008,0.701,0.7008,0.7009,56
2026-03-16T05:51:00,0.7009,0.7009,0.7009,0.7009,3
2026-03-16T05:54:00,0.7008,0.7008,0.7008,0.7008,3
2026-03-16T05:55:00,0.7009,0.7011,0.7009,0.701,16
2026-03-16T05:56:00,0.7009,0.701,0.7009,0.701,11
2026-03-16T05:57:00,0.7011,0.7011,0.7008,0.7008,2
2026-03-16T05:58:00,0.7008,0.7008,0.7006,0.7006,16
2026-03-16T05:59:00,0.7006,0.7008,0.7006,0.7008,8
2026-03-16T06:00:00,0.7007,0.7009,0.7007,0.7008,12
2026-03-16T06:03:00,0.7008,0.7008,0.7008,0.7008,11
2026-03-16T06:04:00,0.7008,0.7008,0.7008,0.7008,9
2026-03-16T06:05:00,0.701,0.701,0.701,0.701,1
2026-03-16T06:06:00,0.701,0.701,0.701,0.701,2
2026-03-16T06:07:00,0.7011,0.7011,0.7011,0.7011,4
2026-03-16T06:08:00,0.7011,0.7012,0.7011,0.7011,22
2026-03-16T06:09:00,0.7012,0.7012,0.7012,0.7012,5
2026-03-16T06:10:00,0.7013,0.7013,0.7013,0.7013,6
2026-03-16T06:11:00,0.7013,0.7013,0.7013,0.7013,2
2026-03-16T06:12:00,0.7013,0.7013,0.7013,0.7013,1
2026-03-16T06:13:00,0.7011,0.7011,0.7011,0.7011,6
2026-03-16T06:14:00,0.7011,0.7011,0.7011,0.7011,1
2026-03-16T06:16:00,0.7013,0.7013,0.7013,0.7013,5
2026-03-16T06:17:00,0.7013,0.7013,0.7012,0.7012,6
2026-03-16T06:18:00,0.7011,0.7012,0.7011,0.7011,8
2026-03-16T06:21:00,0.7008,0.7008,0.7008,0.7008,1
2026-03-16T06:22:00,0.7008,0.7008,0.7008,0.7008,1
2026-03-16T06:23:00,0.7007,0.7007,0.7005,0.7005,18
2026-03-16T06:24:00,0.7007,0.7007,0.7007,0.7007,2
2026-03-16T06:25:00,0.7006,0.7006,0.7006,0.7006,4
2026-03-16T06:26:00,0.7008,0.7008,0.7008,0.7008,2
2026-03-16T06:28:00,0.7008,0.7008,0.7008,0.7008,1
2026-03-16T06:29:00,0.7007,0.7007,0.7007,0.7007,1
2026-03-16T06:30:00,0.7008,0.7008,0.7008,0.7008,1
2026-03-16T06:31:00,0.701,0.701,0.701,0.701,16
2026-03-16T06:32:00,0.7009,0.7009,0.7009,0.7009,1
2026-03-16T06:33:00,0.701,0.701,0.701,0.701,3
2026-03-16T06:34:00,0.7008,0.7008,0.7007,0.7007,5
2026-03-16T06:35:00,0.7006,0.7006,0.7006,0.7006,16
2026-03-16T06:36:00,0.7005,0.7005,0.7005,0.7005,2
2026-03-16T06:39:00,0.7006,0.7006,0.7006,0.7006,2
2026-03-16T06:40:00,0.7005,0.7005,0.7005,0.7005,1
2026-03-16T06:44:00,0.7007,0.7008,0.7007,0.7008,4
2026-03-16T06:47:00,0.7008,0.7008,0.7008,0.7008,4
2026-03-16T06:48:00,0.7006,0.7006,0.7006,0.7006,3
2026-03-16T06:50:00,0.7006,0.7006,0.7006,0.7006,1
2026-03-16T06:52:00,0.7007,0.7007,0.7007,0.7007,2
2026-03-16T06:55:00,0.7009,0.7009,0.7009,0.7009,1
2026-03-16T06:56:00,0.701,0.701,0.701,0.701,1
2026-03-16T06:57:00,0.7012,0.7012,0.7011,0.7011,7
2026-03-16T06:58:00,0.7011,0.7011,0.701,0.701,31
2026-03-16T07:00:00,0.7011,0.7011,0.701,0.701,8
2026-03-16T07:02:00,0.7012,0.7012,0.7012,0.7012,5
2026-03-16T07:03:00,0.7013,0.7013,0.7013,0.7013,5
2026-03-16T07:05:00,0.7011,0.7011,0.7011,0.7011,1
2026-03-16T07:06:00,0.7012,0.7012,0.7012,0.7012,1
2026-03-16T07:07:00,0.701,0.701,0.701,0.701,1
2026-03-16T07:08:00,0.7011,0.7011,0.7011,0.7011,1
2026-03-16T07:10:00,0.7011,0.7012,0.7011,0.7011,7
2026-03-16T07:11:00,0.7012,0.7012,0.7012,0.7012,1
2026-03-16T07:12:00,0.7013,0.7014,0.7013,0.7014,14
2026-03-16T07:13:00,0.7014,0.7015,0.7013,0.7014,40
2026-03-16T07:14:00,0.7013,0.7013,0.7012,0.7012,2
2026-03-16T07:15:00,0.7011,0.7011,0.701,0.701,8
2026-03-16T07:16:00,0.7009,0.7009,0.7009,0.7009,1
2026-03-16T07:17:00,0.701,0.7011,0.701,0.701,4
2026-03-16T07:18:00,0.7011,0.7011,0.7011,0.7011,2
2026-03-16T07:19:00,0.7011,0.7012,0.7011,0.7012,3
2026-03-16T07:20:00,0.7011,0.7011,0.7011,0.7011,4
2026-03-16T07:21:00,0.7011,0.7011,0.7011,0.7011,1
2026-03-16T07:23:00,0.7011,0.7011,0.7011,0.7011,3
2026-03-16T07:26:00,0.7009,0.7009,0.7009,0.7009,2
2026-03-16T07:27:00,0.7008,0.7008,0.7007,0.7007,8
2026-03-16T07:28:00,0.7008,0.7008,0.7008,0.7008,2
2026-03-16T07:29:00,0.7008,0.7008,0.7008,0.7008,6
2026-03-16T07:30:00,0.7009,0.7009,0.7009,0.7009,1
2026-03-16T07:31:00,0.7008,0.7008,0.7008,0.7008,10
2026-03-16T07:33:00,0.7009,0.7009,0.7009,0.7009,1
2026-03-16T07:34:00,0.7008,0.7008,0.7006,0.7006,15
2026-03-16T07:35:00,0.7005,0.7005,0.7002,0.7002,18
2026-03-16T07:36:00,0.7003,0.7004,0.7002,0.7004,8
2026-03-16T07:37:00,0.7,0.7,0.7,0.7,1
2026-03-16T07:38:00,0.7002,0.7002,0.6999,0.6999,11
2026-03-16T07:40:00,0.6999,0.7,0.6999,0.7,11
2026-03-16T07:41:00,0.7001,0.7001,0.7001,0.7001,10
2026-03-16T07:42:00,0.7001,0.7002,0.7001,0.7002,3
2026-03-16T07:45:00,0.7003,0.7003,0.7003,0.7003,1
2026-03-16T07:46:00,0.7004,0.7005,0.7004,0.7005,7
2026-03-16T07:47:00,0.7005,0.7006,0.7005,0.7006,3
2026-03-16T07:50:00,0.7007,0.7007,0.7007,0.7007,1
2026-03-16T07:52:00,0.7005,0.7005,0.7005,0.7005,4
2026-03-16T07:53:00,0.7004,0.7004,0.7004,0.7004,10
2026-03-16T07:56:00,0.7006,0.7006,0.7006,0.7006,1
2026-03-16T07:57:00,0.7005,0.7005,0.7005,0.7005,1
2026-03-16T07:58:00,0.7005,0.7005,0.7005,0.7005,8
2026-03-16T07:59:00,0.7007,0.7007,0.7007,0.7007,1
2026-03-16T08:00:00,0.7007,0.701,0.7007,0.701,11
2026-03-16T08:01:00,0.701,0.701,0.701,0.701,4
2026-03-16T08:02:00,0.7009,0.7009,0.7009,0.7009,5
2026-03-16T08:04:00,0.7009,0.7009,0.7008,0.7008,3
2026-03-16T08:05:00,0.701,0.701,0.701,0.701,3
2026-03-16T08:06:00,0.7009,0.7009,0.7009,0.7009,21
2026-03-16T08:08:00,0.7008,0.7008,0.7007,0.7007,11
2026-03-16T08:10:00,0.701,0.701,0.701,0.701,20
2026-03-16T08:12:00,0.7008,0.7008,0.7007,0.7007,10
2026-03-16T08:13:00,0.7007,0.7007,0.7006,0.7006,15
2026-03-16T08:15:00,0.7001,0.7001,0.7,0.7001,26
2026-03-16T08:16:00,0.7001,0.7001,0.7001,0.7001,2
2026-03-16T08:17:00,0.7002,0.7002,0.7002,0.7002,1
2026-03-16T08:20:00,0.7005,0.7005,0.7005,0.7005,9
2026-03-16T08:21:00,0.7005,0.7005,0.7005,0.7005,5
2026-03-16T08:22:00,0.7009,0.701,0.7009,0.701,11
2026-03-16T08:23:00,0.7012,0.7012,0.7012,0.7012,3
2026-03-16T08:24:00,0.7013,0.7013,0.7013,0.7013,11
2026-03-16T08:25:00,0.7011,0.7011,0.7011,0.7011,6
2026-03-16T08:28:00,0.7009,0.7009,0.7008,0.7008,3
2026-03-16T08:29:00,0.7009,0.7009,0.7009,0.7009,2
2026-03-16T08:30:00,0.7009,0.7009,0.7009,0.7009,1
2026-03-16T08:31:00,0.701,0.7012,0.7009,0.7011,25
2026-03-16T08:32:00,0.7011,0.7011,0.7011,0.7011,10
2026-03-16T08:33:00,0.7008,0.7008,0.7006,0.7006,22
2026-03-16T08:34:00,0.7006,0.7006,0.7006,0.7006,5
2026-03-16T08:35:00,0.7007,0.7007,0.7007,0.7007,1
2026-03-16T08:41:00,0.7008,0.7009,0.7008,0.7009,6
2026-03-16T08:42:00,0.7009,0.7009,0.7008,0.7008,7
2026-03-16T08:43:00,0.7007,0.7007,0.7007,0.7007,1
2026-03-16T08:44:00,0.7006,0.7006,0.7006,0.7006,15
2026-03-16T08:45:00,0.7007,0.7007,0.7007,0.7007,4
2026-03-16T08:46:00,0.701,0.701,0.701,0.701,6
2026-03-16T08:48:00,0.7012,0.7012,0.7011,0.7011,7
2026-03-16T08:52:00,0.7011,0.7014,0.7011,0.7014,23
2026-03-16T08:54:00,0.7015,0.7016,0.7015,0.7016,20
2026-03-16T08:56:00,0.7014,0.7015,0.7013,0.7013,8
2026-03-16T08:57:00,0.7011,0.7011,0.7011,0.7011,1
2026-03-16T09:00:00,0.7014,0.7014,0.7013,0.7013,3
2026-03-16T09:01:00,0.7014,0.7014,0.7014,0.7014,1
2026-03-16T09:02:00,0.7013,0.7013,0.7013,0.7013,3
2026-03-16T09:03:00,0.7013,0.7013,0.7013,0.7013,11
2026-03-16T09:04:00,0.7013,0.7013,0.7012,0.7012,4
2026-03-16T09:05:00,0.7011,0.7011,0.701,0.701,5
2026-03-16T09:06:00,0.701,0.701,0.701,0.701,1
2026-03-16T09:07:00,0.7009,0.7009,0.7009,0.7009,2
2026-03-16T09:09:00,0.701,0.701,0.701,0.701,2
2026-03-16T09:11:00,0.7014,0.7014,0.7014,0.7014,1
2026-03-16T09:13:00,0.7015,0.7015,0.7015,0.7015,13
2026-03-16T09:14:00,0.7015,0.7015,0.7014,0.7014,2
2026-03-16T09:16:00,0.7013,0.7014,0.7013,0.7014,2
2026-03-16T09:17:00,0.7014,0.7014,0.7014,0.7014,1
2026-03-16T09:18:00,0.7014,0.7014,0.7014,0.7014,2
2026-03-16T09:19:00,0.7015,0.7016,0.7015,0.7016,20
2026-03-16T09:20:00,0.7014,0.7014,0.7014,0.7014,2
2026-03-16T09:23:00,0.7016,0.7017,0.7016,0.7017,13
2026-03-16T09:25:00,0.7015,0.7015,0.7014,0.7014,2
2026-03-16T09:26:00,0.7015,0.7015,0.7015,0.7015,1
2026-03-16T09:27:00,0.7017,0.7017,0.7017,0.7017,1
2026-03-16T09:28:00,0.7017,0.7017,0.7016,0.7016,4
2026-03-16T09:29:00,0.7016,0.7016,0.7016,0.7016,3
2026-03-16T09:30:00,0.7015,0.7015,0.7015,0.7015,8
2026-03-16T09:31:00,0.7014,0.7014,0.7013,0.7014,8
2026-03-16T09:32:00,0.7015,0.7015,0.7015,0.7015,2
2026-03-16T09:33:00,0.7015,0.7015,0.7013,0.7013,19
2026-03-16T09:34:00,0.7013,0.7013,0.7011,0.7011,11
2026-03-16T09:35:00,0.7011,0.7011,0.7011,0.7011,3
2026-03-16T09:37:00,0.7014,0.7014,0.7014,0.7014,1
2026-03-16T09:38:00,0.7014,0.7014,0.7014,0.7014,1
2026-03-16T09:40:00,0.7013,0.7013,0.7013,0.7013,1
2026-03-16T09:41:00,0.7015,0.7015,0.7014,0.7014,2
2026-03-16T09:42:00,0.7013,0.7013,0.7013,0.7013,4
2026-03-16T09:44:00,0.7016,0.7016,0.7016,0.7016,3
2026-03-16T09:45:00,0.7016,0.7017,0.7016,0.7016,4
2026-03-16T09:46:00,0.7016,0.7016,0.7016,0.7016,6
2026-03-16T09:47:00,0.7018,0.7018,0.7018,0.7018,6
2026-03-16T09:48:00,0.7019,0.702,0.7019,0.702,10
2026-03-16T09:49:00,0.7018,0.7018,0.7018,0.7018,1
2026-03-16T09:50:00,0.702,0.7021,0.702,0.7021,15
2026-03-16T09:51:00,0.702,0.702,0.702,0.702,1
2026-03-16T09:52:00,0.7018,0.7019,0.7018,0.7019,14
2026-03-16T09:53:00,0.7019,0.7019,0.7018,0.7018,4
2026-03-16T09:54:00,0.7018,0.7018,0.7018,0.7018,3
2026-03-16T09:55:00,0.7019,0.7019,0.7019,0.7019,5
2026-03-16T09:56:00,0.7017,0.7017,0.7017,0.7017,1
2026-03-16T09:57:00,0.7018,0.7018,0.7018,0.7018,1
2026-03-16T09:59:00,0.7017,0.7017,0.7017,0.7017,3
2026-03-16T10:00:00,0.7016,0.7017,0.7016,0.7017,8
2026-03-16T10:01:00,0.7017,0.7017,0.7017,0.7017,12
2026-03-16T10:03:00,0.7019,0.7019,0.7019,0.7019,3
2026-03-16T10:04:00,0.7017,0.7017,0.7016,0.7016,15
2026-03-16T10:05:00,0.7017,0.7017,0.7017,0.7017,5
2026-03-16T10:07:00,0.7018,0.7018,0.7018,0.7018,1
2026-03-16T10:08:00,0.7019,0.7019,0.7019,0.7019,1
2026-03-16T10:09:00,0.7021,0.7022,0.7021,0.7022,20
2026-03-16T10:10:00,0.7022,0.7022,0.7021,0.7021,4
2026-03-16T10:11:00,0.7023,0.7023,0.7023,0.7023,7
2026-03-16T10:12:00,0.7023,0.7023,0.7023,0.7023,30
2026-03-16T10:13:00,0.7024,0.7025,0.7024,0.7025,16
2026-03-16T10:14:00,0.7025,0.7025,0.7025,0.7025,1
2026-03-16T10:15:00,0.7025,0.7025,0.7025,0.7025,9
2026-03-16T10:16:00,0.7024,0.7025,0.7024,0.7025,3
2026-03-16T10:17:00,0.7024,0.7026,0.7024,0.7026,8
2026-03-16T10:18:00,0.7025,0.7027,0.7024,0.7027,24
2026-03-16T10:19:00,0.7027,0.7028,0.7026,0.7027,57
2026-03-16T10:20:00,0.7027,0.7027,0.7027,0.7027,1
2026-03-16T10:21:00,0.7028,0.7028,0.7028,0.7028,7
2026-03-16T10:22:00,0.7029,0.7029,0.7029,0.7029,12
2026-03-16T10:23:00,0.703,0.7031,0.703,0.7031,12
2026-03-16T10:24:00,0.7031,0.7031,0.7031,0.7031,19
2026-03-16T10:25:00,0.7031,0.7031,0.7031,0.7031,15
2026-03-16T10:26:00,0.7032,0.7033,0.7031,0.7031,52
2026-03-16T10:27:00,0.7033,0.7034,0.7033,0.7034,19
2026-03-16T10:28:00,0.7035,0.7036,0.7035,0.7035,17
2026-03-16T10:29:00,0.7034,0.7034,0.7033,0.7034,7
2026-03-16T10:31:00,0.7031,0.7031,0.703,0.703,7
2026-03-16T10:32:00,0.7031,0.7033,0.7031,0.7033,5
2026-03-16T10:33:00,0.7031,0.7033,0.7031,0.7033,6
2026-03-16T10:34:00,0.7033,0.7033,0.7033,0.7033,9
2026-03-16T10:35:00,0.7033,0.7033,0.7033,0.7033,30
2026-03-16T10:36:00,0.7033,0.7034,0.7033,0.7034,2
2026-03-16T10:37:00,0.7035,0.7035,0.7035,0.7035,1
2026-03-16T10:38:00,0.7034,0.7034,0.7034,0.7034,1
2026-03-16T10:39:00,0.7034,0.7036,0.7034,0.7036,20
2026-03-16T10:40:00,0.7036,0.7036,0.7036,0.7036,1
2026-03-16T10:41:00,0.7034,0.7034,0.7034,0.7034,2
2026-03-16T10:42:00,0.7035,0.7036,0.7035,0.7036,50
2026-03-16T10:43:00,0.7035,0.7035,0.7035,0.7035,14
2026-03-16T10:46:00,0.7035,0.7035,0.7035,0.7035,3
2026-03-16T10:48:00,0.7035,0.7036,0.7035,0.7036,57
2026-03-16T10:49:00,0.7037,0.7037,0.7037,0.7037,15
2026-03-16T10:50:00,0.7038,0.7041,0.7038,0.704,34
2026-03-16T10:51:00,0.7037,0.7037,0.7037,0.7037,1
2026-03-16T10:52:00,0.7037,0.7037,0.7037,0.7037,1
2026-03-16T10:53:00,0.7038,0.7038,0.7038,0.7038,19
2026-03-16T10:55:00,0.704,0.7041,0.704,0.7041,27
2026-03-16T10:56:00,0.7041,0.7041,0.704,0.704,2
2026-03-16T10:57:00,0.704,0.7041,0.704,0.7041,7
2026-03-16T10:58:00,0.7042,0.7042,0.7042,0.7042,13
2026-03-16T10:59:00,0.7042,0.7043,0.7042,0.7042,17
2026-03-16T11:00:00,0.7041,0.7041,0.7041,0.7041,11
2026-03-16T11:02:00,0.7041,0.7041,0.7041,0.7041,23
2026-03-16T11:03:00,0.7041,0.7041,0.7041,0.7041,4
2026-03-16T11:04:00,0.7039,0.704,0.7039,0.704,5
2026-03-16T11:05:00,0.704,0.7041,0.704,0.7041,3
2026-03-16T11:07:00,0.7041,0.7041,0.7041,0.7041,9
2026-03-16T11:08:00,0.7043,0.7043,0.7043,0.7043,2
2026-03-16T11:10:00,0.7043,0.7043,0.7043,0.7043,12
2026-03-16T11:11:00,0.7042,0.7045,0.7042,0.7045,9
2026-03-16T11:12:00,0.7045,0.7045,0.7045,0.7045,2
2026-03-16T11:13:00,0.7044,0.7044,0.7043,0.7043,8
2026-03-16T11:14:00,0.7042,0.7042,0.7042,0.7042,2
2026-03-16T11:15:00,0.7045,0.7046,0.7044,0.7046,11
2026-03-16T11:16:00,0.7046,0.7046,0.7046,0.7046,2
2026-03-16T11:17:00,0.7046,0.7046,0.7045,0.7045,13
2026-03-16T11:18:00,0.7045,0.7045,0.7045,0.7045,2
2026-03-16T11:19:00,0.7045,0.7047,0.7045,0.7047,9
2026-03-16T11:21:00,0.7045,0.7045,0.7045,0.7045,5
2026-03-16T11:22:00,0.7044,0.7044,0.7044,0.7044,5
2026-03-16T11:24:00,0.7045,0.7045,0.7045,0.7045,1
2026-03-16T11:25:00,0.7045,0.7045,0.7045,0.7045,1
2026-03-16T11:26:00,0.7045,0.7045,0.7044,0.7044,2
2026-03-16T11:27:00,0.7043,0.7043,0.7043,0.7043,3
2026-03-16T11:28:00,0.7042,0.7042,0.7041,0.7042,7
2026-03-16T11:29:00,0.7042,0.7043,0.7042,0.7043,13
2026-03-16T11:31:00,0.7041,0.7041,0.7041,0.7041,2
2026-03-16T11:32:00,0.7041,0.7041,0.7041,0.7041,1
2026-03-16T11:34:00,0.7041,0.7042,0.7041,0.7042,26
2026-03-16T11:35:00,0.7042,0.7042,0.7042,0.7042,3
2026-03-16T11:36:00,0.7044,0.7046,0.7044,0.7046,9
2026-03-16T11:37:00,0.7044,0.7045,0.7044,0.7044,6
2026-03-16T11:38:00,0.7044,0.7044,0.7044,0.7044,1
2026-03-16T11:39:00,0.7043,0.7044,0.7043,0.7044,5
2026-03-16T11:40:00,0.7043,0.7043,0.7043,0.7043,1
2026-03-16T11:41:00,0.7044,0.7045,0.7044,0.7045,4
2026-03-16T11:42:00,0.7045,0.7045,0.7043,0.7044,7
2026-03-16T11:43:00,0.7046,0.7046,0.7045,0.7045,3
2026-03-16T11:45:00,0.7045,0.7045,0.7045,0.7045,1
2026-03-16T11:46:00,0.7045,0.7045,0.7045,0.7045,7
2026-03-16T11:47:00,0.7045,0.7045,0.7045,0.7045,5
2026-03-16T11:48:00,0.7045,0.7045,0.7045,0.7045,1
2026-03-16T11:49:00,0.7044,0.7044,0.7044,0.7044,4
2026-03-16T11:51:00,0.7043,0.7043,0.7043,0.7043,6
2026-03-16T11:53:00,0.7041,0.7041,0.7041,0.7041,2
2026-03-16T11:55:00,0.7042,0.7042,0.7041,0.7042,16
2026-03-16T11:56:00,0.7041,0.7042,0.7041,0.7042,11
2026-03-16T11:57:00,0.7042,0.7042,0.7042,0.7042,5
2026-03-16T12:00:00,0.7044,0.7044,0.7044,0.7044,1
2026-03-16T12:01:00,0.7044,0.7045,0.7043,0.7045,21
2026-03-16T12:02:00,0.7046,0.7046,0.7044,0.7044,2
2026-03-16T12:03:00,0.7045,0.7045,0.7045,0.7045,1
2026-03-16T12:04:00,0.7047,0.7047,0.7047,0.7047,5
2026-03-16T12:05:00,0.7047,0.7048,0.7047,0.7047,18
2026-03-16T12:06:00,0.7048,0.7048,0.7048,0.7048,2
2026-03-16T12:07:00,0.7046,0.7046,0.7046,0.7046,1
2026-03-16T12:08:00,0.7046,0.7046,0.7046,0.7046,3
2026-03-16T12:10:00,0.7047,0.7047,0.7045,0.7046,11
2026-03-16T12:11:00,0.7047,0.7047,0.7047,0.7047,1
2026-03-16T12:12:00,0.7048,0.7051,0.7048,0.7051,32
2026-03-16T12:13:00,0.705,0.705,0.705,0.705,3
2026-03-16T12:14:00,0.7049,0.7049,0.7049,0.7049,2
2026-03-16T12:15:00,0.7049,0.7049,0.7047,0.7049,5
2026-03-16T12:18:00,0.7047,0.7047,0.7047,0.7047,1
2026-03-16T12:19:00,0.7047,0.7047,0.7047,0.7047,2
2026-03-16T12:21:00,0.7045,0.7045,0.7044,0.7045,42
2026-03-16T12:23:00,0.7046,0.7046,0.7046,0.7046,6
2026-03-16T12:26:00,0.7045,0.7046,0.7045,0.7046,2
2026-03-16T12:27:00,0.7047,0.7047,0.7047,0.7047,5
2026-03-16T12:28:00,0.7047,0.7047,0.7046,0.7046,4
2026-03-16T12:30:00,0.7047,0.705,0.7047,0.7049,19
2026-03-16T12:31:00,0.7049,0.705,0.7049,0.705,9
2026-03-16T12:32:00,0.705,0.705,0.705,0.705,5
2026-03-16T12:33:00,0.7049,0.7049,0.7048,0.7048,4
2026-03-16T12:34:00,0.7049,0.7051,0.7049,0.705,26
2026-03-16T12:35:00,0.705,0.705,0.7048,0.7048,34
2026-03-16T12:36:00,0.7049,0.7049,0.7049,0.7049,5
2026-03-16T12:37:00,0.705,0.705,0.705,0.705,25
2026-03-16T12:38:00,0.7049,0.7049,0.7047,0.7047,13
2026-03-16T12:39:00,0.7048,0.7049,0.7048,0.7048,18
2026-03-16T12:40:00,0.7049,0.7049,0.7046,0.7046,4
2026-03-16T12:41:00,0.7046,0.7046,0.7046,0.7046,1
2026-03-16T12:42:00,0.7046,0.7048,0.7046,0.7048,8
2026-03-16T12:43:00,0.7049,0.7049,0.7049,0.7049,14
2026-03-16T12:44:00,0.7049,0.7049,0.7048,0.7048,2
2026-03-16T12:46:00,0.7049,0.705,0.7049,0.705,8
2026-03-16T12:47:00,0.7048,0.7048,0.7048,0.7048,1
2026-03-16T12:49:00,0.7045,0.7045,0.7045,0.7045,1
2026-03-16T12:50:00,0.7047,0.7047,0.7045,0.7045,4
2026-03-16T12:51:00,0.7045,0.7046,0.7045,0.7046,2
2026-03-16T12:52:00,0.7046,0.7046,0.7046,0.7046,2
2026-03-16T12:54:00,0.7046,0.7046,0.7046,0.7046,2
2026-03-16T12:55:00,0.7044,0.7044,0.7044,0.7044,5
2026-03-16T12:56:00,0.7044,0.7044,0.7044,0.7044,2
2026-03-16T12:57:00,0.7044,0.7045,0.7044,0.7045,5
2026-03-16T12:58:00,0.7045,0.7045,0.7044,0.7044,2
2026-03-16T12:59:00,0.7043,0.7043,0.7043,0.7043,4
2026-03-16T13:00:00,0.7045,0.7046,0.7044,0.7046,16
2026-03-16T13:01:00,0.7047,0.7047,0.7047,0.7047,6
2026-03-16T13:02:00,0.7046,0.7046,0.7046,0.7046,4
2026-03-16T13:03:00,0.7045,0.7045,0.7045,0.7045,1
2026-03-16T13:04:00,0.7047,0.7047,0.7047,0.7047,3
2026-03-16T13:05:00,0.7048,0.7048,0.7048,0.7048,5
2026-03-16T13:06:00,0.7046,0.7046,0.7046,0.7046,1
2026-03-16T13:07:00,0.7047,0.7048,0.7047,0.7047,3
2026-03-16T13:08:00,0.7046,0.7046,0.7046,0.7046,1
2026-03-16T13:09:00,0.7046,0.7046,0.7046,0.7046,1
2026-03-16T13:10:00,0.7046,0.7046,0.7046,0.7046,3
2026-03-16T13:11:00,0.7046,0.7046,0.7044,0.7044,4
2026-03-16T13:12:00,0.7047,0.7047,0.7047,0.7047,2
2026-03-16T13:13:00,0.7049,0.705,0.7049,0.705,4
2026-03-16T13:14:00,0.7048,0.7048,0.7048,0.7048,4
2026-03-16T13:15:00,0.7048,0.7048,0.7048,0.7048,4
2026-03-16T13:16:00,0.7048,0.7048,0.7048,0.7048,1
2026-03-16T13:17:00,0.7049,0.7049,0.7049,0.7049,1
2026-03-16T13:18:00,0.7048,0.7048,0.7047,0.7047,4
2026-03-16T13:19:00,0.7047,0.7047,0.7047,0.7047,2
2026-03-16T13:21:00,0.7046,0.7046,0.7046,0.7046,1
2026-03-16T13:22:00,0.7048,0.7051,0.7048,0.7051,3
2026-03-16T13:23:00,0.7051,0.7052,0.7051,0.7051,17
2026-03-16T13:24:00,0.705,0.705,0.705,0.705,4
2026-03-16T13:25:00,0.7049,0.7049,0.7049,0.7049,6
2026-03-16T13:26:00,0.7049,0.7049,0.7049,0.7049,11
2026-03-16T13:27:00,0.7049,0.7049,0.7049,0.7049,2
2026-03-16T13:29:00,0.7048,0.7049,0.7048,0.7049,3
2026-03-16T13:31:00,0.7052,0.7052,0.7051,0.7052,26
2026-03-16T13:32:00,0.7052,0.7053,0.7052,0.7053,5
2026-03-16T13:33:00,0.7053,0.7054,0.7053,0.7054,19
2026-03-16T13:34:00,0.7054,0.7054,0.7053,0.7053,3
2026-03-16T13:35:00,0.7053,0.7056,0.7053,0.7055,16
2026-03-16T13:36:00,0.7056,0.7059,0.7056,0.7058,19
2026-03-16T13:37:00,0.7059,0.706,0.7057,0.7058,25
2026-03-16T13:38:00,0.7057,0.7058,0.7057,0.7057,4
2026-03-16T13:39:00,0.7058,0.7059,0.7058,0.7059,8
2026-03-16T13:40:00,0.7057,0.7058,0.7057,0.7058,2
2026-03-16T13:41:00,0.7056,0.7057,0.7055,0.7057,5
2026-03-16T13:42:00,0.7056,0.7057,0.7056,0.7057,8
2026-03-16T13:43:00,0.7056,0.7056,0.7056,0.7056,20
2026-03-16T13:44:00,0.7057,0.7058,0.7057,0.7058,6
2026-03-16T13:45:00,0.7059,0.7061,0.7059,0.7059,36
2026-03-16T13:46:00,0.706,0.7061,0.7059,0.7059,9
2026-03-16T13:47:00,0.7061,0.7062,0.7061,0.7061,32
2026-03-16T13:48:00,0.7059,0.7059,0.7057,0.7057,4
2026-03-16T13:49:00,0.7056,0.7056,0.7055,0.7056,9
2026-03-16T13:50:00,0.7058,0.7058,0.7056,0.7056,5
2026-03-16T13:51:00,0.7058,0.7059,0.7058,0.7059,14
2026-03-16T13:52:00,0.7058,0.7058,0.7058,0.7058,3
2026-03-16T13:53:00,0.7058,0.7062,0.7058,0.7062,9
2026-03-16T13:54:00,0.7062,0.7062,0.7062,0.7062,12
2026-03-16T13:55:00,0.7061,0.7062,0.7061,0.7062,8
2026-03-16T13:56:00,0.7062,0.7062,0.7061,0.7062,3
2026-03-16T13:57:00,0.7063,0.7065,0.7063,0.7065,31
2026-03-16T13:58:00,0.7065,0.7066,0.7065,0.7065,13
2026-03-16T13:59:00,0.7065,0.7065,0.7064,0.7064,13
2026-03-16T14:00:00,0.7064,0.7064,0.7062,0.7064,8
2026-03-16T14:01:00,0.7066,0.7066,0.7066,0.7066,23
2026-03-16T14:02:00,0.7066,0.7068,0.7065,0.7068,30
2026-03-16T14:03:00,0.7067,0.7067,0.7066,0.7066,8
2026-03-16T14:04:00,0.7063,0.7063,0.7063,0.7063,3
2026-03-16T14:05:00,0.7063,0.7064,0.7061,0.7061,5
2026-03-16T14:06:00,0.7062,0.7064,0.7062,0.7063,18
2026-03-16T14:07:00,0.7065,0.7065,0.7065,0.7065,4
2026-03-16T14:08:00,0.7066,0.7067,0.7065,0.7067,4
2026-03-16T14:09:00,0.7068,0.7068,0.7067,0.7067,2
2026-03-16T14:10:00,0.7065,0.7068,0.7065,0.7068,12
2026-03-16T14:11:00,0.7069,0.7069,0.7069,0.7069,10
2026-03-16T14:12:00,0.7069,0.7069,0.7068,0.7068,2
2026-03-16T14:13:00,0.7066,0.7066,0.7066,0.7066,8
2026-03-16T14:15:00,0.7067,0.7067,0.7065,0.7065,5
2026-03-16T14:16:00,0.7065,0.7065,0.7065,0.7065,7
2026-03-16T14:19:00,0.7066,0.7066,0.7063,0.7063,37
2026-03-16T14:20:00,0.7064,0.7065,0.7064,0.7065,4
2026-03-16T14:21:00,0.7066,0.7067,0.7066,0.7067,2
2026-03-16T14:22:00,0.7065,0.7065,0.7065,0.7065,1
2026-03-16T14:23:00,0.7066,0.7066,0.7064,0.7064,14
2026-03-16T14:24:00,0.7064,0.7064,0.7064,0.7064,6
2026-03-16T14:25:00,0.7063,0.7063,0.7063,0.7063,36
2026-03-16T14:26:00,0.7062,0.7063,0.7062,0.7063,2
2026-03-16T14:27:00,0.7062,0.7063,0.7062,0.7063,2
2026-03-16T14:28:00,0.7063,0.7063,0.7063,0.7063,2
2026-03-16T14:29:00,0.7063,0.7063,0.706,0.706,30
2026-03-16T14:30:00,0.706,0.706,0.7057,0.7057,28
2026-03-16T14:31:00,0.7058,0.7058,0.7058,0.7058,4
2026-03-16T14:32:00,0.7057,0.7059,0.7057,0.7057,38
2026-03-16T14:33:00,0.7057,0.7057,0.7056,0.7056,5
2026-03-16T14:34:00,0.7055,0.7056,0.7055,0.7055,21
2026-03-16T14:35:00,0.7055,0.7057,0.7055,0.7057,4
2026-03-16T14:36:00,0.7059,0.7059,0.7057,0.7057,2
2026-03-16T14:37:00,0.7056,0.7057,0.7055,0.7055,5
2026-03-16T14:38:00,0.7054,0.7054,0.7052,0.7052,22
2026-03-16T14:39:00,0.7052,0.7053,0.7052,0.7053,8
2026-03-16T14:40:00,0.7052,0.7052,0.705,0.705,20
2026-03-16T14:41:00,0.7051,0.7052,0.705,0.7051,13
2026-03-16T14:42:00,0.7052,0.7052,0.7052,0.7052,1
2026-03-16T14:43:00,0.705,0.705,0.705,0.705,10
2026-03-16T14:44:00,0.7049,0.7049,0.7048,0.7049,12
2026-03-16T14:45:00,0.705,0.705,0.7049,0.7049,9
2026-03-16T14:46:00,0.705,0.705,0.7049,0.705,3
2026-03-16T14:47:00,0.7049,0.7049,0.7047,0.7047,10
2026-03-16T14:48:00,0.7047,0.7051,0.7047,0.705,7
2026-03-16T14:49:00,0.7051,0.7051,0.7051,0.7051,4
2026-03-16T14:50:00,0.7051,0.7051,0.705,0.7051,9
2026-03-16T14:51:00,0.7051,0.7053,0.7051,0.7053,4
2026-03-16T14:52:00,0.7052,0.7053,0.7052,0.7053,24
2026-03-16T14:53:00,0.7052,0.7052,0.7052,0.7052,1
2026-03-16T14:54:00,0.7055,0.7055,0.7055,0.7055,6
2026-03-16T14:55:00,0.7055,0.7056,0.7055,0.7056,10
2026-03-16T14:56:00,0.7056,0.7056,0.7056,0.7056,9
2026-03-16T14:57:00,0.7055,0.7056,0.7055,0.7056,5
2026-03-16T14:58:00,0.7056,0.7056,0.7055,0.7055,3
2026-03-16T14:59:00,0.7054,0.7054,0.7054,0.7054,1
2026-03-16T15:00:00,0.7056,0.7058,0.7056,0.7058,10
2026-03-16T15:01:00,0.7056,0.7057,0.7055,0.7057,10
2026-03-16T15:02:00,0.7056,0.7056,0.7055,0.7055,5
2026-03-16T15:04:00,0.7055,0.7055,0.7054,0.7054,6
2026-03-16T15:05:00,0.7053,0.7053,0.7053,0.7053,1
2026-03-16T15:06:00,0.7052,0.7053,0.7052,0.7053,13
2026-03-16T15:07:00,0.7054,0.7054,0.7053,0.7053,4
2026-03-16T15:08:00,0.7055,0.7056,0.7055,0.7055,66
2026-03-16T15:09:00,0.7055,0.7058,0.7055,0.7056,5
2026-03-16T15:10:00,0.7056,0.7056,0.7053,0.7054,12
2026-03-16T15:11:00,0.7053,0.7053,0.7053,0.7053,11
2026-03-16T15:13:00,0.7054,0.7055,0.7054,0.7055,4
2026-03-16T15:14:00,0.7056,0.7056,0.7056,0.7056,2
2026-03-16T15:15:00,0.7057,0.7057,0.7055,0.7055,11
2026-03-16T15:16:00,0.7054,0.7055,0.7053,0.7053,15
2026-03-16T15:18:00,0.7057,0.7057,0.7057,0.7057,5
2026-03-16T15:19:00,0.7057,0.7057,0.7057,0.7057,2
2026-03-16T15:20:00,0.7056,0.7056,0.7056,0.7056,1
2026-03-16T15:22:00,0.7056,0.7056,0.7056,0.7056,2
2026-03-16T15:23:00,0.7058,0.7058,0.7057,0.7057,17
2026-03-16T15:24:00,0.7058,0.7058,0.7057,0.7057,2
2026-03-16T15:25:00,0.7056,0.7056,0.7056,0.7056,10
2026-03-16T15:27:00,0.7056,0.7056,0.7055,0.7055,56
2026-03-16T15:28:00,0.7053,0.7053,0.7053,0.7053,5
2026-03-16T15:29:00,0.7053,0.7053,0.7053,0.7053,1
2026-03-16T15:30:00,0.7054,0.7055,0.7053,0.7055,4
2026-03-16T15:31:00,0.7054,0.7054,0.7054,0.7054,11
2026-03-16T15:32:00,0.7055,0.7055,0.7054,0.7054,8
2026-03-16T15:33:00,0.7054,0.7054,0.7054,0.7054,1
2026-03-16T15:34:00,0.7055,0.7055,0.7055,0.7055,3
2026-03-16T15:35:00,0.7056,0.7056,0.7056,0.7056,3
2026-03-16T15:36:00,0.7054,0.7054,0.7054,0.7054,1
2026-03-16T15:37:00,0.7056,0.7056,0.7056,0.7056,1
2026-03-16T15:38:00,0.7055,0.7056,0.7055,0.7056,8
2026-03-16T15:39:00,0.7056,0.7056,0.7056,0.7056,1
2026-03-16T15:40:00,0.7055,0.7057,0.7055,0.7057,2
2026-03-16T15:41:00,0.7055,0.7056,0.7055,0.7055,27
2026-03-16T15:43:00,0.7054,0.7054,0.7054,0.7054,4
2026-03-16T15:44:00,0.7054,0.7054,0.7053,0.7054,8
2026-03-16T15:47:00,0.7054,0.7054,0.7054,0.7054,1
2026-03-16T15:48:00,0.7054,0.7055,0.7054,0.7055,3
2026-03-16T15:49:00,0.7055,0.7055,0.7054,0.7054,2
2026-03-16T15:50:00,0.7052,0.7052,0.7047,0.7048,29
2026-03-16T15:51:00,0.7048,0.7048,0.7045,0.7045,16
2026-03-16T15:52:00,0.7046,0.7046,0.7044,0.7044,6
2026-03-16T15:53:00,0.7043,0.7044,0.7042,0.7043,39
2026-03-16T15:54:00,0.7045,0.7046,0.7044,0.7044,103
2026-03-16T15:55:00,0.7044,0.7044,0.7043,0.7044,9
2026-03-16T15:56:00,0.7045,0.7047,0.7045,0.7047,25
2026-03-16T15:57:00,0.7047,0.7047,0.7047,0.7047,6
2026-03-16T15:58:00,0.7047,0.7047,0.7047,0.7047,1
2026-03-16T16:01:00,0.7047,0.7047,0.7047,0.7047,10
2026-03-16T16:02:00,0.7047,0.7048,0.7047,0.7048,10
2026-03-16T16:03:00,0.7049,0.7051,0.7049,0.705,11
2026-03-16T16:04:00,0.7047,0.7047,0.7047,0.7047,5
2026-03-16T16:05:00,0.7047,0.7048,0.7047,0.7048,14
2026-03-16T16:06:00,0.7049,0.705,0.7048,0.7048,21
2026-03-16T16:07:00,0.7048,0.7051,0.7048,0.7051,9
2026-03-16T16:08:00,0.7052,0.7052,0.7052,0.7052,6
2026-03-16T16:09:00,0.7052,0.7052,0.7051,0.7051,3
2026-03-16T16:10:00,0.7053,0.7053,0.7053,0.7053,8
2026-03-16T16:12:00,0.7051,0.7051,0.7051,0.7051,1
2026-03-16T16:13:00,0.705,0.705,0.705,0.705,8
2026-03-16T16:14:00,0.7049,0.7049,0.7049,0.7049,1
2026-03-16T16:15:00,0.7048,0.705,0.7048,0.705,6
2026-03-16T16:16:00,0.7048,0.7048,0.7048,0.7048,1
2026-03-16T16:17:00,0.7048,0.705,0.7048,0.705,6
2026-03-16T16:18:00,0.705,0.7051,0.705,0.705,17
2026-03-16T16:20:00,0.7047,0.7047,0.7047,0.7047,1
2026-03-16T16:21:00,0.7046,0.7047,0.7042,0.7042,58
2026-03-16T16:22:00,0.7041,0.7042,0.704,0.7041,26
2026-03-16T16:23:00,0.704,0.7043,0.704,0.7043,8
2026-03-16T16:24:00,0.7043,0.7043,0.704,0.704,4
2026-03-16T16:25:00,0.7039,0.7039,0.7039,0.7039,4
2026-03-16T16:27:00,0.7041,0.7042,0.7039,0.7039,12
2026-03-16T16:28:00,0.7039,0.704,0.7038,0.7038,11
2026-03-16T16:29:00,0.7039,0.7039,0.7038,0.7038,19
2026-03-16T16:30:00,0.704,0.704,0.7038,0.7039,27
2026-03-16T16:31:00,0.7039,0.7039,0.7038,0.7038,2
2026-03-16T16:32:00,0.704,0.704,0.704,0.704,5
2026-03-16T16:35:00,0.7041,0.7041,0.7041,0.7041,11
2026-03-16T16:36:00,0.7042,0.7043,0.7042,0.7043,3
2026-03-16T16:37:00,0.7043,0.7043,0.7042,0.7042,2
2026-03-16T16:38:00,0.7043,0.7043,0.7043,0.7043,3
2026-03-16T16:40:00,0.7046,0.7047,0.7046,0.7047,8
2026-03-16T16:41:00,0.7049,0.7049,0.7047,0.7047,6
2026-03-16T16:42:00,0.7047,0.7048,0.7047,0.7048,2
2026-03-16T16:43:00,0.705,0.705,0.705,0.705,5
2026-03-16T16:45:00,0.7047,0.7047,0.7046,0.7046,2
2026-03-16T16:46:00,0.7046,0.7046,0.7046,0.7046,1
2026-03-16T16:49:00,0.7049,0.7049,0.7049,0.7049,1
2026-03-16T16:50:00,0.7049,0.7049,0.7049,0.7049,2
2026-03-16T16:51:00,0.705,0.705,0.705,0.705,3
2026-03-16T16:52:00,0.7051,0.7051,0.7051,0.7051,1
2026-03-16T16:53:00,0.705,0.705,0.7049,0.7049,2
2026-03-16T16:54:00,0.7048,0.7048,0.7048,0.7048,5
2026-03-16T16:55:00,0.705,0.705,0.705,0.705,4
2026-03-16T16:56:00,0.7047,0.7047,0.7047,0.7047,2
2026-03-16T16:57:00,0.7049,0.7049,0.7047,0.7047,33
2026-03-16T17:00:00,0.7047,0.7054,0.7047,0.7054,95
2026-03-16T17:01:00,0.7053,0.7053,0.705,0.7051,24
2026-03-16T17:02:00,0.7051,0.7055,0.7051,0.7054,17
2026-03-16T17:03:00,0.7054,0.7055,0.7054,0.7055,20
2026-03-16T17:04:00,0.7052,0.7052,0.7052,0.7052,2
2026-03-16T17:05:00,0.7053,0.7055,0.7053,0.7054,53
2026-03-16T17:06:00,0.7052,0.7052,0.7052,0.7052,1
2026-03-16T17:07:00,0.7052,0.7053,0.7052,0.7052,12
2026-03-16T17:08:00,0.7052,0.7052,0.7052,0.7052,4
2026-03-16T17:09:00,0.7052,0.7054,0.7052,0.7052,16
2026-03-16T17:10:00,0.7052,0.7052,0.7051,0.7051,6
2026-03-16T17:11:00,0.705,0.7051,0.705,0.7051,20
2026-03-16T17:13:00,0.7054,0.7055,0.7054,0.7055,5
2026-03-16T17:14:00,0.7055,0.7056,0.7054,0.7054,8
2026-03-16T17:15:00,0.7053,0.7053,0.7053,0.7053,8
2026-03-16T17:16:00,0.7052,0.7052,0.7052,0.7052,3
2026-03-16T17:17:00,0.7051,0.7051,0.705,0.705,11
2026-03-16T17:18:00,0.7051,0.7051,0.7051,0.7051,3
2026-03-16T17:20:00,0.7053,0.7053,0.7052,0.7053,5
2026-03-16T17:24:00,0.7052,0.7052,0.7052,0.7052,3
2026-03-16T17:25:00,0.7053,0.7053,0.7053,0.7053,1
2026-03-16T17:27:00,0.7054,0.7054,0.7054,0.7054,4
2026-03-16T17:30:00,0.7052,0.7053,0.7052,0.7052,5
2026-03-16T17:31:00,0.7052,0.7052,0.7052,0.7052,9
2026-03-16T17:32:00,0.7052,0.7052,0.7052,0.7052,5
2026-03-16T17:35:00,0.7051,0.7051,0.7051,0.7051,3
2026-03-16T17:36:00,0.705,0.705,0.705,0.705,2
2026-03-16T17:39:00,0.705,0.705,0.705,0.705,1
2026-03-16T17:40:00,0.7049,0.7049,0.7049,0.7049,2
2026-03-16T17:42:00,0.7051,0.7051,0.7051,0.7051,5
2026-03-16T17:47:00,0.705,0.705,0.705,0.705,4
2026-03-16T17:49:00,0.7047,0.7047,0.7047,0.7047,4
2026-03-16T17:50:00,0.7045,0.7045,0.7045,0.7045,8
2026-03-16T17:51:00,0.7046,0.7048,0.7046,0.7048,3
2026-03-16T17:52:00,0.7048,0.7048,0.7048,0.7048,3
2026-03-16T17:53:00,0.7048,0.7048,0.7048,0.7048,1
2026-03-16T17:54:00,0.7048,0.7048,0.7048,0.7048,1
2026-03-16T17:56:00,0.705,0.705,0.705,0.705,1
2026-03-16T17:57:00,0.7049,0.7049,0.7048,0.7048,2
2026-03-16T17:58:00,0.7047,0.7047,0.7047,0.7047,1
2026-03-16T17:59:00,0.7049,0.7049,0.7049,0.7049,1
2026-03-16T18:00:00,0.7049,0.7049,0.7049,0.7049,3
2026-03-16T18:01:00,0.705,0.705,0.705,0.705,1
2026-03-16T18:04:00,0.7053,0.7053,0.7053,0.7053,3
2026-03-16T18:05:00,0.7054,0.7054,0.7054,0.7054,13
2026-03-16T18:06:00,0.7054,0.7056,0.7054,0.7054,96
2026-03-16T18:07:00,0.7054,0.7058,0.7054,0.7058,36
2026-03-16T18:08:00,0.7057,0.7058,0.7057,0.7057,11
2026-03-16T18:09:00,0.7055,0.7057,0.7055,0.7057,10
2026-03-16T18:10:00,0.7059,0.7059,0.7059,0.7059,5
2026-03-16T18:11:00,0.7057,0.7057,0.7056,0.7056,3
2026-03-16T18:12:00,0.7056,0.7056,0.7055,0.7055,10
2026-03-16T18:13:00,0.7057,0.7057,0.7057,0.7057,1
2026-03-16T18:16:00,0.7058,0.7058,0.7058,0.7058,1
2026-03-16T18:17:00,0.706,0.706,0.706,0.706,9
2026-03-16T18:18:00,0.706,0.706,0.706,0.706,2
2026-03-16T18:19:00,0.706,0.7061,0.706,0.7061,53
2026-03-16T18:20:00,0.7059,0.7059,0.7059,0.7059,4
2026-03-16T18:21:00,0.706,0.706,0.7059,0.7059,3
2026-03-16T18:24:00,0.7062,0.7063,0.7061,0.7061,16
2026-03-16T18:26:00,0.7064,0.7064,0.7064,0.7064,4
2026-03-16T18:27:00,0.7065,0.7066,0.7065,0.7066,8
2026-03-16T18:28:00,0.7064,0.7065,0.7064,0.7064,16
2026-03-16T18:29:00,0.7064,0.7064,0.7063,0.7063,4
2026-03-16T18:30:00,0.7064,0.7064,0.7064,0.7064,3
2026-03-16T18:31:00,0.7064,0.7064,0.7064,0.7064,3
2026-03-16T18:32:00,0.7064,0.7065,0.7064,0.7065,5
2026-03-16T18:33:00,0.7065,0.7065,0.7065,0.7065,4
2026-03-16T18:34:00,0.7065,0.7065,0.7065,0.7065,2
2026-03-16T18:35:00,0.7065,0.7066,0.7065,0.7066,2
2026-03-16T18:36:00,0.7065,0.7066,0.7065,0.7066,8
2026-03-16T18:37:00,0.7067,0.7067,0.7067,0.7067,7
2026-03-16T18:38:00,0.7068,0.7069,0.7068,0.7069,41
2026-03-16T18:39:00,0.7069,0.7069,0.7068,0.7068,5
2026-03-16T18:40:00,0.7069,0.7069,0.7068,0.7069,12
2026-03-16T18:41:00,0.7069,0.7069,0.7069,0.7069,2
2026-03-16T18:44:00,0.707,0.7071,0.7069,0.7069,14
2026-03-16T18:45:00,0.7071,0.7071,0.7071,0.7071,13
2026-03-16T18:46:00,0.7071,0.7071,0.7069,0.7069,10
2026-03-16T18:47:00,0.7069,0.7069,0.7069,0.7069,6
2026-03-16T18:48:00,0.707,0.707,0.707,0.707,4
2026-03-16T18:49:00,0.707,0.707,0.7069,0.7069,13
2026-03-16T18:50:00,0.7068,0.7068,0.7067,0.7067,6
2026-03-16T18:51:00,0.7067,0.7067,0.7067,0.7067,1
2026-03-16T18:52:00,0.7067,0.7067,0.7066,0.7067,9
2026-03-16T18:53:00,0.7067,0.7067,0.7067,0.7067,1
2026-03-16T18:54:00,0.7066,0.7069,0.7066,0.7069,5
2026-03-16T18:58:00,0.7067,0.7067,0.7067,0.7067,5
2026-03-16T18:59:00,0.7067,0.7067,0.7067,0.7067,7
2026-03-16T19:00:00,0.7069,0.7069,0.7069,0.7069,2
2026-03-16T19:02:00,0.7068,0.7069,0.7067,0.7069,16
2026-03-16T19:04:00,0.7067,0.7067,0.7067,0.7067,4
2026-03-16T19:05:00,0.7067,0.7067,0.7067,0.7067,2
2026-03-16T19:06:00,0.7067,0.7068,0.7066,0.7068,6
2026-03-16T19:08:00,0.7067,0.7067,0.7067,0.7067,3
2026-03-16T19:09:00,0.7068,0.7073,0.7068,0.7073,21
2026-03-16T19:10:00,0.7074,0.7076,0.7072,0.7073,67
2026-03-16T19:11:00,0.707,0.707,0.707,0.707,2
2026-03-16T19:12:00,0.7069,0.7069,0.7069,0.7069,1
2026-03-16T19:13:00,0.7069,0.7069,0.7069,0.7069,1
2026-03-16T19:14:00,0.7069,0.7069,0.7069,0.7069,1
2026-03-16T19:16:00,0.707,0.707,0.7069,0.7069,17
2026-03-16T19:18:00,0.7068,0.7068,0.7068,0.7068,1
2026-03-16T19:19:00,0.7068,0.7068,0.7067,0.7067,7
2026-03-16T19:20:00,0.7066,0.7068,0.7066,0.7068,2
2026-03-16T19:21:00,0.7068,0.7068,0.7068,0.7068,1
2026-03-16T19:22:00,0.7068,0.707,0.7068,0.707,5
2026-03-16T19:23:00,0.7069,0.7069,0.7068,0.7068,4
2026-03-16T19:25:00,0.7066,0.7066,0.7066,0.7066,3
2026-03-16T19:26:00,0.7064,0.7064,0.7064,0.7064,1
2026-03-16T19:29:00,0.7066,0.707,0.7066,0.7066,93
2026-03-16T19:30:00,0.7066,0.7067,0.7066,0.7067,19
2026-03-16T19:31:00,0.7068,0.7068,0.7068,0.7068,1
2026-03-16T19:32:00,0.7067,0.7068,0.7067,0.7067,3
2026-03-16T19:33:00,0.7068,0.7068,0.7068,0.7068,20
2026-03-16T19:34:00,0.7066,0.7066,0.7066,0.7066,1
2026-03-16T19:35:00,0.7066,0.7066,0.7066,0.7066,1
2026-03-16T19:37:00,0.7068,0.7068,0.7068,0.7068,1
2026-03-16T19:38:00,0.7068,0.7068,0.7068,0.7068,1
2026-03-16T19:39:00,0.7068,0.7068,0.7067,0.7067,6
2026-03-16T19:40:00,0.7067,0.7067,0.7067,0.7067,1
2026-03-16T19:41:00,0.7065,0.7065,0.7065,0.7065,3
2026-03-16T19:42:00,0.7064,0.7064,0.7064,0.7064,5
2026-03-16T19:43:00,0.7063,0.7063,0.7063,0.7063,1
2026-03-16T19:44:00,0.7063,0.7063,0.7062,0.7063,53
2026-03-16T19:45:00,0.7064,0.7064,0.7064,0.7064,6
2026-03-16T19:46:00,0.7063,0.7063,0.7063,0.7063,5
2026-03-16T19:47:00,0.7062,0.7062,0.7062,0.7062,1
2026-03-16T19:48:00,0.7062,0.7062,0.7062,0.7062,3
2026-03-16T19:49:00,0.7062,0.7063,0.7062,0.7063,3
2026-03-16T19:50:00,0.7062,0.7064,0.7062,0.7064,3
2026-03-16T19:51:00,0.7064,0.7065,0.7064,0.7065,4
2026-03-16T19:52:00,0.7065,0.7065,0.7064,0.7064,7
2026-03-16T19:53:00,0.7064,0.7064,0.7064,0.7064,4
2026-03-16T19:54:00,0.7064,0.7065,0.7064,0.7065,4
2026-03-16T19:55:00,0.7065,0.7065,0.7064,0.7065,3
2026-03-16T19:56:00,0.7064,0.7064,0.7064,0.7064,1
2026-03-16T19:57:00,0.7065,0.7065,0.7065,0.7065,7
2026-03-16T19:58:00,0.7066,0.7066,0.7066,0.7066,6
2026-03-16T20:00:00,0.7067,0.7067,0.7067,0.7067,4
2026-03-16T20:01:00,0.7066,0.7066,0.7066,0.7066,1
2026-03-16T20:02:00,0.7066,0.7066,0.7065,0.7065,11
2026-03-16T20:04:00,0.7065,0.7065,0.7064,0.7064,5
2026-03-16T20:05:00,0.7065,0.7065,0.7065,0.7065,5
2026-03-16T20:06:00,0.7066,0.7067,0.7066,0.7067,7
2026-03-16T20:07:00,0.7067,0.7067,0.7066,0.7066,14
2026-03-16T20:08:00,0.7067,0.7067,0.7067,0.7067,4
2026-03-16T20:09:00,0.7066,0.7066,0.7066,0.7066,3
2026-03-16T20:11:00,0.7067,0.7068,0.7067,0.7068,70
2026-03-16T20:12:00,0.7066,0.7066,0.7065,0.7065,39
2026-03-16T20:14:00,0.7066,0.7066,0.7066,0.7066,5
2026-03-16T20:15:00,0.7067,0.7067,0.7067,0.7067,4
2026-03-16T20:21:00,0.7064,0.7064,0.7064,0.7064,6
2026-03-16T20:22:00,0.7065,0.7065,0.7064,0.7064,9
2026-03-16T20:23:00,0.7062,0.7062,0.7062,0.7062,1
2026-03-16T20:24:00,0.7062,0.7062,0.7062,0.7062,1
2026-03-16T20:28:00,0.7064,0.7064,0.7064,0.7064,1
2026-03-16T20:29:00,0.7064,0.7064,0.7064,0.7064,3
2026-03-16T20:32:00,0.7065,0.7065,0.7063,0.7063,11
2026-03-16T20:33:00,0.7064,0.7064,0.7064,0.7064,1
2026-03-16T20:36:00,0.7063,0.7063,0.7063,0.7063,12
2026-03-16T20:38:00,0.7064,0.7064,0.7064,0.7064,1
2026-03-16T20:39:00,0.7064,0.7064,0.7064,0.7064,1
2026-03-16T20:40:00,0.7063,0.7063,0.7063,0.7063,2
2026-03-16T20:41:00,0.7063,0.7063,0.7063,0.7063,5
2026-03-16T20:42:00,0.7064,0.7064,0.7064,0.7064,2
2026-03-16T20:43:00,0.7063,0.7064,0.7063,0.7063,13
2026-03-16T20:44:00,0.7064,0.7065,0.7063,0.7063,22
2026-03-16T20:45:00,0.7065,0.7065,0.7064,0.7064,3
2026-03-16T20:46:00,0.7063,0.7063,0.7063,0.7063,3
2026-03-16T20:48:00,0.7065,0.7065,0.7065,0.7065,3
2026-03-16T20:50:00,0.7064,0.7065,0.7064,0.7065,3
2026-03-16T20:51:00,0.7064,0.7065,0.7064,0.7065,3
2026-03-16T20:52:00,0.7064,0.7065,0.7064,0.7065,14
2026-03-16T20:53:00,0.7066,0.7066,0.7065,0.7065,7
2026-03-16T20:57:00,0.7064,0.7064,0.7064,0.7064,5
2026-03-16T20:59:00,0.7064,0.7064,0.7063,0.7063,11
2026-03-16T22:00:00,0.7062,0.7064,0.7062,0.7063,12
2026-03-16T22:01:00,0.7064,0.7064,0.7064,0.7064,9
2026-03-16T22:02:00,0.7065,0.7065,0.7062,0.7062,14
2026-03-16T22:03:00,0.7063,0.7063,0.7061,0.7061,31
2026-03-16T22:04:00,0.7062,0.7062,0.7062,0.7062,6
2026-03-16T22:05:00,0.7062,0.7062,0.7062,0.7062,3
2026-03-16T22:06:00,0.7062,0.7062,0.7061,0.7061,8
2026-03-16T22:07:00,0.7062,0.7062,0.706,0.7061,22
2026-03-16T22:09:00,0.7061,0.7061,0.7061,0.7061,8
2026-03-16T22:10:00,0.7061,0.7061,0.706,0.706,8
2026-03-16T22:11:00,0.706,0.7061,0.706,0.706,3
2026-03-16T22:12:00,0.7061,0.7061,0.7061,0.7061,4
2026-03-16T22:13:00,0.7061,0.7061,0.7061,0.7061,1
2026-03-16T22:14:00,0.7061,0.7062,0.7061,0.7061,12
2026-03-16T22:17:00,0.706,0.706,0.706,0.706,17
2026-03-16T22:18:00,0.7061,0.7061,0.706,0.706,2
2026-03-16T22:19:00,0.7061,0.7061,0.7061,0.7061,2
2026-03-16T22:20:00,0.7061,0.7061,0.7061,0.7061,3
2026-03-16T22:21:00,0.706,0.7061,0.706,0.7061,2
2026-03-16T22:22:00,0.706,0.706,0.706,0.706,7
2026-03-16T22:23:00,0.7059,0.7059,0.7059,0.7059,1
2026-03-16T22:24:00,0.7059,0.7059,0.7059,0.7059,1
2026-03-16T22:25:00,0.706,0.706,0.706,0.706,4
2026-03-16T22:26:00,0.706,0.706,0.706,0.706,5
2026-03-16T22:27:00,0.706,0.706,0.706,0.706,1
2026-03-16T22:30:00,0.706,0.706,0.706,0.706,6
2026-03-16T22:33:00,0.706,0.706,0.7059,0.7059,4
2026-03-16T22:35:00,0.706,0.706,0.706,0.706,1
2026-03-16T22:36:00,0.7058,0.7059,0.7058,0.7059,28
2026-03-16T22:40:00,0.7059,0.7059,0.7059,0.7059,6
2026-03-16T22:41:00,0.7059,0.7059,0.7059,0.7059,1
2026-03-16T22:42:00,0.7059,0.7059,0.7059,0.7059,1
2026-03-16T22:45:00,0.706,0.706,0.706,0.706,4
2026-03-16T22:46:00,0.706,0.706,0.706,0.706,1
2026-03-16T22:50:00,0.7059,0.7059,0.7058,0.7059,10
2026-03-16T22:52:00,0.7058,0.7058,0.7058,0.7058,13
2026-03-16T22:53:00,0.7057,0.7057,0.7057,0.7057,1
2026-03-16T22:54:00,0.7058,0.7058,0.7058,0.7058,1
2026-03-16T22:55:00,0.7058,0.7058,0.7058,0.7058,1
2026-03-16T22:56:00,0.7059,0.7059,0.7059,0.7059,6
2026-03-16T22:57:00,0.7059,0.7059,0.7058,0.7058,7
2026-03-16T22:58:00,0.7058,0.7058,0.7058,0.7058,7
2026-03-16T23:00:00,0.7057,0.7058,0.7057,0.7058,6
2026-03-16T23:01:00,0.7059,0.7059,0.7059,0.7059,1
2026-03-16T23:02:00,0.7058,0.7058,0.7058,0.7058,1
2026-03-16T23:04:00,0.7058,0.7058,0.7058,0.7058,5
2026-03-16T23:05:00,0.7058,0.7058,0.7058,0.7058,1
2026-03-16T23:06:00,0.7058,0.7058,0.7058,0.7058,3
2026-03-16T23:10:00,0.7058,0.7058,0.7057,0.7057,4
2026-03-16T23:13:00,0.7057,0.7057,0.7057,0.7057,4
2026-03-16T23:15:00,0.7056,0.7056,0.7056,0.7056,4
2026-03-16T23:16:00,0.7056,0.7056,0.7056,0.7056,2
2026-03-16T23:17:00,0.7056,0.7056,0.7056,0.7056,5
2026-03-16T23:18:00,0.7056,0.7056,0.7056,0.7056,7
2026-03-16T23:19:00,0.7056,0.7056,0.7056,0.7056,5
2026-03-16T23:21:00,0.7056,0.7056,0.7056,0.7056,1
2026-03-16T23:22:00,0.7056,0.7056,0.7056,0.7056,3
2026-03-16T23:26:00,0.7056,0.7057,0.7056,0.7057,8
2026-03-16T23:27:00,0.7056,0.7056,0.7056,0.7056,1
2026-03-16T23:28:00,0.7057,0.7057,0.7057,0.7057,1
2026-03-16T23:29:00,0.7058,0.7058,0.7058,0.7058,4
2026-03-16T23:30:00,0.7057,0.7057,0.7057,0.7057,1
2026-03-16T23:31:00,0.7058,0.7058,0.7058,0.7058,2
2026-03-16T23:33:00,0.7058,0.7059,0.7058,0.7059,2
2026-03-16T23:34:00,0.7058,0.7058,0.7058,0.7058,1
2026-03-16T23:38:00,0.706,0.706,0.706,0.706,1
2026-03-16T23:39:00,0.7061,0.7061,0.7061,0.7061,1
2026-03-16T23:40:00,0.7061,0.7061,0.7061,0.7061,8
2026-03-16T23:41:00,0.7061,0.7061,0.7061,0.7061,3
2026-03-16T23:43:00,0.706,0.706,0.706,0.706,1
2026-03-16T23:44:00,0.706,0.706,0.706,0.706,1
2026-03-16T23:46:00,0.7061,0.7061,0.706,0.706,7
2026-03-16T23:47:00,0.706,0.706,0.706,0.706,1
2026-03-16T23:48:00,0.706,0.706,0.706,0.706,10
2026-03-16T23:50:00,0.7062,0.7062,0.7062,0.7062,4
2026-03-16T23:51:00,0.7062,0.7062,0.7062,0.7062,7
2026-03-16T23:53:00,0.7061,0.7061,0.7061,0.7061,1
2026-03-16T23:56:00,0.7061,0.7061,0.7061,0.7061,1
2026-03-16T23:57:00,0.7061,0.7061,0.7061,0.7061,5
2026-03-16T23:58:00,0.706,0.706,0.706,0.706,4
2026-03-17T00:00:00,0.706,0.706,0.7058,0.7058,24
2026-03-17T00:01:00,0.7058,0.7058,0.7058,0.7058,1
2026-03-17T00:02:00,0.7058,0.7058,0.7056,0.7056,17
2026-03-17T00:05:00,0.7056,0.7056,0.7055,0.7055,4
2026-03-17T00:06:00,0.7057,0.7059,0.7057,0.7059,2
2026-03-17T00:08:00,0.7056,0.7056,0.7055,0.7055,6
2026-03-17T00:09:00,0.7055,0.7056,0.7055,0.7056,6
2026-03-17T00:10:00,0.7056,0.7056,0.7056,0.7056,4
2026-03-17T00:11:00,0.7056,0.7057,0.7056,0.7056,12
2026-03-17T00:12:00,0.7056,0.7056,0.7055,0.7055,2
2026-03-17T00:13:00,0.7056,0.7056,0.7056,0.7056,1
2026-03-17T00:14:00,0.7056,0.7057,0.7056,0.7057,5
2026-03-17T00:15:00,0.7056,0.7056,0.7056,0.7056,4
2026-03-17T00:16:00,0.7057,0.7057,0.7057,0.7057,4
2026-03-17T00:17:00,0.7058,0.7058,0.7056,0.7056,6
2026-03-17T00:18:00,0.7057,0.7057,0.7057,0.7057,7
2026-03-17T00:21:00,0.7057,0.7057,0.7057,0.7057,16
2026-03-17T00:24:00,0.7056,0.7056,0.7056,0.7056,1
2026-03-17T00:25:00,0.7055,0.7055,0.7054,0.7055,12
2026-03-17T00:26:00,0.7055,0.7055,0.7055,0.7055,1
2026-03-17T00:27:00,0.7055,0.7055,0.7055,0.7055,3
2026-03-17T00:28:00,0.7055,0.7055,0.7055,0.7055,5
2026-03-17T00:29:00,0.7055,0.7056,0.7055,0.7056,2
2026-03-17T00:30:00,0.7056,0.7056,0.7056,0.7056,6
2026-03-17T00:32:00,0.7057,0.7058,0.7057,0.7058,6
2026-03-17T00:34:00,0.7057,0.7057,0.7057,0.7057,1
2026-03-17T00:35:00,0.7059,0.7059,0.7059,0.7059,1
2026-03-17T00:36:00,0.706,0.706,0.706,0.706,9
2026-03-17T00:37:00,0.7059,0.7059,0.7058,0.7058,8
2026-03-17T00:39:00,0.7058,0.7058,0.7057,0.7057,6
2026-03-17T00:40:00,0.7057,0.7057,0.7057,0.7057,5
2026-03-17T00:41:00,0.7056,0.7056,0.7056,0.7056,5
2026-03-17T00:42:00,0.7054,0.7054,0.7052,0.7053,20
2026-03-17T00:43:00,0.7054,0.7054,0.7054,0.7054,5
2026-03-17T00:44:00,0.7054,0.7054,0.7054,0.7054,1
2026-03-17T00:49:00,0.7056,0.7056,0.7055,0.7055,2
2026-03-17T00:51:00,0.7055,0.7055,0.7054,0.7054,2
2026-03-17T00:52:00,0.7053,0.7054,0.7053,0.7054,6
2026-03-17T00:53:00,0.7054,0.7054,0.7054,0.7054,11
2026-03-17T00:54:00,0.7055,0.7055,0.7054,0.7054,9
2026-03-17T00:55:00,0.7054,0.7054,0.7054,0.7054,23
2026-03-17T00:56:00,0.7053,0.7053,0.7053,0.7053,3
2026-03-17T00:57:00,0.7053,0.7055,0.7053,0.7055,4
2026-03-17T00:58:00,0.7056,0.7056,0.7056,0.7056,1
2026-03-17T00:59:00,0.7055,0.7055,0.7054,0.7054,6
2026-03-17T01:00:00,0.7054,0.7055,0.7054,0.7055,32
2026-03-17T01:01:00,0.7056,0.7057,0.7056,0.7057,9
2026-03-17T01:02:00,0.7056,0.7057,0.7056,0.7057,7
2026-03-17T01:03:00,0.7056,0.7056,0.7055,0.7055,3
2026-03-17T01:04:00,0.7056,0.7056,0.7056,0.7056,3
2026-03-17T01:05:00,0.7056,0.7056,0.7056,0.7056,11
2026-03-17T01:06:00,0.7056,0.7056,0.7056,0.7056,1
2026-03-17T01:07:00,0.7058,0.7059,0.7058,0.7059,21
2026-03-17T01:08:00,0.7058,0.7058,0.7058,0.7058,2
2026-03-17T01:09:00,0.7058,0.7059,0.7058,0.7059,12
2026-03-17T01:13:00,0.7063,0.7064,0.7062,0.7062,12
2026-03-17T01:14:00,0.7063,0.7063,0.7062,0.7062,3
2026-03-17T01:15:00,0.7062,0.7062,0.7061,0.7062,12
2026-03-17T01:16:00,0.7061,0.7061,0.706,0.706,33
2026-03-17T01:17:00,0.706,0.706,0.7059,0.7059,8
2026-03-17T01:18:00,0.706,0.706,0.7059,0.7059,2
2026-03-17T01:19:00,0.7059,0.7059,0.7059,0.7059,1
2026-03-17T01:20:00,0.7059,0.7059,0.7059,0.7059,5
2026-03-17T01:22:00,0.7061,0.7061,0.706,0.706,3
2026-03-17T01:23:00,0.706,0.706,0.706,0.706,1
2026-03-17T01:24:00,0.706,0.706,0.706,0.706,1
2026-03-17T01:25:00,0.7059,0.706,0.7059,0.706,2
2026-03-17T01:28:00,0.7061,0.7061,0.7061,0.7061,5
2026-03-17T01:29:00,0.7061,0.7062,0.7061,0.7062,5
2026-03-17T01:30:00,0.7062,0.7062,0.7062,0.7062,2
2026-03-17T01:31:00,0.7064,0.7064,0.7064,0.7064,5
2026-03-17T01:33:00,0.7062,0.7062,0.7062,0.7062,2
2026-03-17T01:34:00,0.7062,0.7062,0.7062,0.7062,5
2026-03-17T01:35:00,0.7064,0.7065,0.7064,0.7065,10
2026-03-17T01:36:00,0.7065,0.7065,0.7065,0.7065,2
2026-03-17T01:37:00,0.7066,0.7066,0.7064,0.7064,9
2026-03-17T01:38:00,0.7064,0.7064,0.7062,0.7062,6
2026-03-17T01:41:00,0.7061,0.7061,0.7061,0.7061,1
2026-03-17T01:42:00,0.706,0.7061,0.706,0.7061,3
2026-03-17T01:43:00,0.7063,0.7063,0.7063,0.7063,3
2026-03-17T01:44:00,0.7063,0.7063,0.7062,0.7062,5
2026-03-17T01:45:00,0.7061,0.7062,0.7061,0.7062,2
2026-03-17T01:46:00,0.7063,0.7063,0.7063,0.7063,1
2026-03-17T01:47:00,0.7064,0.7064,0.7064,0.7064,2
2026-03-17T01:48:00,0.7065,0.7065,0.7065,0.7065,4
2026-03-17T01:49:00,0.7066,0.7066,0.7066,0.7066,1
2026-03-17T01:50:00,0.7066,0.7067,0.7066,0.7067,8
2026-03-17T01:51:00,0.7067,0.7067,0.7067,0.7067,2
2026-03-17T01:53:00,0.7067,0.7068,0.7067,0.7068,11
2026-03-17T01:54:00,0.7068,0.7069,0.7068,0.7069,14
2026-03-17T01:55:00,0.707,0.707,0.707,0.707,6
2026-03-17T01:56:00,0.7069,0.7069,0.7069,0.7069,1
2026-03-17T01:57:00,0.7071,0.7072,0.7071,0.7072,18
2026-03-17T01:58:00,0.7072,0.7073,0.7072,0.7073,26
2026-03-17T01:59:00,0.7073,0.7073,0.7072,0.7073,7
2026-03-17T02:00:00,0.7073,0.7073,0.7072,0.7073,15
2026-03-17T02:01:00,0.7073,0.7073,0.7072,0.7072,4
2026-03-17T02:02:00,0.7073,0.7073,0.7072,0.7072,11
2026-03-17T02:03:00,0.7074,0.7074,0.7072,0.7072,28
2026-03-17T02:04:00,0.7072,0.7073,0.7072,0.7073,6
2026-03-17T02:05:00,0.7073,0.7074,0.7073,0.7074,17
2026-03-17T02:06:00,0.7075,0.7076,0.7075,0.7075,14
2026-03-17T02:07:00,0.7074,0.7074,0.7074,0.7074,1
2026-03-17T02:08:00,0.7073,0.7075,0.7073,0.7075,8
2026-03-17T02:09:00,0.7074,0.7074,0.7073,0.7073,6
2026-03-17T02:11:00,0.7072,0.7074,0.7072,0.7074,25
2026-03-17T02:12:00,0.7075,0.7075,0.7074,0.7074,5
2026-03-17T02:14:00,0.7074,0.7074,0.7074,0.7074,1
2026-03-17T02:15:00,0.7075,0.7075,0.7075,0.7075,3
2026-03-17T02:16:00,0.7074,0.7075,0.7074,0.7075,2
2026-03-17T02:17:00,0.7076,0.7077,0.7076,0.7076,21
2026-03-17T02:18:00,0.7076,0.7076,0.7076,0.7076,1
2026-03-17T02:19:00,0.7077,0.7077,0.7077,0.7077,1
2026-03-17T02:20:00,0.7078,0.7078,0.7078,0.7078,6
2026-03-17T02:21:00,0.7077,0.7077,0.7076,0.7076,8
2026-03-17T02:22:00,0.7075,0.7076,0.7074,0.7076,17
2026-03-17T02:23:00,0.7076,0.7076,0.7076,0.7076,1
2026-03-17T02:24:00,0.7076,0.7076,0.7074,0.7074,3
2026-03-17T02:25:00,0.7074,0.7075,0.7074,0.7075,3
2026-03-17T02:26:00,0.7075,0.7076,0.7075,0.7076,20
2026-03-17T02:27:00,0.7076,0.7076,0.7076,0.7076,2
2026-03-17T02:28:00,0.7077,0.7077,0.7077,0.7077,2
2026-03-17T02:29:00,0.7076,0.7076,0.7076,0.7076,4
2026-03-17T02:30:00,0.7075,0.7075,0.7075,0.7075,2
2026-03-17T02:31:00,0.7075,0.7075,0.7075,0.7075,1
2026-03-17T02:32:00,0.7075,0.7075,0.7075,0.7075,1
2026-03-17T02:33:00,0.7075,0.7078,0.7075,0.7077,13
2026-03-17T02:35:00,0.7078,0.7078,0.7078,0.7078,2
2026-03-17T02:36:00,0.7077,0.7077,0.7077,0.7077,4
2026-03-17T02:38:00,0.7078,0.7078,0.7077,0.7077,7
2026-03-17T02:40:00,0.7076,0.7076,0.7075,0.7075,11
2026-03-17T02:41:00,0.7075,0.7075,0.7075,0.7075,6
2026-03-17T02:43:00,0.7075,0.7075,0.7075,0.7075,1
2026-03-17T02:45:00,0.7075,0.7075,0.7075,0.7075,1
2026-03-17T02:46:00,0.7074,0.7074,0.7073,0.7073,3
2026-03-17T02:48:00,0.7072,0.7072,0.7072,0.7072,8
2026-03-17T02:52:00,0.7073,0.7073,0.7072,0.7072,5
2026-03-17T02:55:00,0.7072,0.7072,0.7071,0.7071,4
2026-03-17T02:56:00,0.7071,0.7071,0.7071,0.7071,8
2026-03-17T02:57:00,0.7071,0.7071,0.707,0.707,4
2026-03-17T02:59:00,0.7068,0.7069,0.7068,0.7068,29
2026-03-17T03:00:00,0.7068,0.7068,0.7068,0.7068,4
2026-03-17T03:02:00,0.7069,0.707,0.7069,0.707,3
2026-03-17T03:03:00,0.707,0.707,0.707,0.707,3
2026-03-17T03:04:00,0.707,0.7071,0.707,0.7071,2
2026-03-17T03:05:00,0.7071,0.7071,0.7071,0.7071,4
2026-03-17T03:06:00,0.7071,0.7071,0.7071,0.7071,4
2026-03-17T03:08:00,0.7071,0.7071,0.7071,0.7071,4
2026-03-17T03:11:00,0.7072,0.7072,0.7072,0.7072,8
2026-03-17T03:12:00,0.7071,0.7071,0.7071,0.7071,9
2026-03-17T03:14:00,0.7072,0.7072,0.7072,0.7072,3
2026-03-17T03:15:00,0.7073,0.7073,0.7073,0.7073,2
2026-03-17T03:16:00,0.7074,0.7074,0.7074,0.7074,8
2026-03-17T03:17:00,0.7074,0.7074,0.7074,0.7074,3
2026-03-17T03:18:00,0.7074,0.7074,0.7074,0.7074,2
2026-03-17T03:19:00,0.7075,0.7077,0.7075,0.7077,11
2026-03-17T03:20:00,0.7077,0.7077,0.7076,0.7077,9
2026-03-17T03:21:00,0.7077,0.7077,0.7076,0.7076,2
2026-03-17T03:22:00,0.7076,0.7076,0.7075,0.7075,10
2026-03-17T03:23:00,0.7075,0.7076,0.7075,0.7076,5
2026-03-17T03:24:00,0.7076,0.7076,0.7076,0.7076,5
2026-03-17T03:26:00,0.7074,0.7075,0.7074,0.7075,3
2026-03-17T03:27:00,0.7075,0.7075,0.7074,0.7074,12
2026-03-17T03:28:00,0.7074,0.7074,0.7073,0.7073,12
2026-03-17T03:29:00,0.7074,0.7075,0.7074,0.7075,12
2026-03-17T03:30:00,0.7077,0.7087,0.7049,0.7057,700
2026-03-17T03:31:00,0.7056,0.7059,0.7051,0.7052,202
2026-03-17T03:32:00,0.7053,0.7055,0.7048,0.7052,107
2026-03-17T03:33:00,0.7053,0.7062,0.7053,0.7061,81
2026-03-17T03:34:00,0.7061,0.7065,0.7058,0.7058,35
2026-03-17T03:35:00,0.706,0.7062,0.7054,0.7054,36
2026-03-17T03:36:00,0.7054,0.7057,0.7054,0.7054,22
2026-03-17T03:37:00,0.7056,0.7056,0.7053,0.7053,12
2026-03-17T03:38:00,0.7053,0.7056,0.7052,0.7052,29
2026-03-17T03:39:00,0.7053,0.7054,0.7053,0.7054,20
2026-03-17T03:40:00,0.7053,0.7053,0.7052,0.7052,6
2026-03-17T03:41:00,0.7052,0.7052,0.7048,0.7049,38
2026-03-17T03:42:00,0.7048,0.7049,0.7045,0.7045,47
2026-03-17T03:43:00,0.7046,0.7047,0.7045,0.7047,23
2026-03-17T03:44:00,0.7047,0.7047,0.7041,0.7043,85
2026-03-17T03:45:00,0.7043,0.7047,0.7043,0.7046,39
2026-03-17T03:46:00,0.7046,0.7049,0.7046,0.7049,8
2026-03-17T03:47:00,0.705,0.705,0.7047,0.7049,37
2026-03-17T03:48:00,0.7048,0.7049,0.7047,0.7049,20
2026-03-17T03:49:00,0.7048,0.705,0.7048,0.705,6
2026-03-17T03:50:00,0.705,0.7051,0.705,0.7051,5
2026-03-17T03:51:00,0.7053,0.7053,0.7052,0.7052,9
2026-03-17T03:52:00,0.7052,0.7053,0.7052,0.7053,9
2026-03-17T03:53:00,0.7053,0.7053,0.7053,0.7053,6
2026-03-17T03:54:00,0.7053,0.7053,0.7053,0.7053,3
2026-03-17T03:55:00,0.7055,0.7057,0.7055,0.7056,19
2026-03-17T03:56:00,0.7056,0.7057,0.7056,0.7057,2
2026-03-17T03:58:00,0.7056,0.7058,0.7056,0.7058,23
2026-03-17T04:00:00,0.7056,0.7057,0.7056,0.7057,2
2026-03-17T04:01:00,0.7056,0.7056,0.7055,0.7055,24
2026-03-17T04:02:00,0.7054,0.7056,0.7054,0.7056,5
2026-03-17T04:03:00,0.7056,0.7058,0.7056,0.7058,6
2026-03-17T04:04:00,0.7058,0.7058,0.7057,0.7057,13
2026-03-17T04:05:00,0.7057,0.7057,0.7057,0.7057,13
2026-03-17T04:06:00,0.7056,0.7056,0.7056,0.7056,3
2026-03-17T04:07:00,0.7055,0.7055,0.7055,0.7055,12
2026-03-17T04:08:00,0.7056,0.7056,0.7056,0.7056,3
2026-03-17T04:09:00,0.7055,0.7055,0.7055,0.7055,6
2026-03-17T04:10:00,0.7055,0.7056,0.7055,0.7056,7
2026-03-17T04:11:00,0.7053,0.7053,0.7053,0.7053,1
2026-03-17T04:12:00,0.7054,0.7054,0.7054,0.7054,2
2026-03-17T04:13:00,0.7054,0.7054,0.7054,0.7054,1
2026-03-17T04:14:00,0.7055,0.7055,0.7055,0.7055,2
2026-03-17T04:15:00,0.7056,0.7056,0.7056,0.7056,1
2026-03-17T04:16:00,0.7058,0.7058,0.7058,0.7058,1
2026-03-17T04:17:00,0.7057,0.7057,0.7057,0.7057,3
2026-03-17T04:18:00,0.7057,0.7059,0.7057,0.7059,6
2026-03-17T04:19:00,0.7059,0.7059,0.7058,0.7058,4
2026-03-17T04:21:00,0.7055,0.7055,0.7055,0.7055,4
2026-03-17T04:22:00,0.7055,0.7055,0.7055,0.7055,3
2026-03-17T04:23:00,0.7053,0.7053,0.7053,0.7053,1
2026-03-17T04:25:00,0.7055,0.7055,0.7055,0.7055,6
2026-03-17T04:27:00,0.7055,0.7055,0.7055,0.7055,5
2026-03-17T04:28:00,0.7054,0.7054,0.7054,0.7054,5
2026-03-17T04:29:00,0.7053,0.7053,0.7052,0.7052,18
2026-03-17T04:30:00,0.7053,0.7053,0.7053,0.7053,7
2026-03-17T04:31:00,0.7056,0.7058,0.7056,0.7058,7
2026-03-17T04:32:00,0.7058,0.7061,0.7058,0.7061,22
2026-03-17T04:33:00,0.706,0.706,0.7056,0.7056,10
2026-03-17T04:34:00,0.7057,0.7059,0.7057,0.7059,24
2026-03-17T04:35:00,0.7061,0.7062,0.7061,0.7062,22
2026-03-17T04:36:00,0.7062,0.7063,0.7062,0.7062,17
2026-03-17T04:37:00,0.7062,0.7064,0.7062,0.7062,17
2026-03-17T04:38:00,0.7063,0.7063,0.7063,0.7063,12
2026-03-17T04:39:00,0.7064,0.7065,0.7062,0.7063,13
2026-03-17T04:40:00,0.7062,0.7062,0.7061,0.7061,2
2026-03-17T04:41:00,0.7061,0.7061,0.706,0.706,24
2026-03-17T04:42:00,0.7061,0.7062,0.7061,0.7062,4
2026-03-17T04:43:00,0.7065,0.7065,0.7065,0.7065,11
2026-03-17T04:44:00,0.7066,0.7067,0.7066,0.7066,26
2026-03-17T04:45:00,0.7067,0.7068,0.7067,0.7068,5
2026-03-17T04:46:00,0.7069,0.7072,0.7069,0.707,22
2026-03-17T04:47:00,0.7069,0.707,0.7068,0.707,6
2026-03-17T04:48:00,0.7068,0.707,0.7068,0.707,10
2026-03-17T04:49:00,0.707,0.7071,0.707,0.7071,8
2026-03-17T04:51:00,0.707,0.707,0.707,0.707,15
2026-03-17T04:52:00,0.707,0.707,0.707,0.707,2
2026-03-17T04:53:00,0.707,0.707,0.707,0.707,5
2026-03-17T04:54:00,0.7068,0.7068,0.7068,0.7068,2
2026-03-17T04:55:00,0.7068,0.7068,0.7068,0.7068,4
2026-03-17T04:56:00,0.7068,0.7068,0.7067,0.7067,17
2026-03-17T04:57:00,0.7067,0.7067,0.7067,0.7067,1
2026-03-17T04:58:00,0.7065,0.7065,0.7064,0.7064,4
2026-03-17T04:59:00,0.7065,0.7065,0.7065,0.7065,1
2026-03-17T05:01:00,0.7063,0.7064,0.7063,0.7064,10
2026-03-17T05:02:00,0.7064,0.7064,0.7064,0.7064,1
2026-03-17T05:03:00,0.7064,0.7064,0.7064,0.7064,4
2026-03-17T05:05:00,0.7065,0.7065,0.7064,0.7065,13
2026-03-17T05:07:00,0.7064,0.7065,0.7063,0.7065,13
2026-03-17T05:09:00,0.7066,0.7067,0.7066,0.7067,8
2026-03-17T05:10:00,0.7065,0.7067,0.7065,0.7066,18
2026-03-17T05:11:00,0.7066,0.7066,0.7066,0.7066,1
2026-03-17T05:12:00,0.7066,0.7066,0.7066,0.7066,3
2026-03-17T05:13:00,0.7068,0.7069,0.7068,0.7069,22
2026-03-17T05:14:00,0.707,0.7072,0.707,0.7072,41
2026-03-17T05:15:00,0.7071,0.7072,0.7071,0.7072,28
2026-03-17T05:16:00,0.7071,0.7076,0.7071,0.7075,39
2026-03-17T05:17:00,0.7075,0.7077,0.7075,0.7077,23
2026-03-17T05:18:00,0.7076,0.7077,0.7076,0.7076,16
2026-03-17T05:19:00,0.7076,0.7077,0.7076,0.7077,27
2026-03-17T05:20:00,0.7077,0.7077,0.7074,0.7076,16
2026-03-17T05:21:00,0.7077,0.7077,0.7077,0.7077,8
2026-03-17T05:22:00,0.7077,0.7079,0.7077,0.7079,23
2026-03-17T05:23:00,0.708,0.708,0.7078,0.7078,6
2026-03-17T05:24:00,0.7076,0.7077,0.7076,0.7077,11
2026-03-17T05:25:00,0.7079,0.708,0.7079,0.7079,14
2026-03-17T05:26:00,0.708,0.708,0.7079,0.7079,40
2026-03-17T05:27:00,0.7079,0.708,0.7079,0.708,6
2026-03-17T05:28:00,0.708,0.708,0.708,0.708,14
2026-03-17T05:29:00,0.7079,0.708,0.7079,0.708,19
2026-03-17T05:30:00,0.708,0.708,0.708,0.708,9
2026-03-17T05:31:00,0.708,0.708,0.708,0.708,2
2026-03-17T05:33:00,0.7075,0.7076,0.7075,0.7076,3
2026-03-17T05:34:00,0.7076,0.7076,0.7076,0.7076,1
2026-03-17T05:35:00,0.7078,0.7078,0.7078,0.7078,1
2026-03-17T05:36:00,0.7077,0.7077,0.7076,0.7077,6
2026-03-17T05:41:00,0.7072,0.7072,0.7072,0.7072,1
2026-03-17T05:42:00,0.7072,0.7072,0.7072,0.7072,1
2026-03-17T05:43:00,0.7071,0.7071,0.7071,0.7071,20
2026-03-17T05:44:00,0.7071,0.7071,0.7071,0.7071,16
2026-03-17T05:45:00,0.7069,0.7069,0.7068,0.7069,30
2026-03-17T05:47:00,0.7067,0.7067,0.7067,0.7067,1
2026-03-17T05:48:00,0.7067,0.7067,0.7067,0.7067,1
2026-03-17T05:49:00,0.7068,0.7068,0.7067,0.7067,16
2026-03-17T05:50:00,0.7067,0.7067,0.7065,0.7065,17
2026-03-17T05:51:00,0.7064,0.7064,0.7064,0.7064,1
2026-03-17T05:52:00,0.7063,0.7063,0.7063,0.7063,3
2026-03-17T05:53:00,0.7063,0.7063,0.7063,0.7063,4
2026-03-17T05:54:00,0.7062,0.7062,0.7061,0.7061,8
2026-03-17T05:55:00,0.7061,0.7061,0.7059,0.7059,5
2026-03-17T05:56:00,0.7059,0.7059,0.7059,0.7059,1
2026-03-17T05:58:00,0.706,0.706,0.7059,0.7059,9
2026-03-17T05:59:00,0.7059,0.7059,0.7059,0.7059,6
2026-03-17T06:00:00,0.7058,0.7059,0.7056,0.7056,34
2026-03-17T06:01:00,0.7057,0.7057,0.7054,0.7054,18
2026-03-17T06:02:00,0.7054,0.7054,0.7051,0.7051,13
2026-03-17T06:03:00,0.7051,0.7054,0.7051,0.7053,8
2026-03-17T06:04:00,0.7054,0.7054,0.7053,0.7054,12
2026-03-17T06:05:00,0.7053,0.7053,0.7051,0.7052,15
2026-03-17T06:06:00,0.7052,0.7052,0.705,0.705,18
2026-03-17T06:07:00,0.7052,0.7053,0.7052,0.7053,8
2026-03-17T06:08:00,0.7052,0.7052,0.7051,0.7051,12
2026-03-17T06:09:00,0.7052,0.7052,0.7052,0.7052,2
2026-03-17T06:10:00,0.7052,0.7052,0.7052,0.7052,1
2026-03-17T06:11:00,0.7051,0.7054,0.7051,0.7054,2
2026-03-17T06:12:00,0.7053,0.7053,0.7051,0.7051,2
2026-03-17T06:13:00,0.705,0.705,0.7049,0.7049,38
2026-03-17T06:14:00,0.7048,0.705,0.7048,0.705,25
2026-03-17T06:15:00,0.705,0.705,0.7049,0.7049,13
2026-03-17T06:16:00,0.7049,0.7049,0.7049,0.7049,3
2026-03-17T06:17:00,0.705,0.705,0.7048,0.7048,14
2026-03-17T06:18:00,0.7049,0.7049,0.7049,0.7049,3
2026-03-17T06:19:00,0.7048,0.7053,0.7048,0.7053,7
2026-03-17T06:20:00,0.7052,0.7052,0.7051,0.7051,8
2026-03-17T06:21:00,0.7051,0.7051,0.7051,0.7051,16
2026-03-17T06:22:00,0.7051,0.7054,0.7051,0.7053,39
2026-03-17T06:23:00,0.7053,0.7054,0.7053,0.7054,12
2026-03-17T06:24:00,0.7054,0.7054,0.7054,0.7054,15
2026-03-17T06:25:00,0.7054,0.7054,0.7051,0.7051,3
2026-03-17T06:27:00,0.7053,0.7053,0.7053,0.7053,5
2026-03-17T06:28:00,0.7055,0.7057,0.7055,0.7057,20
2026-03-17T06:29:00,0.7057,0.7057,0.7057,0.7057,14
2026-03-17T06:30:00,0.7057,0.7058,0.7057,0.7058,6
2026-03-17T06:31:00,0.7058,0.706,0.7058,0.706,22
2026-03-17T06:32:00,0.706,0.706,0.7057,0.7058,25
2026-03-17T06:33:00,0.7058,0.7058,0.7058,0.7058,5
2026-03-17T06:35:00,0.7059,0.7059,0.7059,0.7059,10
2026-03-17T06:36:00,0.7059,0.7059,0.7058,0.7058,8
2026-03-17T06:37:00,0.7057,0.7058,0.7057,0.7058,9
2026-03-17T06:38:00,0.7057,0.7058,0.7057,0.7058,3
2026-03-17T06:39:00,0.7059,0.7061,0.7059,0.7061,31
2026-03-17T06:40:00,0.7061,0.7061,0.7059,0.706,11
2026-03-17T06:41:00,0.706,0.706,0.706,0.706,4
2026-03-17T06:42:00,0.7061,0.7062,0.7061,0.7062,7
2026-03-17T06:43:00,0.706,0.7062,0.706,0.7062,44
2026-03-17T06:44:00,0.7062,0.7062,0.7062,0.7062,9
2026-03-17T06:45:00,0.7062,0.7063,0.7062,0.7062,35
2026-03-17T06:46:00,0.7061,0.7062,0.7061,0.7062,4
2026-03-17T06:47:00,0.7061,0.7062,0.7061,0.7062,7
2026-03-17T06:48:00,0.7062,0.7062,0.7061,0.7061,11
2026-03-17T06:49:00,0.706,0.706,0.706,0.706,6
2026-03-17T06:50:00,0.7058,0.7058,0.7057,0.7057,10
2026-03-17T06:53:00,0.7061,0.7061,0.7061,0.7061,7
2026-03-17T06:54:00,0.706,0.7061,0.706,0.7061,5
2026-03-17T06:55:00,0.7061,0.7061,0.7061,0.7061,2
2026-03-17T06:56:00,0.7062,0.7062,0.7061,0.7061,8
2026-03-17T06:58:00,0.7061,0.7061,0.7061,0.7061,1
2026-03-17T06:59:00,0.7062,0.7062,0.7062,0.7062,7
2026-03-17T07:00:00,0.7062,0.7062,0.7062,0.7062,1
2026-03-17T07:01:00,0.7059,0.7059,0.7059,0.7059,2
2026-03-17T07:02:00,0.7059,0.7062,0.7059,0.7062,9
2026-03-17T07:03:00,0.7062,0.7062,0.7062,0.7062,4
2026-03-17T07:05:00,0.7063,0.7063,0.7063,0.7063,4
2026-03-17T07:06:00,0.7063,0.7064,0.7063,0.7063,4
2026-03-17T07:08:00,0.7062,0.7062,0.7062,0.7062,2
2026-03-17T07:10:00,0.7062,0.7062,0.7062,0.7062,1
2026-03-17T07:11:00,0.7061,0.7061,0.7061,0.7061,1
2026-03-17T07:13:00,0.7062,0.7062,0.7062,0.7062,1
2026-03-17T07:15:00,0.706,0.706,0.7059,0.7059,11
2026-03-17T07:16:00,0.7057,0.7057,0.7056,0.7056,4
2026-03-17T07:17:00,0.7056,0.7056,0.7055,0.7056,8
2026-03-17T07:18:00,0.7055,0.7055,0.7055,0.7055,2
2026-03-17T07:19:00,0.7056,0.7058,0.7056,0.7056,53
2026-03-17T07:20:00,0.7057,0.7057,0.7057,0.7057,8
2026-03-17T07:21:00,0.7057,0.7057,0.7057,0.7057,2
2026-03-17T07:22:00,0.7058,0.7059,0.7058,0.7059,8
2026-03-17T07:23:00,0.706,0.706,0.706,0.706,4
2026-03-17T07:24:00,0.7059,0.7059,0.7059,0.7059,1
2026-03-17T07:25:00,0.706,0.706,0.706,0.706,3
2026-03-17T07:26:00,0.706,0.706,0.706,0.706,1
2026-03-17T07:27:00,0.7062,0.7063,0.7062,0.7062,42
2026-03-17T07:28:00,0.7062,0.7062,0.7062,0.7062,3
2026-03-17T07:29:00,0.7061,0.7061,0.7061,0.7061,4
2026-03-17T07:30:00,0.7062,0.7063,0.7062,0.7063,7
2026-03-17T07:31:00,0.7063,0.7063,0.7063,0.7063,1
2026-03-17T07:32:00,0.7063,0.7064,0.7063,0.7063,52
2026-03-17T07:33:00,0.7064,0.7064,0.7064,0.7064,5
2026-03-17T07:34:00,0.7064,0.7064,0.7064,0.7064,12
2026-03-17T07:35:00,0.7063,0.7063,0.7061,0.7061,24
2026-03-17T07:36:00,0.7062,0.7062,0.7061,0.7061,2
2026-03-17T07:39:00,0.7061,0.7061,0.7061,0.7061,2
2026-03-17T07:40:00,0.7062,0.7062,0.7061,0.7061,3
2026-03-17T07:41:00,0.7061,0.7061,0.7061,0.7061,2
2026-03-17T07:42:00,0.706,0.706,0.7058,0.7058,23
2026-03-17T07:43:00,0.7058,0.7058,0.7057,0.7057,6
2026-03-17T07:44:00,0.7057,0.7057,0.7055,0.7055,51
2026-03-17T07:45:00,0.7056,0.7056,0.7055,0.7055,20
2026-03-17T07:46:00,0.7055,0.7055,0.7055,0.7055,19
2026-03-17T07:47:00,0.7056,0.7056,0.7056,0.7056,3
2026-03-17T07:48:00,0.7056,0.7056,0.7056,0.7056,2
2026-03-17T07:49:00,0.7058,0.7058,0.7058,0.7058,2
2026-03-17T07:52:00,0.706,0.706,0.7059,0.7059,6
2026-03-17T07:53:00,0.7059,0.7059,0.7059,0.7059,2
2026-03-17T07:55:00,0.7058,0.7058,0.7057,0.7057,5
2026-03-17T07:56:00,0.7058,0.7058,0.7058,0.7058,2
2026-03-17T08:00:00,0.7058,0.706,0.7058,0.706,9
2026-03-17T08:01:00,0.7062,0.7063,0.7062,0.7062,4
2026-03-17T08:02:00,0.7063,0.7063,0.7062,0.7062,2
2026-03-17T08:03:00,0.7062,0.7063,0.7061,0.7061,6
2026-03-17T08:04:00,0.7057,0.7057,0.7057,0.7057,1
2026-03-17T08:07:00,0.7058,0.7058,0.7058,0.7058,4
2026-03-17T08:08:00,0.706,0.706,0.7058,0.7058,2
2026-03-17T08:10:00,0.7056,0.7056,0.7056,0.7056,3
2026-03-17T08:11:00,0.7056,0.7056,0.7055,0.7055,6
2026-03-17T08:12:00,0.7055,0.7055,0.7052,0.7053,10
2026-03-17T08:13:00,0.7053,0.7055,0.7053,0.7055,3
2026-03-17T08:14:00,0.7053,0.7053,0.7053,0.7053,1
2026-03-17T08:15:00,0.7053,0.7053,0.7053,0.7053,4
2026-03-17T08:16:00,0.7054,0.7055,0.7054,0.7055,10
2026-03-17T08:18:00,0.7056,0.7057,0.7056,0.7057,4
2026-03-17T08:20:00,0.706,0.706,0.706,0.706,9
2026-03-17T08:21:00,0.7059,0.7059,0.7059,0.7059,5
2026-03-17T08:22:00,0.7059,0.7059,0.7059,0.7059,4
2026-03-17T08:24:00,0.7058,0.7058,0.7058,0.7058,4
2026-03-17T08:25:00,0.7058,0.7058,0.7058,0.7058,1
2026-03-17T08:26:00,0.7061,0.7063,0.7061,0.7062,5
2026-03-17T08:27:00,0.7062,0.7062,0.7062,0.7062,3
2026-03-17T08:28:00,0.7062,0.7062,0.7061,0.7062,32
2026-03-17T08:29:00,0.7063,0.7063,0.7063,0.7063,1
2026-03-17T08:30:00,0.7061,0.7061,0.7061,0.7061,4
2026-03-17T08:31:00,0.7061,0.7061,0.7061,0.7061,12
2026-03-17T08:32:00,0.7061,0.7061,0.7061,0.7061,12
2026-03-17T08:33:00,0.7061,0.7062,0.7061,0.7061,3
2026-03-17T08:35:00,0.7059,0.706,0.7059,0.706,4
2026-03-17T08:37:00,0.7055,0.7055,0.7055,0.7055,1
2026-03-17T08:38:00,0.7057,0.7057,0.7057,0.7057,2
2026-03-17T08:40:00,0.7062,0.7065,0.7062,0.7065,13
2026-03-17T08:41:00,0.7066,0.7067,0.7066,0.7066,11
2026-03-17T08:42:00,0.7064,0.7065,0.7064,0.7065,4
2026-03-17T08:43:00,0.7066,0.7067,0.7066,0.7067,2
2026-03-17T08:44:00,0.7066,0.7069,0.7066,0.7069,39
2026-03-17T08:45:00,0.7068,0.7068,0.7066,0.7066,14
2026-03-17T08:46:00,0.7067,0.7067,0.7067,0.7067,6
2026-03-17T08:48:00,0.7067,0.7069,0.7067,0.7069,4
2026-03-17T08:49:00,0.7069,0.707,0.7069,0.707,10
2026-03-17T08:50:00,0.707,0.707,0.707,0.707,11
2026-03-17T08:51:00,0.7069,0.7069,0.7069,0.7069,4
2026-03-17T08:52:00,0.7069,0.7069,0.7068,0.7068,5
2026-03-17T08:53:00,0.7068,0.7068,0.7068,0.7068,5
2026-03-17T08:54:00,0.7069,0.7069,0.7069,0.7069,2
2026-03-17T08:55:00,0.7071,0.7071,0.7071,0.7071,1
2026-03-17T08:56:00,0.707,0.707,0.707,0.707,4
2026-03-17T08:57:00,0.7068,0.7072,0.7068,0.7072,3
2026-03-17T08:58:00,0.7072,0.7072,0.7071,0.7071,7
2026-03-17T08:59:00,0.7072,0.7075,0.7072,0.7075,26
2026-03-17T09:00:00,0.7074,0.7075,0.7073,0.7075,11
2026-03-17T09:01:00,0.7075,0.7077,0.7075,0.7077,12
2026-03-17T09:02:00,0.7078,0.708,0.7078,0.708,35
2026-03-17T09:03:00,0.7079,0.7079,0.7079,0.7079,2
2026-03-17T09:04:00,0.7076,0.7076,0.7075,0.7075,3
2026-03-17T09:05:00,0.7076,0.7076,0.7076,0.7076,3
2026-03-17T09:06:00,0.7076,0.7076,0.7076,0.7076,1
2026-03-17T09:07:00,0.7076,0.7076,0.7076,0.7076,1
2026-03-17T09:08:00,0.7075,0.7075,0.7074,0.7074,3
2026-03-17T09:09:00,0.7073,0.7073,0.7073,0.7073,3
2026-03-17T09:11:00,0.7075,0.7075,0.7073,0.7074,13
2026-03-17T09:12:00,0.7074,0.7074,0.7074,0.7074,3
2026-03-17T09:14:00,0.7072,0.7073,0.7072,0.7072,4
2026-03-17T09:15:00,0.7074,0.7074,0.7074,0.7074,9
2026-03-17T09:18:00,0.7071,0.7071,0.7071,0.7071,3
2026-03-17T09:19:00,0.7071,0.7072,0.7071,0.7072,6
2026-03-17T09:20:00,0.7072,0.7072,0.7072,0.7072,1
2026-03-17T09:22:00,0.7073,0.7073,0.7072,0.7072,5
2026-03-17T09:23:00,0.7072,0.7072,0.7071,0.7072,55
2026-03-17T09:24:00,0.7073,0.7074,0.7073,0.7074,10
2026-03-17T09:25:00,0.7075,0.7078,0.7074,0.7078,18
2026-03-17T09:26:00,0.7079,0.708,0.7079,0.7079,46
2026-03-17T09:27:00,0.7079,0.7082,0.7079,0.7082,21
2026-03-17T09:28:00,0.7081,0.7082,0.708,0.7081,150
2026-03-17T09:29:00,0.7081,0.7081,0.7081,0.7081,28
2026-03-17T09:30:00,0.708,0.708,0.7079,0.708,3
2026-03-17T09:31:00,0.708,0.708,0.708,0.708,5
2026-03-17T09:32:00,0.7078,0.7078,0.7078,0.7078,4
2026-03-17T09:33:00,0.7075,0.7075,0.7075,0.7075,4
2026-03-17T09:34:00,0.7075,0.7076,0.7075,0.7076,6
2026-03-17T09:35:00,0.7075,0.7075,0.7075,0.7075,1
2026-03-17T09:36:00,0.7075,0.7075,0.7074,0.7074,4
2026-03-17T09:37:00,0.7075,0.7077,0.7075,0.7077,10
2026-03-17T09:39:00,0.7075,0.7075,0.7074,0.7074,9
2026-03-17T09:40:00,0.7074,0.7075,0.7074,0.7075,3
2026-03-17T09:41:00,0.7075,0.7075,0.7075,0.7075,2
2026-03-17T09:42:00,0.7075,0.7075,0.7075,0.7075,4
2026-03-17T09:44:00,0.7077,0.7077,0.7077,0.7077,1
2026-03-17T09:49:00,0.7076,0.7076,0.7076,0.7076,2
2026-03-17T09:52:00,0.7076,0.7076,0.7076,0.7076,3
2026-03-17T09:54:00,0.7079,0.7079,0.7079,0.7079,2
2026-03-17T09:56:00,0.7079,0.708,0.7078,0.7078,8
2026-03-17T09:59:00,0.708,0.708,0.7079,0.7079,6
2026-03-17T10:00:00,0.708,0.708,0.7079,0.7079,8
2026-03-17T10:01:00,0.7079,0.7079,0.7079,0.7079,60
2026-03-17T10:02:00,0.708,0.708,0.708,0.708,1
2026-03-17T10:04:00,0.708,0.708,0.708,0.708,6
2026-03-17T10:05:00,0.7079,0.7079,0.7079,0.7079,4
2026-03-17T10:06:00,0.7081,0.7081,0.708,0.708,3
2026-03-17T10:07:00,0.708,0.7081,0.708,0.7081,92
2026-03-17T10:08:00,0.7081,0.7081,0.7079,0.7079,91
2026-03-17T10:11:00,0.7079,0.708,0.7079,0.708,2
2026-03-17T10:14:00,0.7079,0.7079,0.7078,0.7078,7
2026-03-17T10:15:00,0.7076,0.7076,0.7076,0.7076,6
2026-03-17T10:16:00,0.7075,0.7075,0.7075,0.7075,1
2026-03-17T10:17:00,0.7072,0.7072,0.7072,0.7072,28
2026-03-17T10:18:00,0.7073,0.7073,0.7072,0.7072,6
2026-03-17T10:19:00,0.7074,0.7074,0.7074,0.7074,4
2026-03-17T10:20:00,0.7074,0.7074,0.7074,0.7074,14
2026-03-17T10:23:00,0.7076,0.7077,0.7076,0.7077,5
2026-03-17T10:27:00,0.7077,0.7077,0.7077,0.7077,1
2026-03-17T10:28:00,0.7077,0.7078,0.7077,0.7078,5
2026-03-17T10:29:00,0.7078,0.7079,0.7078,0.7079,3
2026-03-17T10:30:00,0.7078,0.7078,0.7077,0.7077,6
2026-03-17T10:32:00,0.7077,0.7077,0.7077,0.7077,9
2026-03-17T10:34:00,0.7079,0.708,0.7079,0.708,4
2026-03-17T10:36:00,0.708,0.708,0.708,0.708,1
2026-03-17T10:37:00,0.7081,0.7081,0.708,0.708,7
2026-03-17T10:39:00,0.7078,0.7078,0.7078,0.7078,4
2026-03-17T10:40:00,0.7076,0.7077,0.7076,0.7077,5
2026-03-17T10:41:00,0.7077,0.7077,0.7077,0.7077,10
2026-03-17T10:43:00,0.7075,0.7075,0.7075,0.7075,1
2026-03-17T10:44:00,0.7075,0.7075,0.7075,0.7075,1
2026-03-17T10:45:00,0.7076,0.7076,0.7076,0.7076,4
2026-03-17T10:47:00,0.7074,0.7074,0.7074,0.7074,1
2026-03-17T10:48:00,0.7073,0.7073,0.7072,0.7072,4
2026-03-17T10:49:00,0.7072,0.7072,0.7072,0.7072,4
2026-03-17T10:50:00,0.7072,0.7072,0.7072,0.7072,1
2026-03-17T10:51:00,0.7072,0.7074,0.7072,0.7074,3
2026-03-17T10:52:00,0.7074,0.7074,0.7074,0.7074,2
2026-03-17T10:53:00,0.7074,0.7075,0.7073,0.7075,5
2026-03-17T10:56:00,0.7076,0.7076,0.7076,0.7076,10
2026-03-17T10:58:00,0.7076,0.7076,0.7076,0.7076,7
2026-03-17T10:59:00,0.7076,0.7076,0.7076,0.7076,1
2026-03-17T11:01:00,0.7075,0.7075,0.7075,0.7075,2
2026-03-17T11:02:00,0.7075,0.7075,0.7075,0.7075,1
2026-03-17T11:06:00,0.7076,0.7076,0.7076,0.7076,1
2026-03-17T11:07:00,0.7077,0.7078,0.7077,0.7078,7
2026-03-17T11:08:00,0.7079,0.7079,0.7078,0.7078,4
2026-03-17T11:09:00,0.7079,0.7079,0.7079,0.7079,7
2026-03-17T11:11:00,0.708,0.708,0.708,0.708,3
2026-03-17T11:12:00,0.708,0.708,0.7079,0.7079,2
2026-03-17T11:13:00,0.7079,0.7079,0.7078,0.7078,8
2026-03-17T11:14:00,0.7078,0.7079,0.7078,0.7079,5
2026-03-17T11:15:00,0.708,0.7081,0.708,0.7081,4
2026-03-17T11:17:00,0.7077,0.7077,0.7077,0.7077,4
2026-03-17T11:19:00,0.708,0.708,0.708,0.708,3
2026-03-17T11:20:00,0.7078,0.7078,0.7078,0.7078,6
2026-03-17T11:21:00,0.708,0.7081,0.708,0.7081,2
2026-03-17T11:22:00,0.708,0.708,0.7079,0.7079,10
2026-03-17T11:23:00,0.7079,0.708,0.7079,0.708,4
2026-03-17T11:24:00,0.708,0.708,0.7079,0.7079,2
2026-03-17T11:25:00,0.7081,0.7081,0.7081,0.7081,6
2026-03-17T11:28:00,0.7079,0.7079,0.7079,0.7079,1
2026-03-17T11:30:00,0.7077,0.7077,0.7076,0.7076,6
2026-03-17T11:31:00,0.7077,0.7077,0.7077,0.7077,1
2026-03-17T11:33:00,0.7076,0.7076,0.7076,0.7076,1
2026-03-17T11:34:00,0.7077,0.7077,0.7077,0.7077,2
2026-03-17T11:38:00,0.7076,0.7077,0.7076,0.7077,2
2026-03-17T11:39:00,0.7078,0.7078,0.7078,0.7078,2
2026-03-17T11:42:00,0.7078,0.7079,0.7078,0.7079,3
2026-03-17T11:43:00,0.7078,0.7078,0.7078,0.7078,1
2026-03-17T11:45:00,0.7079,0.7079,0.7079,0.7079,1
2026-03-17T11:46:00,0.7079,0.7079,0.7079,0.7079,2
2026-03-17T11:47:00,0.7078,0.7078,0.7077,0.7077,2
2026-03-17T11:49:00,0.7075,0.7075,0.7075,0.7075,15
2026-03-17T11:51:00,0.7077,0.7077,0.7076,0.7077,3
2026-03-17T11:52:00,0.7076,0.7076,0.7076,0.7076,1
2026-03-17T11:54:00,0.7075,0.7075,0.7074,0.7074,8
2026-03-17T11:55:00,0.7073,0.7074,0.7072,0.7074,6
2026-03-17T11:56:00,0.7073,0.7073,0.7073,0.7073,1
2026-03-17T11:57:00,0.7071,0.7072,0.7071,0.7072,5
2026-03-17T11:58:00,0.7073,0.7073,0.7073,0.7073,2
2026-03-17T11:59:00,0.7073,0.7073,0.707,0.707,16
2026-03-17T12:00:00,0.707,0.7071,0.7068,0.7071,21
2026-03-17T12:01:00,0.7071,0.7071,0.7071,0.7071,2
2026-03-17T12:03:00,0.7071,0.7072,0.7071,0.7072,7
2026-03-17T12:04:00,0.7073,0.7078,0.7073,0.7078,71
2026-03-17T12:05:00,0.7079,0.7081,0.7079,0.7081,11
2026-03-17T12:06:00,0.708,0.7082,0.708,0.7081,8
2026-03-17T12:07:00,0.7082,0.7082,0.7081,0.7081,4
2026-03-17T12:08:00,0.7081,0.7084,0.7081,0.7084,42
2026-03-17T12:09:00,0.7084,0.7084,0.7083,0.7083,9
2026-03-17T12:10:00,0.7085,0.7086,0.7084,0.7084,44
2026-03-17T12:11:00,0.7084,0.7084,0.7084,0.7084,5
2026-03-17T12:13:00,0.7084,0.7084,0.7084,0.7084,1
2026-03-17T12:14:00,0.7084,0.7084,0.7084,0.7084,1
2026-03-17T12:15:00,0.7084,0.7084,0.7083,0.7084,6
2026-03-17T12:16:00,0.7083,0.7083,0.7082,0.7082,10
2026-03-17T12:17:00,0.7082,0.7084,0.7082,0.7084,6
2026-03-17T12:19:00,0.7081,0.7081,0.7081,0.7081,1
2026-03-17T12:20:00,0.7082,0.7082,0.7081,0.7082,8
2026-03-17T12:21:00,0.7083,0.7083,0.7082,0.7082,4
2026-03-17T12:22:00,0.7082,0.7082,0.7082,0.7082,8
2026-03-17T12:24:00,0.7082,0.7082,0.7081,0.7081,13
2026-03-17T12:26:00,0.7082,0.7082,0.7082,0.7082,1
2026-03-17T12:27:00,0.7081,0.7081,0.7081,0.7081,1
2026-03-17T12:28:00,0.7079,0.7079,0.7079,0.7079,5
2026-03-17T12:29:00,0.7079,0.7079,0.7079,0.7079,8
2026-03-17T12:30:00,0.7081,0.7082,0.7081,0.7082,33
2026-03-17T12:31:00,0.7083,0.7083,0.7083,0.7083,12
2026-03-17T12:32:00,0.7084,0.7085,0.7084,0.7085,5
2026-03-17T12:33:00,0.7084,0.7084,0.7084,0.7084,3
2026-03-17T12:34:00,0.7086,0.7087,0.7086,0.7086,33
2026-03-17T12:35:00,0.7084,0.7084,0.7084,0.7084,1
2026-03-17T12:36:00,0.7084,0.7084,0.7084,0.7084,4
2026-03-17T12:37:00,0.7084,0.7084,0.7084,0.7084,5
2026-03-17T12:38:00,0.7084,0.7084,0.7084,0.7084,3
2026-03-17T12:41:00,0.7084,0.7084,0.7083,0.7083,5
2026-03-17T12:43:00,0.7085,0.7085,0.7085,0.7085,11
2026-03-17T12:44:00,0.7085,0.7086,0.7084,0.7086,12
2026-03-17T12:45:00,0.7086,0.7086,0.7086,0.7086,1
2026-03-17T12:46:00,0.7086,0.7086,0.7086,0.7086,1
2026-03-17T12:47:00,0.7086,0.7087,0.7086,0.7087,10
2026-03-17T12:48:00,0.7087,0.7088,0.7087,0.7088,26
2026-03-17T12:49:00,0.7088,0.7088,0.7087,0.7087,10
2026-03-17T12:50:00,0.7086,0.7086,0.7085,0.7085,9
2026-03-17T12:51:00,0.7084,0.7084,0.7084,0.7084,1
2026-03-17T12:52:00,0.7085,0.7087,0.7085,0.7087,5
2026-03-17T12:53:00,0.7087,0.7087,0.7087,0.7087,22
2026-03-17T12:54:00,0.7086,0.7086,0.7086,0.7086,2
2026-03-17T12:55:00,0.7085,0.7085,0.7085,0.7085,1
2026-03-17T12:56:00,0.7086,0.7086,0.7086,0.7086,2
2026-03-17T12:58:00,0.7087,0.7087,0.7087,0.7087,1
2026-03-17T12:59:00,0.7087,0.7088,0.7087,0.7088,13
2026-03-17T13:00:00,0.7089,0.7089,0.7088,0.7089,17
2026-03-17T13:01:00,0.709,0.7095,0.709,0.7095,79
2026-03-17T13:02:00,0.7094,0.7096,0.7093,0.7096,37
2026-03-17T13:03:00,0.7096,0.7097,0.7096,0.7097,4
2026-03-17T13:04:00,0.7096,0.7097,0.7096,0.7097,16
2026-03-17T13:05:00,0.7096,0.7096,0.7095,0.7095,10
2026-03-17T13:06:00,0.7095,0.7096,0.7094,0.7096,46
2026-03-17T13:07:00,0.7097,0.7098,0.7096,0.7098,24
2026-03-17T13:08:00,0.7097,0.7097,0.7095,0.7096,5
2026-03-17T13:09:00,0.7097,0.7097,0.7097,0.7097,1
2026-03-17T13:10:00,0.7097,0.7097,0.7097,0.7097,3
2026-03-17T13:11:00,0.7096,0.7099,0.7096,0.7099,5
2026-03-17T13:12:00,0.7098,0.7098,0.7098,0.7098,1
2026-03-17T13:13:00,0.7098,0.7098,0.7097,0.7097,14
2026-03-17T13:14:00,0.7096,0.7097,0.7096,0.7097,7
2026-03-17T13:15:00,0.7097,0.7098,0.7097,0.7098,4
2026-03-17T13:16:00,0.7098,0.7099,0.7098,0.7099,11
2026-03-17T13:17:00,0.71,0.71,0.71,0.71,26
2026-03-17T13:18:00,0.71,0.7101,0.7099,0.7101,15
2026-03-17T13:19:00,0.7101,0.7105,0.7101,0.7105,22
2026-03-17T13:20:00,0.7104,0.7107,0.7104,0.7107,50
2026-03-17T13:21:00,0.7106,0.7106,0.7105,0.7106,16
2026-03-17T13:23:00,0.7107,0.7109,0.7106,0.7108,50
2026-03-17T13:24:00,0.7108,0.7108,0.7108,0.7108,7
2026-03-17T13:25:00,0.7107,0.7107,0.7107,0.7107,6
2026-03-17T13:26:00,0.7108,0.7108,0.7107,0.7107,10
2026-03-17T13:27:00,0.7108,0.7108,0.7107,0.7107,9
2026-03-17T13:28:00,0.7106,0.7106,0.7104,0.7105,5
2026-03-17T13:29:00,0.7105,0.7105,0.7103,0.7103,3
2026-03-17T13:30:00,0.7105,0.7105,0.7101,0.7104,13
2026-03-17T13:31:00,0.7103,0.7104,0.7103,0.7104,10
2026-03-17T13:32:00,0.7105,0.7107,0.7105,0.7107,23
2026-03-17T13:33:00,0.7107,0.7107,0.7107,0.7107,1
2026-03-17T13:34:00,0.7108,0.7108,0.7108,0.7108,1
2026-03-17T13:35:00,0.7106,0.7108,0.7106,0.7107,19
2026-03-17T13:36:00,0.7108,0.7108,0.7108,0.7108,4
2026-03-17T13:37:00,0.7106,0.7106,0.7106,0.7106,1
2026-03-17T13:38:00,0.7108,0.7108,0.7108,0.7108,1
2026-03-17T13:39:00,0.7108,0.7108,0.7108,0.7108,3
2026-03-17T13:40:00,0.7105,0.7105,0.7104,0.7104,7
2026-03-17T13:41:00,0.7106,0.7106,0.7106,0.7106,7
2026-03-17T13:42:00,0.7107,0.7108,0.7106,0.7106,31
2026-03-17T13:43:00,0.7105,0.7107,0.7105,0.7107,2
2026-03-17T13:45:00,0.7108,0.7108,0.7108,0.7108,4
2026-03-17T13:46:00,0.7109,0.7109,0.7108,0.7108,5
2026-03-17T13:47:00,0.7106,0.7106,0.7106,0.7106,2
2026-03-17T13:48:00,0.7107,0.7107,0.7107,0.7107,4
2026-03-17T13:49:00,0.7106,0.7106,0.7106,0.7106,2
2026-03-17T13:50:00,0.7104,0.7104,0.7102,0.7102,23
2026-03-17T13:51:00,0.7102,0.7102,0.7102,0.7102,3
2026-03-17T13:52:00,0.7102,0.7102,0.7101,0.7101,3
2026-03-17T13:53:00,0.71,0.71,0.7098,0.7099,11
2026-03-17T13:54:00,0.7099,0.7101,0.7099,0.7101,6
2026-03-17T13:55:00,0.7102,0.7103,0.7101,0.7101,5
2026-03-17T13:56:00,0.71,0.71,0.7099,0.71,7
2026-03-17T13:58:00,0.7101,0.7101,0.7101,0.7101,1
2026-03-17T13:59:00,0.7102,0.7103,0.7102,0.7103,3
2026-03-17T14:00:00,0.7101,0.7101,0.7097,0.7097,18
2026-03-17T14:01:00,0.7099,0.7099,0.7099,0.7099,7
2026-03-17T14:02:00,0.7098,0.7099,0.7097,0.7097,4
2026-03-17T14:04:00,0.71,0.71,0.71,0.71,1
2026-03-17T14:05:00,0.7101,0.7104,0.7101,0.7103,7
2026-03-17T14:06:00,0.7104,0.7104,0.7104,0.7104,25
2026-03-17T14:07:00,0.7105,0.7106,0.7105,0.7105,5
2026-03-17T14:08:00,0.7106,0.7106,0.7106,0.7106,4
2026-03-17T14:10:00,0.7106,0.7106,0.7105,0.7105,5
2026-03-17T14:11:00,0.7102,0.7102,0.71,0.71,15
2026-03-17T14:12:00,0.7101,0.7101,0.71,0.71,6
2026-03-17T14:13:00,0.7098,0.7098,0.7098,0.7098,2
2026-03-17T14:14:00,0.71,0.7101,0.7099,0.7099,5
2026-03-17T14:15:00,0.7098,0.7098,0.7096,0.7098,12
2026-03-17T14:16:00,0.7097,0.7097,0.7097,0.7097,3
2026-03-17T14:17:00,0.7098,0.7098,0.7096,0.7096,2
2026-03-17T14:18:00,0.7096,0.7096,0.7094,0.7094,7
2026-03-17T14:19:00,0.7096,0.7096,0.7096,0.7096,4
2026-03-17T14:20:00,0.7097,0.7097,0.7096,0.7097,10
2026-03-17T14:21:00,0.7096,0.7096,0.7096,0.7096,2
2026-03-17T14:22:00,0.7097,0.7097,0.7097,0.7097,4
2026-03-17T14:23:00,0.7095,0.7097,0.7095,0.7095,8
2026-03-17T14:24:00,0.7095,0.7095,0.7093,0.7093,8
2026-03-17T14:25:00,0.7092,0.7092,0.7091,0.7091,2
2026-03-17T14:27:00,0.7093,0.7094,0.7093,0.7093,7
2026-03-17T14:28:00,0.7093,0.7093,0.7093,0.7093,1
2026-03-17T14:29:00,0.7093,0.7093,0.7093,0.7093,1
2026-03-17T14:30:00,0.7094,0.7094,0.7093,0.7093,3
2026-03-17T14:31:00,0.7091,0.7093,0.7091,0.7093,21
2026-03-17T14:32:00,0.7092,0.7093,0.7092,0.7093,5
2026-03-17T14:33:00,0.7093,0.7095,0.7093,0.7095,2
2026-03-17T14:34:00,0.7096,0.7096,0.7096,0.7096,6
2026-03-17T14:35:00,0.7096,0.7098,0.7096,0.7098,12
2026-03-17T14:36:00,0.7097,0.7097,0.7094,0.7094,4
2026-03-17T14:37:00,0.7094,0.7094,0.7094,0.7094,2
2026-03-17T14:38:00,0.7094,0.7094,0.7092,0.7092,2
2026-03-17T14:39:00,0.7094,0.7094,0.7093,0.7093,6
2026-03-17T14:41:00,0.7095,0.7095,0.7095,0.7095,1
2026-03-17T14:43:00,0.7097,0.7099,0.7097,0.7099,6
2026-03-17T14:44:00,0.7099,0.71,0.7099,0.71,2
2026-03-17T14:45:00,0.7098,0.7098,0.7098,0.7098,1
2026-03-17T14:46:00,0.7097,0.7097,0.7097,0.7097,8
2026-03-17T14:48:00,0.7097,0.7097,0.7097,0.7097,44
2026-03-17T14:49:00,0.7097,0.7097,0.7097,0.7097,7
2026-03-17T14:50:00,0.7096,0.7096,0.7096,0.7096,1
2026-03-17T14:51:00,0.7095,0.7096,0.7095,0.7096,3
2026-03-17T14:53:00,0.7093,0.7093,0.7093,0.7093,5
2026-03-17T14:56:00,0.7095,0.7095,0.7095,0.7095,6
2026-03-17T14:57:00,0.7094,0.7094,0.7094,0.7094,2
2026-03-17T14:58:00,0.7094,0.7094,0.7094,0.7094,5
2026-03-17T14:59:00,0.7094,0.7094,0.7094,0.7094,5
2026-03-17T15:00:00,0.7093,0.7094,0.7093,0.7094,2
2026-03-17T15:01:00,0.7095,0.7095,0.7095,0.7095,2
2026-03-17T15:02:00,0.7095,0.7095,0.7095,0.7095,1
2026-03-17T15:03:00,0.7095,0.7095,0.7095,0.7095,1
2026-03-17T15:04:00,0.7096,0.7096,0.7095,0.7095,47
2026-03-17T15:05:00,0.7092,0.7092,0.7091,0.7092,4
2026-03-17T15:06:00,0.7093,0.7093,0.7091,0.7092,7
2026-03-17T15:07:00,0.7092,0.7092,0.709,0.709,3
2026-03-17T15:08:00,0.7088,0.7089,0.7087,0.7088,31
2026-03-17T15:09:00,0.7087,0.7087,0.7086,0.7086,7
2026-03-17T15:10:00,0.7086,0.7087,0.7086,0.7087,3
2026-03-17T15:11:00,0.7088,0.7088,0.7086,0.7086,8
2026-03-17T15:12:00,0.7087,0.7087,0.7087,0.7087,1
2026-03-17T15:13:00,0.7087,0.7087,0.7087,0.7087,5
2026-03-17T15:14:00,0.7086,0.7086,0.7086,0.7086,11
2026-03-17T15:15:00,0.7088,0.7088,0.7088,0.7088,9
2026-03-17T15:16:00,0.709,0.709,0.709,0.709,1
2026-03-17T15:17:00,0.7089,0.709,0.7089,0.709,5
2026-03-17T15:18:00,0.7089,0.7091,0.7087,0.7088,36
2026-03-17T15:20:00,0.7089,0.7091,0.7089,0.7089,49
2026-03-17T15:21:00,0.7086,0.7086,0.708,0.708,61
2026-03-17T15:22:00,0.708,0.7085,0.708,0.7085,6
2026-03-17T15:23:00,0.7084,0.7088,0.7084,0.7088,13
2026-03-17T15:24:00,0.7088,0.7088,0.7088,0.7088,5
2026-03-17T15:25:00,0.709,0.709,0.7088,0.7088,14
2026-03-17T15:27:00,0.7087,0.7087,0.7086,0.7086,2
2026-03-17T15:29:00,0.7083,0.7084,0.7082,0.7082,8
2026-03-17T15:30:00,0.7083,0.7084,0.7083,0.7084,3
2026-03-17T15:31:00,0.7086,0.7086,0.7084,0.7085,5
2026-03-17T15:32:00,0.7085,0.7085,0.7083,0.7083,4
2026-03-17T15:33:00,0.7083,0.7083,0.7083,0.7083,1
2026-03-17T15:34:00,0.7081,0.7081,0.708,0.708,4
2026-03-17T15:35:00,0.7079,0.7081,0.7079,0.708,7
2026-03-17T15:36:00,0.7079,0.7079,0.7078,0.7078,18
2026-03-17T15:37:00,0.7077,0.7079,0.7077,0.7079,5
2026-03-17T15:38:00,0.708,0.7081,0.7079,0.7079,9
2026-03-17T15:39:00,0.708,0.708,0.708,0.708,2
2026-03-17T15:40:00,0.708,0.708,0.7079,0.7079,5
2026-03-17T15:41:00,0.7079,0.708,0.7078,0.7078,11
2026-03-17T15:43:00,0.7079,0.708,0.7079,0.708,3
2026-03-17T15:44:00,0.7083,0.7083,0.7083,0.7083,1
2026-03-17T15:45:00,0.7083,0.7084,0.7083,0.7083,4
2026-03-17T15:46:00,0.7084,0.7087,0.7084,0.7086,13
2026-03-17T15:47:00,0.7086,0.7087,0.7086,0.7087,2
2026-03-17T15:48:00,0.7086,0.7086,0.7086,0.7086,2
2026-03-17T15:49:00,0.7084,0.7084,0.7084,0.7084,5
2026-03-17T15:50:00,0.7085,0.7085,0.7084,0.7084,6
2026-03-17T15:51:00,0.7087,0.7087,0.7087,0.7087,1
2026-03-17T15:52:00,0.7087,0.7087,0.7085,0.7085,12
2026-03-17T15:53:00,0.7086,0.7087,0.7086,0.7087,6
2026-03-17T15:54:00,0.7088,0.7088,0.7088,0.7088,2
2026-03-17T15:55:00,0.7087,0.709,0.7087,0.7089,20
2026-03-17T15:56:00,0.709,0.709,0.7089,0.7089,9
2026-03-17T15:57:00,0.709,0.709,0.709,0.709,1
2026-03-17T15:59:00,0.709,0.7091,0.709,0.7091,4
2026-03-17T16:00:00,0.709,0.7091,0.709,0.7091,6
2026-03-17T16:01:00,0.7089,0.7089,0.7089,0.7089,2
2026-03-17T16:02:00,0.7087,0.7087,0.7085,0.7085,11
2026-03-17T16:03:00,0.7084,0.7086,0.7084,0.7086,8
2026-03-17T16:04:00,0.7086,0.7088,0.7086,0.7088,5
2026-03-17T16:05:00,0.7088,0.709,0.7087,0.709,198
2026-03-17T16:06:00,0.7089,0.7089,0.7088,0.7088,9
2026-03-17T16:07:00,0.7087,0.7087,0.7086,0.7086,7
2026-03-17T16:08:00,0.709,0.7092,0.7089,0.7089,19
2026-03-17T16:09:00,0.7089,0.7089,0.7088,0.7088,2
2026-03-17T16:10:00,0.7093,0.7094,0.7093,0.7094,11
2026-03-17T16:11:00,0.7093,0.7096,0.7093,0.7096,12
2026-03-17T16:12:00,0.7095,0.7095,0.7094,0.7094,7
2026-03-17T16:13:00,0.7093,0.7093,0.7093,0.7093,2
2026-03-17T16:14:00,0.7091,0.7092,0.7091,0.7092,33
2026-03-17T16:15:00,0.7092,0.7092,0.7089,0.7089,11
2026-03-17T16:16:00,0.7088,0.7089,0.7088,0.7089,8
2026-03-17T16:17:00,0.7092,0.7092,0.7092,0.7092,1
2026-03-17T16:18:00,0.7093,0.7095,0.7093,0.7095,5
2026-03-17T16:19:00,0.7094,0.7096,0.7094,0.7096,4
2026-03-17T16:20:00,0.7096,0.7096,0.7096,0.7096,3
2026-03-17T16:21:00,0.7095,0.7095,0.7095,0.7095,1
2026-03-17T16:22:00,0.7094,0.7094,0.7094,0.7094,7
2026-03-17T16:23:00,0.7095,0.7095,0.7095,0.7095,3
2026-03-17T16:24:00,0.7095,0.7095,0.7095,0.7095,2
2026-03-17T16:25:00,0.7095,0.7096,0.7095,0.7096,4
2026-03-17T16:28:00,0.7094,0.7094,0.7094,0.7094,2
2026-03-17T16:30:00,0.7095,0.7095,0.7095,0.7095,1
2026-03-17T16:31:00,0.7094,0.7094,0.7094,0.7094,1
2026-03-17T16:32:00,0.7094,0.7094,0.7094,0.7094,9
2026-03-17T16:34:00,0.7094,0.7095,0.7094,0.7095,2
2026-03-17T16:35:00,0.7096,0.7096,0.7095,0.7096,4
2026-03-17T16:36:00,0.7093,0.7093,0.7093,0.7093,1
2026-03-17T16:41:00,0.7094,0.7094,0.7094,0.7094,1
2026-03-17T16:43:00,0.7096,0.7096,0.7096,0.7096,2
2026-03-17T16:44:00,0.7095,0.7095,0.7095,0.7095,1
2026-03-17T16:45:00,0.7095,0.7095,0.7095,0.7095,1
2026-03-17T16:46:00,0.7098,0.7099,0.7098,0.7099,22
2026-03-17T16:47:00,0.7097,0.7097,0.7097,0.7097,1
2026-03-17T16:48:00,0.7096,0.7096,0.7096,0.7096,1
2026-03-17T16:49:00,0.7096,0.7096,0.7096,0.7096,4
2026-03-17T16:50:00,0.7096,0.7097,0.7096,0.7097,15
2026-03-17T16:51:00,0.7097,0.7097,0.7097,0.7097,1
2026-03-17T16:52:00,0.7096,0.7096,0.7096,0.7096,2
2026-03-17T16:53:00,0.7094,0.7094,0.7094,0.7094,5
2026-03-17T16:57:00,0.7095,0.7095,0.7094,0.7094,8
2026-03-17T16:58:00,0.7095,0.7095,0.7094,0.7094,19
2026-03-17T17:00:00,0.7093,0.7095,0.7093,0.7094,3
2026-03-17T17:02:00,0.7095,0.7096,0.7095,0.7096,10
2026-03-17T17:03:00,0.7097,0.7097,0.7097,0.7097,3
2026-03-17T17:06:00,0.7096,0.7096,0.7096,0.7096,2
2026-03-17T17:07:00,0.7096,0.7096,0.7096,0.7096,2
2026-03-17T17:09:00,0.7098,0.7099,0.7098,0.7098,9
2026-03-17T17:10:00,0.7098,0.7098,0.7098,0.7098,3
2026-03-17T17:11:00,0.7097,0.7097,0.7097,0.7097,5
2026-03-17T17:12:00,0.7097,0.7097,0.7097,0.7097,1
2026-03-17T17:13:00,0.7098,0.7098,0.7098,0.7098,2
2026-03-17T17:14:00,0.7096,0.7096,0.7096,0.7096,2
2026-03-17T17:16:00,0.7096,0.7096,0.7096,0.7096,5
2026-03-17T17:17:00,0.7096,0.7096,0.7096,0.7096,5
2026-03-17T17:18:00,0.7096,0.7096,0.7096,0.7096,5
2026-03-17T17:21:00,0.7096,0.7096,0.7096,0.7096,2
2026-03-17T17:22:00,0.7097,0.7097,0.7097,0.7097,1
2026-03-17T17:23:00,0.7097,0.7097,0.7097,0.7097,1
2026-03-17T17:24:00,0.7098,0.7098,0.7098,0.7098,1
2026-03-17T17:28:00,0.7097,0.7097,0.7097,0.7097,1
2026-03-17T17:29:00,0.7097,0.7097,0.7097,0.7097,8
2026-03-17T17:32:00,0.7099,0.71,0.7099,0.71,9
2026-03-17T17:34:00,0.7099,0.7099,0.7098,0.7098,2
2026-03-17T17:35:00,0.7099,0.71,0.7099,0.7099,6
2026-03-17T17:36:00,0.7099,0.7099,0.7099,0.7099,1
2026-03-17T17:37:00,0.71,0.7101,0.71,0.7101,3
2026-03-17T17:39:00,0.7102,0.7102,0.7102,0.7102,1
2026-03-17T17:40:00,0.7102,0.7102,0.7102,0.7102,5
2026-03-17T17:42:00,0.7101,0.7103,0.7101,0.7103,22
2026-03-17T17:43:00,0.7102,0.7102,0.71,0.71,12
2026-03-17T17:44:00,0.7099,0.71,0.7099,0.71,9
2026-03-17T17:46:00,0.7099,0.71,0.7099,0.71,2
2026-03-17T17:50:00,0.7102,0.7102,0.7102,0.7102,7
2026-03-17T17:51:00,0.7101,0.7101,0.7101,0.7101,3
2026-03-17T17:52:00,0.7102,0.7103,0.7102,0.7103,2
2026-03-17T17:53:00,0.7103,0.7103,0.7103,0.7103,1
2026-03-17T17:54:00,0.7105,0.7105,0.7104,0.7104,3
2026-03-17T17:59:00,0.7102,0.7103,0.7102,0.7103,8
2026-03-17T18:01:00,0.7103,0.7104,0.7103,0.7103,6
2026-03-17T18:03:00,0.7105,0.7105,0.7105,0.7105,2
2026-03-17T18:04:00,0.7105,0.7105,0.7105,0.7105,1
2026-03-17T18:05:00,0.7104,0.7104,0.7104,0.7104,1
2026-03-17T18:10:00,0.7106,0.7106,0.7106,0.7106,1
2026-03-17T18:11:00,0.7106,0.7106,0.7106,0.7106,4
2026-03-17T18:12:00,0.7106,0.7106,0.7106,0.7106,1
2026-03-17T18:13:00,0.7105,0.7105,0.7105,0.7105,1
2026-03-17T18:14:00,0.7106,0.7106,0.7106,0.7106,6
2026-03-17T18:15:00,0.7105,0.7105,0.7105,0.7105,1
2026-03-17T18:18:00,0.7104,0.7104,0.7104,0.7104,1
2026-03-17T18:20:00,0.7103,0.7103,0.7102,0.7102,11
2026-03-17T18:21:00,0.7103,0.7103,0.7102,0.7102,29
2026-03-17T18:22:00,0.7102,0.7103,0.7102,0.7103,9
2026-03-17T18:24:00,0.71,0.71,0.71,0.71,8
2026-03-17T18:25:00,0.7099,0.71,0.7099,0.71,3
2026-03-17T18:27:00,0.71,0.71,0.71,0.71,1
2026-03-17T18:28:00,0.7098,0.7099,0.7098,0.7099,3
2026-03-17T18:30:00,0.7098,0.7098,0.7096,0.7096,8
2026-03-17T18:32:00,0.7098,0.7098,0.7098,0.7098,1
2026-03-17T18:35:00,0.7098,0.7098,0.7098,0.7098,1
2026-03-17T18:36:00,0.7099,0.7099,0.7098,0.7098,2
2026-03-17T18:37:00,0.7098,0.7098,0.7097,0.7097,8
2026-03-17T18:39:00,0.7098,0.7099,0.7098,0.7099,4
2026-03-17T18:41:00,0.7097,0.7097,0.7097,0.7097,1
2026-03-17T18:42:00,0.7097,0.7097,0.7097,0.7097,1
2026-03-17T18:44:00,0.7096,0.7096,0.7096,0.7096,1
2026-03-17T18:45:00,0.7096,0.7096,0.7096,0.7096,2
2026-03-17T18:46:00,0.7097,0.7099,0.7097,0.7099,6
2026-03-17T18:47:00,0.7098,0.7098,0.7098,0.7098,1
2026-03-17T18:48:00,0.7098,0.7098,0.7098,0.7098,1
2026-03-17T18:49:00,0.7097,0.7097,0.7097,0.7097,2
2026-03-17T18:50:00,0.7097,0.7097,0.7097,0.7097,4
2026-03-17T18:51:00,0.7097,0.7097,0.7097,0.7097,7
2026-03-17T18:52:00,0.7097,0.7097,0.7097,0.7097,1
2026-03-17T18:53:00,0.7097,0.7097,0.7097,0.7097,1
2026-03-17T18:55:00,0.7096,0.7096,0.7096,0.7096,1
2026-03-17T18:56:00,0.7095,0.7095,0.7095,0.7095,6
2026-03-17T18:57:00,0.7095,0.7095,0.7095,0.7095,10
2026-03-17T18:58:00,0.7096,0.7096,0.7096,0.7096,1
2026-03-17T19:00:00,0.7096,0.7096,0.7094,0.7095,26
2026-03-17T19:01:00,0.7094,0.7094,0.7094,0.7094,5
2026-03-17T19:02:00,0.7095,0.7095,0.7095,0.7095,2
2026-03-17T19:03:00,0.7094,0.7094,0.7094,0.7094,5
2026-03-17T19:04:00,0.7093,0.7093,0.7093,0.7093,3
2026-03-17T19:05:00,0.7093,0.7093,0.7093,0.7093,5
2026-03-17T19:06:00,0.7095,0.7095,0.7094,0.7094,20
2026-03-17T19:07:00,0.7094,0.7095,0.7094,0.7095,15
2026-03-17T19:08:00,0.7095,0.7095,0.7095,0.7095,1
2026-03-17T19:09:00,0.7095,0.7095,0.7095,0.7095,3
2026-03-17T19:13:00,0.7095,0.7095,0.7095,0.7095,1
2026-03-17T19:14:00,0.7095,0.7095,0.7095,0.7095,16
2026-03-17T19:15:00,0.7096,0.7096,0.7096,0.7096,2
2026-03-17T19:16:00,0.7096,0.7096,0.7096,0.7096,1
2026-03-17T19:18:00,0.7096,0.7097,0.7096,0.7097,9
2026-03-17T19:19:00,0.7097,0.7097,0.7097,0.7097,5
2026-03-17T19:20:00,0.7098,0.7098,0.7097,0.7097,5
2026-03-17T19:23:00,0.7095,0.7096,0.7095,0.7096,4
2026-03-17T19:26:00,0.7096,0.7096,0.7096,0.7096,2
2026-03-17T19:28:00,0.7095,0.7095,0.7094,0.7094,4
2026-03-17T19:29:00,0.7093,0.7095,0.7093,0.7095,20
2026-03-17T19:32:00,0.7094,0.7094,0.7094,0.7094,6
2026-03-17T19:34:00,0.7093,0.7093,0.7093,0.7093,1
2026-03-17T19:35:00,0.7094,0.7094,0.7094,0.7094,1
2026-03-17T19:36:00,0.7095,0.7095,0.7095,0.7095,1
2026-03-17T19:40:00,0.7093,0.7093,0.7093,0.7093,1
2026-03-17T19:41:00,0.7094,0.7094,0.7093,0.7093,4
2026-03-17T19:43:00,0.7094,0.7094,0.7094,0.7094,2
2026-03-17T19:49:00,0.7095,0.7095,0.7095,0.7095,1
2026-03-17T19:52:00,0.7095,0.7095,0.7095,0.7095,3
2026-03-17T19:54:00,0.7095,0.7095,0.7095,0.7095,2
2026-03-17T19:58:00,0.7094,0.7094,0.7094,0.7094,2
2026-03-17T19:59:00,0.7095,0.7096,0.7095,0.7096,17
2026-03-17T20:02:00,0.7096,0.7096,0.7096,0.7096,6
2026-03-17T20:03:00,0.7097,0.7097,0.7097,0.7097,1
2026-03-17T20:04:00,0.7096,0.7098,0.7096,0.7098,6
2026-03-17T20:06:00,0.7098,0.7098,0.7098,0.7098,1
2026-03-17T20:07:00,0.7097,0.7097,0.7097,0.7097,4
2026-03-17T20:10:00,0.7096,0.7096,0.7096,0.7096,2
2026-03-17T20:20:00,0.7097,0.7097,0.7097,0.7097,2
2026-03-17T20:21:00,0.7096,0.7097,0.7096,0.7097,4
2026-03-17T20:23:00,0.7097,0.7097,0.7096,0.7096,2
2026-03-17T20:26:00,0.7096,0.7096,0.7096,0.7096,1
2026-03-17T20:27:00,0.7096,0.7096,0.7096,0.7096,2
2026-03-17T20:29:00,0.7095,0.7095,0.7095,0.7095,1
2026-03-17T20:30:00,0.7095,0.7095,0.7095,0.7095,2
2026-03-17T20:32:00,0.7095,0.7096,0.7095,0.7096,7
2026-03-17T20:33:00,0.7097,0.7098,0.7097,0.7098,6
2026-03-17T20:34:00,0.7097,0.7097,0.7097,0.7097,8
2026-03-17T20:35:00,0.7098,0.7098,0.7098,0.7098,3
2026-03-17T20:36:00,0.7098,0.7098,0.7098,0.7098,1
2026-03-17T20:40:00,0.7096,0.7096,0.7096,0.7096,2
2026-03-17T20:41:00,0.7097,0.7097,0.7096,0.7096,20
2026-03-17T20:42:00,0.7097,0.7097,0.7097,0.7097,10
2026-03-17T20:43:00,0.7096,0.7097,0.7096,0.7097,4
2026-03-17T20:44:00,0.7097,0.7097,0.7097,0.7097,13
2026-03-17T20:45:00,0.7096,0.7098,0.7096,0.7097,3
2026-03-17T20:47:00,0.7097,0.7097,0.7097,0.7097,1
2026-03-17T20:49:00,0.7095,0.7095,0.7095,0.7095,1
2026-03-17T20:52:00,0.7097,0.7097,0.7097,0.7097,2
2026-03-17T20:54:00,0.7096,0.7096,0.7096,0.7096,3
2026-03-17T20:57:00,0.7096,0.7096,0.7096,0.7096,2
2026-03-17T20:58:00,0.7096,0.7096,0.7096,0.7096,2
2026-03-17T20:59:00,0.7096,0.7096,0.7096,0.7096,11
2026-03-17T22:00:00,0.7095,0.7095,0.7095,0.7095,8
2026-03-17T22:04:00,0.7097,0.7097,0.7096,0.7096,7
2026-03-17T22:05:00,0.7099,0.7099,0.7097,0.7097,4
2026-03-17T22:06:00,0.7098,0.7098,0.7098,0.7098,3
2026-03-17T22:07:00,0.7097,0.7097,0.7097,0.7097,1
2026-03-17T22:08:00,0.7098,0.7098,0.7098,0.7098,1
2026-03-17T22:09:00,0.7098,0.7098,0.7098,0.7098,1
2026-03-17T22:10:00,0.7098,0.7098,0.7098,0.7098,1
2026-03-17T22:11:00,0.7099,0.7099,0.7099,0.7099,3
2026-03-17T22:12:00,0.7099,0.7099,0.7099,0.7099,4
2026-03-17T22:13:00,0.71,0.71,0.71,0.71,12
2026-03-17T22:16:00,0.7099,0.7099,0.7099,0.7099,4
2026-03-17T22:21:00,0.7099,0.7099,0.7099,0.7099,1
2026-03-17T22:25:00,0.7099,0.7099,0.7099,0.7099,4
2026-03-17T22:29:00,0.71,0.71,0.71,0.71,1
2026-03-17T22:30:00,0.71,0.71,0.71,0.71,6
2026-03-17T22:31:00,0.71,0.71,0.7099,0.7099,2
2026-03-17T22:34:00,0.7099,0.71,0.7099,0.71,4
2026-03-17T22:35:00,0.7099,0.7099,0.7099,0.7099,1
2026-03-17T22:37:00,0.7099,0.7099,0.7099,0.7099,2
2026-03-17T22:38:00,0.7099,0.7099,0.7099,0.7099,1
2026-03-17T22:39:00,0.7099,0.7099,0.7099,0.7099,1
2026-03-17T22:41:00,0.7099,0.7099,0.7099,0.7099,26
2026-03-17T22:42:00,0.7099,0.7099,0.7098,0.7098,10
2026-03-17T22:43:00,0.7098,0.7098,0.7098,0.7098,6
2026-03-17T22:44:00,0.7099,0.7099,0.7099,0.7099,5
2026-03-17T22:45:00,0.7098,0.7098,0.7098,0.7098,1
2026-03-17T22:48:00,0.7098,0.7098,0.7098,0.7098,21
2026-03-17T22:50:00,0.7099,0.7099,0.7099,0.7099,3
2026-03-17T22:53:00,0.7099,0.7099,0.7099,0.7099,6
2026-03-17T22:55:00,0.7098,0.7098,0.7098,0.7098,1
2026-03-17T22:56:00,0.7098,0.7098,0.7098,0.7098,2
2026-03-17T22:57:00,0.7099,0.7099,0.7099,0.7099,1
2026-03-17T22:59:00,0.7098,0.7098,0.7098,0.7098,1
2026-03-17T23:00:00,0.7099,0.7099,0.7099,0.7099,1
2026-03-17T23:01:00,0.71,0.7101,0.71,0.71,6
2026-03-17T23:02:00,0.7098,0.7098,0.7098,0.7098,5
2026-03-17T23:04:00,0.7098,0.7098,0.7098,0.7098,16
2026-03-17T23:05:00,0.7098,0.7098,0.7098,0.7098,10
2026-03-17T23:15:00,0.7096,0.7096,0.7096,0.7096,1
2026-03-17T23:16:00,0.7096,0.7096,0.7096,0.7096,10
2026-03-17T23:18:00,0.7098,0.7098,0.7098,0.7098,2
2026-03-17T23:21:00,0.7098,0.7098,0.7098,0.7098,1
2026-03-17T23:24:00,0.7098,0.7098,0.7098,0.7098,7
2026-03-17T23:26:00,0.7098,0.7098,0.7098,0.7098,5
2026-03-17T23:28:00,0.7098,0.7098,0.7098,0.7098,1
2026-03-17T23:30:00,0.7098,0.7098,0.7098,0.7098,3
2026-03-17T23:32:00,0.7098,0.7098,0.7097,0.7097,13
2026-03-17T23:34:00,0.7099,0.7099,0.7099,0.7099,5
2026-03-17T23:35:00,0.71,0.71,0.71,0.71,4
2026-03-17T23:37:00,0.7099,0.7099,0.7099,0.7099,1
2026-03-17T23:39:00,0.7099,0.7099,0.7099,0.7099,5
2026-03-17T23:41:00,0.71,0.71,0.71,0.71,2
2026-03-17T23:45:00,0.71,0.71,0.71,0.71,10
2026-03-17T23:46:00,0.7101,0.7101,0.7101,0.7101,2
2026-03-17T23:47:00,0.7099,0.71,0.7098,0.7098,9
2026-03-17T23:50:00,0.71,0.71,0.71,0.71,1
2026-03-17T23:52:00,0.71,0.71,0.71,0.71,1
2026-03-17T23:53:00,0.7101,0.7101,0.7101,0.7101,1
2026-03-17T23:55:00,0.7101,0.7101,0.7101,0.7101,1
2026-03-17T23:56:00,0.71,0.71,0.71,0.71,4
2026-03-17T23:59:00,0.71,0.71,0.71,0.71,9
2026-03-18T00:00:00,0.7099,0.7099,0.7099,0.7099,5
2026-03-18T00:01:00,0.7099,0.71,0.7099,0.71,27
2026-03-18T00:02:00,0.7099,0.7099,0.7099,0.7099,1
2026-03-18T00:03:00,0.7099,0.7099,0.7099,0.7099,2
2026-03-18T00:05:00,0.71,0.71,0.71,0.71,1
2026-03-18T00:06:00,0.7101,0.7102,0.7101,0.7102,6
2026-03-18T00:07:00,0.7103,0.7103,0.7102,0.7102,14
2026-03-18T00:08:00,0.7102,0.7103,0.7102,0.7103,8
2026-03-18T00:09:00,0.7103,0.7103,0.7103,0.7103,3
2026-03-18T00:10:00,0.7104,0.7105,0.7104,0.7105,9
2026-03-18T00:11:00,0.7105,0.7105,0.7104,0.7104,4
2026-03-18T00:12:00,0.7105,0.7105,0.7104,0.7104,12
2026-03-18T00:13:00,0.7103,0.7103,0.7102,0.7102,4
2026-03-18T00:14:00,0.7102,0.7104,0.7102,0.7104,9
2026-03-18T00:15:00,0.7103,0.7103,0.7103,0.7103,1
2026-03-18T00:17:00,0.7103,0.7103,0.7103,0.7103,2
2026-03-18T00:18:00,0.7103,0.7103,0.7101,0.7102,7
2026-03-18T00:19:00,0.7101,0.7101,0.7101,0.7101,13
2026-03-18T00:21:00,0.71,0.71,0.71,0.71,5
2026-03-18T00:22:00,0.7099,0.7099,0.7099,0.7099,2
2026-03-18T00:23:00,0.71,0.71,0.71,0.71,1
2026-03-18T00:24:00,0.7101,0.7103,0.71,0.71,124
2026-03-18T00:25:00,0.71,0.71,0.71,0.71,7
2026-03-18T00:26:00,0.71,0.71,0.71,0.71,3
2026-03-18T00:29:00,0.71,0.71,0.7099,0.7099,2
2026-03-18T00:30:00,0.7099,0.7099,0.7099,0.7099,1
2026-03-18T00:31:00,0.7098,0.7098,0.7098,0.7098,2
2026-03-18T00:32:00,0.7096,0.7097,0.7095,0.7097,15
2026-03-18T00:33:00,0.7095,0.7095,0.7095,0.7095,2
2026-03-18T00:34:00,0.7096,0.7096,0.7096,0.7096,4
2026-03-18T00:35:00,0.7097,0.7098,0.7097,0.7097,4
2026-03-18T00:38:00,0.7097,0.7097,0.7097,0.7097,13
2026-03-18T00:42:00,0.7097,0.7097,0.7097,0.7097,1
2026-03-18T00:48:00,0.71,0.7101,0.71,0.7101,4
2026-03-18T00:49:00,0.71,0.71,0.71,0.71,5
2026-03-18T00:50:00,0.71,0.71,0.71,0.71,1
2026-03-18T00:51:00,0.7101,0.7101,0.7101,0.7101,10
2026-03-18T00:53:00,0.7101,0.7101,0.71,0.71,12
2026-03-18T00:54:00,0.71,0.71,0.71,0.71,3
2026-03-18T00:55:00,0.7099,0.7099,0.7099,0.7099,2
2026-03-18T00:57:00,0.7099,0.7099,0.7099,0.7099,2
2026-03-18T00:58:00,0.7099,0.7099,0.7099,0.7099,10
2026-03-18T01:00:00,0.7099,0.71,0.7099,0.71,18
2026-03-18T01:01:00,0.7102,0.7102,0.7102,0.7102,1
2026-03-18T01:02:00,0.7105,0.7106,0.7105,0.7106,4
2026-03-18T01:03:00,0.7106,0.7107,0.7106,0.7107,12
2026-03-18T01:04:00,0.7108,0.7109,0.7108,0.7109,19
2026-03-18T01:05:00,0.7108,0.7108,0.7108,0.7108,4
2026-03-18T01:06:00,0.7108,0.7108,0.7108,0.7108,1
2026-03-18T01:07:00,0.7107,0.7107,0.7106,0.7106,4
2026-03-18T01:09:00,0.7109,0.7109,0.7109,0.7109,1
2026-03-18T01:10:00,0.7108,0.7108,0.7108,0.7108,5
2026-03-18T01:11:00,0.7107,0.7107,0.7106,0.7106,52
2026-03-18T01:12:00,0.7105,0.7105,0.7105,0.7105,14
2026-03-18T01:13:00,0.7105,0.7105,0.7105,0.7105,1
2026-03-18T01:14:00,0.7105,0.7105,0.7105,0.7105,4
2026-03-18T01:15:00,0.7105,0.7105,0.7104,0.7104,45
2026-03-18T01:16:00,0.7104,0.7104,0.7104,0.7104,11
2026-03-18T01:18:00,0.7105,0.7105,0.7105,0.7105,3
2026-03-18T01:19:00,0.7105,0.7105,0.7105,0.7105,6
2026-03-18T01:20:00,0.7106,0.7106,0.7106,0.7106,1
2026-03-18T01:21:00,0.7107,0.7107,0.7107,0.7107,2
2026-03-18T01:22:00,0.7106,0.7106,0.7106,0.7106,1
2026-03-18T01:23:00,0.7107,0.7107,0.7107,0.7107,1
2026-03-18T01:24:00,0.7106,0.7107,0.7106,0.7106,4
2026-03-18T01:25:00,0.7107,0.7107,0.7107,0.7107,1
2026-03-18T01:26:00,0.7107,0.7109,0.7107,0.7109,47
2026-03-18T01:27:00,0.7109,0.711,0.7109,0.711,5
2026-03-18T01:28:00,0.711,0.711,0.711,0.711,8
2026-03-18T01:29:00,0.7109,0.7109,0.7109,0.7109,4
2026-03-18T01:30:00,0.7108,0.7108,0.7107,0.7107,15
2026-03-18T01:31:00,0.7106,0.7107,0.7106,0.7107,5
2026-03-18T01:32:00,0.7108,0.7109,0.7108,0.7109,10
2026-03-18T01:33:00,0.7109,0.7109,0.7109,0.7109,1
2026-03-18T01:34:00,0.7108,0.7108,0.7106,0.7108,115
2026-03-18T01:35:00,0.7108,0.7108,0.7108,0.7108,4
2026-03-18T01:36:00,0.7107,0.7107,0.7107,0.7107,2
2026-03-18T01:37:00,0.7108,0.7108,0.7107,0.7108,9
2026-03-18T01:38:00,0.7108,0.7108,0.7108,0.7108,2
2026-03-18T01:39:00,0.7107,0.7108,0.7107,0.7108,6
2026-03-18T01:40:00,0.7108,0.7108,0.7106,0.7107,8
2026-03-18T01:41:00,0.7107,0.7108,0.7107,0.7107,10
2026-03-18T01:42:00,0.7107,0.7107,0.7106,0.7106,3
2026-03-18T01:43:00,0.7106,0.7106,0.7106,0.7106,8
2026-03-18T01:44:00,0.7106,0.7107,0.7106,0.7107,6
2026-03-18T01:46:00,0.7105,0.7106,0.7105,0.7106,2
2026-03-18T01:47:00,0.7105,0.7105,0.7105,0.7105,7
2026-03-18T01:49:00,0.7105,0.7105,0.7104,0.7104,2
2026-03-18T01:50:00,0.7105,0.7105,0.7105,0.7105,1
2026-03-18T01:51:00,0.7104,0.7104,0.7101,0.7102,11
2026-03-18T01:52:00,0.7102,0.7102,0.7102,0.7102,3
2026-03-18T01:54:00,0.7104,0.7104,0.7104,0.7104,2
2026-03-18T01:55:00,0.7103,0.7103,0.7102,0.7102,8
2026-03-18T01:56:00,0.7104,0.7104,0.7104,0.7104,1
2026-03-18T01:57:00,0.7104,0.7104,0.7104,0.7104,1
2026-03-18T01:58:00,0.7103,0.7104,0.7103,0.7104,2
2026-03-18T01:59:00,0.7104,0.7104,0.7104,0.7104,4
2026-03-18T02:00:00,0.7105,0.7105,0.7105,0.7105,1
2026-03-18T02:01:00,0.7105,0.7105,0.7105,0.7105,7
2026-03-18T02:02:00,0.7104,0.7104,0.7104,0.7104,1
2026-03-18T02:04:00,0.7102,0.7102,0.7101,0.7102,8
2026-03-18T02:05:00,0.7101,0.7101,0.7101,0.7101,4
2026-03-18T02:07:00,0.71,0.7101,0.7099,0.7099,15
2026-03-18T02:08:00,0.7099,0.71,0.7099,0.71,9
2026-03-18T02:09:00,0.7101,0.7102,0.71,0.71,3
2026-03-18T02:10:00,0.7101,0.7101,0.7099,0.7099,24
2026-03-18T02:11:00,0.7099,0.7099,0.7099,0.7099,2
2026-03-18T02:12:00,0.71,0.71,0.71,0.71,1
2026-03-18T02:13:00,0.71,0.71,0.71,0.71,1
2026-03-18T02:14:00,0.7099,0.7099,0.7099,0.7099,4
2026-03-18T02:15:00,0.7098,0.7098,0.7098,0.7098,4
2026-03-18T02:16:00,0.7098,0.7098,0.7098,0.7098,1
2026-03-18T02:17:00,0.7099,0.71,0.7099,0.71,7
2026-03-18T02:18:00,0.71,0.7102,0.71,0.7102,9
2026-03-18T02:19:00,0.7101,0.7101,0.7101,0.7101,2
2026-03-18T02:21:00,0.71,0.71,0.71,0.71,1
2026-03-18T02:22:00,0.7101,0.7102,0.7101,0.7102,3
2026-03-18T02:23:00,0.7102,0.7102,0.7102,0.7102,1
2026-03-18T02:24:00,0.7101,0.7101,0.7101,0.7101,4
2026-03-18T02:29:00,0.7102,0.7102,0.7102,0.7102,2
2026-03-18T02:30:00,0.7102,0.7102,0.7102,0.7102,1
2026-03-18T02:31:00,0.71,0.71,0.71,0.71,1
2026-03-18T02:33:00,0.7104,0.7104,0.7102,0.7102,2
2026-03-18T02:35:00,0.7103,0.7103,0.7103,0.7103,1
2026-03-18T02:36:00,0.7104,0.7104,0.7102,0.7102,4
2026-03-18T02:38:00,0.7102,0.7102,0.7102,0.7102,5
2026-03-18T02:39:00,0.7102,0.7102,0.7101,0.7102,6
2026-03-18T02:42:00,0.7101,0.7101,0.7101,0.7101,5
2026-03-18T02:43:00,0.71,0.71,0.71,0.71,2
2026-03-18T02:44:00,0.7099,0.7099,0.7099,0.7099,7
2026-03-18T02:45:00,0.7099,0.7099,0.7099,0.7099,3
2026-03-18T02:47:00,0.7099,0.7099,0.7099,0.7099,3
2026-03-18T02:48:00,0.7098,0.7098,0.7098,0.7098,1
2026-03-18T02:49:00,0.7098,0.7098,0.7097,0.7097,8
2026-03-18T02:50:00,0.7097,0.7097,0.7097,0.7097,11
2026-03-18T02:51:00,0.7098,0.7098,0.7095,0.7096,26
2026-03-18T02:52:00,0.7096,0.7096,0.7096,0.7096,2
2026-03-18T02:53:00,0.7096,0.7096,0.7096,0.7096,1
2026-03-18T02:54:00,0.7096,0.7096,0.7096,0.7096,1
2026-03-18T02:56:00,0.7096,0.7096,0.7095,0.7095,2
2026-03-18T02:57:00,0.7095,0.7095,0.7093,0.7094,36
2026-03-18T02:58:00,0.7092,0.7093,0.7092,0.7093,7
2026-03-18T02:59:00,0.7093,0.7093,0.7093,0.7093,9
2026-03-18T03:00:00,0.7093,0.7093,0.7093,0.7093,5
2026-03-18T03:02:00,0.7093,0.7093,0.7093,0.7093,2
2026-03-18T03:03:00,0.7093,0.7093,0.7093,0.7093,2
2026-03-18T03:04:00,0.7092,0.7092,0.7091,0.7091,7
2026-03-18T03:05:00,0.7092,0.7092,0.7092,0.7092,2
2026-03-18T03:06:00,0.7092,0.7092,0.7091,0.7091,3
2026-03-18T03:07:00,0.7092,0.7092,0.7092,0.7092,10
2026-03-18T03:09:00,0.7093,0.7093,0.7093,0.7093,5
2026-03-18T03:10:00,0.7093,0.7095,0.7093,0.7095,4
2026-03-18T03:11:00,0.7095,0.7095,0.7095,0.7095,3
2026-03-18T03:12:00,0.7096,0.7096,0.7096,0.7096,1
2026-03-18T03:13:00,0.7098,0.7098,0.7098,0.7098,1
2026-03-18T03:14:00,0.7097,0.7097,0.7096,0.7096,4
2026-03-18T03:15:00,0.7096,0.7096,0.7096,0.7096,1
2026-03-18T03:16:00,0.7096,0.7096,0.7096,0.7096,1
2026-03-18T03:17:00,0.7096,0.7096,0.7096,0.7096,11
2026-03-18T03:18:00,0.7096,0.7096,0.7096,0.7096,4
2026-03-18T03:19:00,0.7097,0.7097,0.7097,0.7097,1
2026-03-18T03:20:00,0.7097,0.7097,0.7096,0.7096,3
2026-03-18T03:21:00,0.7097,0.7097,0.7097,0.7097,4
2026-03-18T03:25:00,0.7097,0.7097,0.7097,0.7097,1
2026-03-18T03:26:00,0.7098,0.7098,0.7098,0.7098,6
2026-03-18T03:29:00,0.7098,0.7098,0.7098,0.7098,1
2026-03-18T03:31:00,0.7098,0.7098,0.7098,0.7098,1
2026-03-18T03:32:00,0.7097,0.7097,0.7097,0.7097,1
2026-03-18T03:33:00,0.7097,0.7097,0.7097,0.7097,1
2026-03-18T03:34:00,0.7097,0.7097,0.7097,0.7097,1
2026-03-18T03:35:00,0.7097,0.7097,0.7097,0.7097,4
2026-03-18T03:39:00,0.7097,0.7097,0.7097,0.7097,4
2026-03-18T03:40:00,0.7097,0.7097,0.7097,0.7097,4
2026-03-18T03:42:00,0.7097,0.7097,0.7097,0.7097,2
2026-03-18T03:43:00,0.7097,0.7098,0.7097,0.7098,3
2026-03-18T03:45:00,0.71,0.7101,0.71,0.7101,6
2026-03-18T03:46:00,0.7101,0.7101,0.7101,0.7101,10
2026-03-18T03:47:00,0.7101,0.7101,0.7101,0.7101,1
2026-03-18T03:50:00,0.7101,0.7101,0.71,0.71,3
2026-03-18T03:51:00,0.71,0.71,0.71,0.71,3
2026-03-18T03:52:00,0.71,0.71,0.71,0.71,2
2026-03-18T03:56:00,0.7101,0.7101,0.7101,0.7101,4
2026-03-18T03:57:00,0.7102,0.7102,0.7102,0.7102,3
2026-03-18T03:58:00,0.7103,0.7103,0.7103,0.7103,2
2026-03-18T04:00:00,0.7104,0.7105,0.7104,0.7104,8
2026-03-18T04:02:00,0.7105,0.7105,0.7104,0.7104,3
2026-03-18T04:03:00,0.7105,0.7105,0.7105,0.7105,1
2026-03-18T04:04:00,0.7104,0.7104,0.7104,0.7104,1
2026-03-18T04:05:00,0.7104,0.7104,0.7104,0.7104,2
2026-03-18T04:07:00,0.7103,0.7103,0.7102,0.7102,11
2026-03-18T04:09:00,0.71,0.71,0.7099,0.71,10
2026-03-18T04:10:00,0.7102,0.7102,0.7102,0.7102,1
2026-03-18T04:12:00,0.7102,0.7102,0.7101,0.7101,3
2026-03-18T04:13:00,0.71,0.71,0.71,0.71,5
2026-03-18T04:14:00,0.71,0.7101,0.71,0.7101,5
2026-03-18T04:15:00,0.7101,0.7101,0.7101,0.7101,1
2026-03-18T04:17:00,0.7101,0.7101,0.7101,0.7101,2
2026-03-18T04:18:00,0.7102,0.7102,0.7102,0.7102,2
2026-03-18T04:21:00,0.7103,0.7103,0.7103,0.7103,1
2026-03-18T04:22:00,0.7104,0.7105,0.7104,0.7105,9
2026-03-18T04:23:00,0.7105,0.7106,0.7105,0.7106,5
2026-03-18T04:24:00,0.7106,0.7106,0.7106,0.7106,1
2026-03-18T04:25:00,0.7105,0.7105,0.7105,0.7105,8
2026-03-18T04:26:00,0.7105,0.7105,0.7105,0.7105,7
2026-03-18T04:27:00,0.7104,0.7104,0.7104,0.7104,4
2026-03-18T04:28:00,0.7104,0.7105,0.7104,0.7105,3
2026-03-18T04:29:00,0.7106,0.7106,0.7106,0.7106,2
2026-03-18T04:30:00,0.7107,0.7109,0.7107,0.7109,20
2026-03-18T04:31:00,0.7108,0.7108,0.7108,0.7108,3
2026-03-18T04:32:00,0.7108,0.7108,0.7107,0.7108,6
2026-03-18T04:33:00,0.7108,0.7108,0.7106,0.7106,39
2026-03-18T04:34:00,0.7106,0.7106,0.7106,0.7106,9
2026-03-18T04:36:00,0.7107,0.7107,0.7107,0.7107,9
2026-03-18T04:37:00,0.7107,0.7107,0.7106,0.7106,2
2026-03-18T04:38:00,0.7106,0.7106,0.7106,0.7106,1
2026-03-18T04:39:00,0.7105,0.7105,0.7105,0.7105,1
2026-03-18T04:40:00,0.7104,0.7104,0.7104,0.7104,1
2026-03-18T04:41:00,0.7105,0.7105,0.7105,0.7105,5
2026-03-18T04:49:00,0.7106,0.7106,0.7106,0.7106,1
2026-03-18T04:50:00,0.7106,0.7108,0.7106,0.7107,9
2026-03-18T04:53:00,0.7108,0.7108,0.7108,0.7108,2
2026-03-18T04:56:00,0.7106,0.7106,0.7106,0.7106,8
2026-03-18T04:58:00,0.7105,0.7105,0.7105,0.7105,2
2026-03-18T04:59:00,0.7105,0.7105,0.7105,0.7105,1
2026-03-18T05:00:00,0.7106,0.7106,0.7106,0.7106,3
2026-03-18T05:01:00,0.7106,0.7106,0.7106,0.7106,1
2026-03-18T05:02:00,0.7107,0.7107,0.7107,0.7107,5
2026-03-18T05:03:00,0.7107,0.7107,0.7107,0.7107,1
2026-03-18T05:04:00,0.7107,0.7107,0.7107,0.7107,28
2026-03-18T05:06:00,0.7108,0.7108,0.7108,0.7108,7
2026-03-18T05:07:00,0.7108,0.7108,0.7108,0.7108,5
2026-03-18T05:08:00,0.7107,0.7107,0.7107,0.7107,3
2026-03-18T05:12:00,0.7108,0.7108,0.7106,0.7106,10
2026-03-18T05:16:00,0.7105,0.7105,0.7105,0.7105,1
2026-03-18T05:17:00,0.7105,0.7106,0.7105,0.7106,3
2026-03-18T05:20:00,0.7108,0.7108,0.7107,0.7108,4
2026-03-18T05:26:00,0.7105,0.7105,0.7104,0.7105,53
2026-03-18T05:28:00,0.7104,0.7104,0.7104,0.7104,6
2026-03-18T05:30:00,0.7103,0.7103,0.7103,0.7103,3
2026-03-18T05:31:00,0.7104,0.7104,0.7104,0.7104,1
2026-03-18T05:33:00,0.7105,0.7105,0.7105,0.7105,5
2026-03-18T05:36:00,0.7106,0.7106,0.7106,0.7106,1
2026-03-18T05:37:00,0.7107,0.7108,0.7107,0.7108,2
2026-03-18T05:38:00,0.7107,0.7107,0.7107,0.7107,6
2026-03-18T05:40:00,0.7105,0.7105,0.7105,0.7105,14
2026-03-18T05:41:00,0.7108,0.7108,0.7108,0.7108,4
2026-03-18T05:42:00,0.7108,0.7109,0.7107,0.7109,14
2026-03-18T05:43:00,0.7109,0.7109,0.7109,0.7109,11
2026-03-18T05:44:00,0.7108,0.711,0.7108,0.7109,19
2026-03-18T05:46:00,0.711,0.711,0.711,0.711,40
2026-03-18T05:47:00,0.7108,0.7108,0.7108,0.7108,1
2026-03-18T05:50:00,0.7109,0.7109,0.7109,0.7109,1
2026-03-18T05:52:00,0.7109,0.7109,0.7109,0.7109,2
2026-03-18T05:53:00,0.711,0.711,0.711,0.711,6
2026-03-18T05:54:00,0.711,0.711,0.711,0.711,4
2026-03-18T05:56:00,0.711,0.711,0.711,0.711,3
2026-03-18T05:58:00,0.7109,0.7109,0.7109,0.7109,21
2026-03-18T06:02:00,0.7109,0.711,0.7109,0.711,8
2026-03-18T06:03:00,0.711,0.711,0.711,0.711,10
2026-03-18T06:04:00,0.7108,0.7108,0.7108,0.7108,6
2026-03-18T06:06:00,0.7108,0.7109,0.7107,0.7109,3
2026-03-18T06:08:00,0.7109,0.7109,0.7109,0.7109,1
2026-03-18T06:09:00,0.7111,0.7114,0.7111,0.7114,129
2026-03-18T06:10:00,0.7113,0.7113,0.7113,0.7113,1
2026-03-18T06:12:00,0.7112,0.7112,0.7112,0.7112,9
2026-03-18T06:13:00,0.7112,0.7112,0.7112,0.7112,1
2026-03-18T06:14:00,0.7112,0.7112,0.7111,0.7111,2
2026-03-18T06:15:00,0.7111,0.7111,0.7111,0.7111,3
2026-03-18T06:16:00,0.7111,0.7111,0.7111,0.7111,4
2026-03-18T06:20:00,0.7113,0.7114,0.7113,0.7114,2
2026-03-18T06:21:00,0.7114,0.7114,0.7113,0.7113,2
2026-03-18T06:22:00,0.7114,0.7114,0.7114,0.7114,1
2026-03-18T06:23:00,0.7113,0.7113,0.7113,0.7113,1
2026-03-18T06:26:00,0.7112,0.7113,0.7112,0.7113,7
2026-03-18T06:27:00,0.7111,0.7111,0.7111,0.7111,1
2026-03-18T06:29:00,0.7113,0.7113,0.7113,0.7113,7
2026-03-18T06:31:00,0.7112,0.7112,0.7112,0.7112,7
2026-03-18T06:32:00,0.7112,0.7112,0.7109,0.7111,71
2026-03-18T06:33:00,0.711,0.711,0.711,0.711,1
2026-03-18T06:35:00,0.7109,0.7109,0.7108,0.7108,11
2026-03-18T06:36:00,0.7108,0.7109,0.7108,0.7108,5
2026-03-18T06:37:00,0.7108,0.7108,0.7108,0.7108,6
2026-03-18T06:38:00,0.7108,0.7108,0.7108,0.7108,3
2026-03-18T06:39:00,0.7107,0.7107,0.7107,0.7107,5
2026-03-18T06:40:00,0.7107,0.7108,0.7107,0.7108,5
2026-03-18T06:41:00,0.7107,0.7107,0.7107,0.7107,4
2026-03-18T06:42:00,0.7108,0.7108,0.7108,0.7108,1
2026-03-18T06:44:00,0.7109,0.7109,0.7109,0.7109,1
2026-03-18T06:46:00,0.7107,0.7107,0.7107,0.7107,1
2026-03-18T06:47:00,0.7108,0.7108,0.7108,0.7108,1
2026-03-18T06:48:00,0.7108,0.7108,0.7107,0.7108,9
2026-03-18T06:49:00,0.7108,0.7108,0.7108,0.7108,1
2026-03-18T06:50:00,0.7107,0.7107,0.7107,0.7107,2
2026-03-18T06:52:00,0.7107,0.7107,0.7107,0.7107,6
2026-03-18T06:53:00,0.7107,0.7107,0.7107,0.7107,3
2026-03-18T06:54:00,0.7107,0.7107,0.7107,0.7107,3
2026-03-18T06:55:00,0.7108,0.7108,0.7108,0.7108,4
2026-03-18T06:56:00,0.7108,0.7108,0.7108,0.7108,2
2026-03-18T06:57:00,0.7109,0.7109,0.7109,0.7109,1
2026-03-18T06:58:00,0.711,0.711,0.7109,0.7109,3
2026-03-18T06:59:00,0.711,0.711,0.711,0.711,1
2026-03-18T07:00:00,0.711,0.711,0.7109,0.7109,10
2026-03-18T07:03:00,0.7112,0.7112,0.711,0.711,9
2026-03-18T07:07:00,0.711,0.711,0.7109,0.7109,20
2026-03-18T07:08:00,0.7109,0.7109,0.7109,0.7109,1
2026-03-18T07:09:00,0.711,0.711,0.711,0.711,2
2026-03-18T07:10:00,0.7109,0.7109,0.7108,0.7108,19
2026-03-18T07:11:00,0.7107,0.7107,0.7107,0.7107,5
2026-03-18T07:12:00,0.7106,0.7108,0.7106,0.7108,8
2026-03-18T07:13:00,0.7108,0.7109,0.7108,0.7109,2
2026-03-18T07:15:00,0.7107,0.7107,0.7105,0.7105,16
2026-03-18T07:18:00,0.7105,0.7105,0.7105,0.7105,2
2026-03-18T07:19:00,0.7105,0.7105,0.7105,0.7105,1
2026-03-18T07:20:00,0.7105,0.7105,0.7105,0.7105,7
2026-03-18T07:21:00,0.7106,0.7106,0.7106,0.7106,1
2026-03-18T07:22:00,0.7106,0.7106,0.7105,0.7105,4
2026-03-18T07:23:00,0.7105,0.7105,0.7105,0.7105,1
2026-03-18T07:25:00,0.7104,0.7104,0.7104,0.7104,6
2026-03-18T07:28:00,0.7104,0.7104,0.7104,0.7104,1
2026-03-18T07:29:00,0.7105,0.7105,0.7105,0.7105,7
2026-03-18T07:30:00,0.7105,0.7106,0.7105,0.7105,3
2026-03-18T07:31:00,0.7105,0.7105,0.7105,0.7105,1
2026-03-18T07:32:00,0.7104,0.7104,0.7103,0.7103,12
2026-03-18T07:33:00,0.7103,0.7103,0.7103,0.7103,7
2026-03-18T07:35:00,0.7103,0.7103,0.7103,0.7103,3
2026-03-18T07:36:00,0.7103,0.7103,0.7103,0.7103,2
2026-03-18T07:38:00,0.7101,0.7101,0.71,0.71,3
2026-03-18T07:39:00,0.7104,0.7104,0.7104,0.7104,2
2026-03-18T07:40:00,0.7104,0.7104,0.7104,0.7104,2
2026-03-18T07:41:00,0.7104,0.7104,0.7104,0.7104,1
2026-03-18T07:43:00,0.7105,0.7105,0.7104,0.7104,5
2026-03-18T07:45:00,0.7103,0.7103,0.7102,0.7102,5
2026-03-18T07:46:00,0.7102,0.7102,0.7102,0.7102,5
2026-03-18T07:47:00,0.7102,0.7102,0.7102,0.7102,1
2026-03-18T07:48:00,0.7102,0.7103,0.7102,0.7103,5
2026-03-18T07:49:00,0.7103,0.7103,0.7103,0.7103,1
2026-03-18T07:50:00,0.7102,0.7102,0.7102,0.7102,1
2026-03-18T07:52:00,0.7104,0.7104,0.7104,0.7104,1
2026-03-18T07:55:00,0.7105,0.7105,0.7104,0.7104,2
2026-03-18T07:57:00,0.7105,0.7105,0.7105,0.7105,14
2026-03-18T07:58:00,0.7104,0.7104,0.7102,0.7102,14
2026-03-18T08:00:00,0.7104,0.7104,0.7103,0.7103,6
2026-03-18T08:01:00,0.7104,0.7104,0.7104,0.7104,2
2026-03-18T08:02:00,0.7103,0.7103,0.7102,0.7102,3
2026-03-18T08:03:00,0.7104,0.7104,0.7104,0.7104,1
2026-03-18T08:04:00,0.7103,0.7103,0.7103,0.7103,6
2026-03-18T08:05:00,0.7103,0.7103,0.7103,0.7103,1
2026-03-18T08:06:00,0.7102,0.7102,0.7102,0.7102,2
2026-03-18T08:08:00,0.71,0.71,0.7099,0.7099,5
2026-03-18T08:09:00,0.7101,0.7101,0.7101,0.7101,4
2026-03-18T08:10:00,0.7102,0.7102,0.7102,0.7102,1
2026-03-18T08:11:00,0.7103,0.7103,0.7103,0.7103,1
2026-03-18T08:12:00,0.7104,0.7105,0.7104,0.7104,4
2026-03-18T08:14:00,0.7102,0.7102,0.7102,0.7102,1
2026-03-18T08:15:00,0.7102,0.7102,0.7102,0.7102,2
2026-03-18T08:17:00,0.7101,0.7101,0.7101,0.7101,1
2026-03-18T08:18:00,0.71,0.71,0.71,0.71,1
2026-03-18T08:19:00,0.7101,0.7101,0.7101,0.7101,1
2026-03-18T08:20:00,0.71,0.71,0.71,0.71,1
2026-03-18T08:21:00,0.7098,0.7098,0.7097,0.7097,6
2026-03-18T08:24:00,0.7097,0.7097,0.7095,0.7095,10
2026-03-18T08:25:00,0.7095,0.7095,0.7093,0.7093,6
2026-03-18T08:26:00,0.7094,0.7094,0.7093,0.7093,4
2026-03-18T08:27:00,0.7093,0.7094,0.7093,0.7094,3
2026-03-18T08:28:00,0.7095,0.7095,0.7095,0.7095,8
2026-03-18T08:29:00,0.7095,0.7095,0.7094,0.7094,2
2026-03-18T08:30:00,0.7093,0.7094,0.7091,0.7094,33
2026-03-18T08:31:00,0.7094,0.7095,0.7094,0.7095,3
2026-03-18T08:32:00,0.7094,0.7094,0.7094,0.7094,6
2026-03-18T08:33:00,0.7095,0.7096,0.7095,0.7096,7
2026-03-18T08:34:00,0.7095,0.7095,0.7095,0.7095,1
2026-03-18T08:35:00,0.7097,0.7097,0.7096,0.7096,9
2026-03-18T08:37:00,0.7094,0.7094,0.7093,0.7093,11
2026-03-18T08:39:00,0.7096,0.7096,0.7095,0.7095,5
2026-03-18T08:40:00,0.7095,0.7095,0.7094,0.7094,2
2026-03-18T08:42:00,0.7094,0.7094,0.7094,0.7094,1
2026-03-18T08:43:00,0.7095,0.7095,0.7095,0.7095,1
2026-03-18T08:44:00,0.7095,0.7095,0.7095,0.7095,1
2026-03-18T08:45:00,0.7094,0.7094,0.7094,0.7094,1
2026-03-18T08:46:00,0.7094,0.7094,0.7094,0.7094,2
2026-03-18T08:48:00,0.7097,0.7097,0.7097,0.7097,2
2026-03-18T08:49:00,0.7096,0.7096,0.7095,0.7095,5
2026-03-18T08:50:00,0.7097,0.7097,0.7097,0.7097,1
2026-03-18T08:52:00,0.7097,0.7099,0.7097,0.7099,9
2026-03-18T08:53:00,0.71,0.71,0.7099,0.7099,5
2026-03-18T08:54:00,0.7099,0.7099,0.7099,0.7099,1
2026-03-18T08:55:00,0.7098,0.7098,0.7098,0.7098,3
2026-03-18T08:57:00,0.7098,0.7098,0.7098,0.7098,1
2026-03-18T08:58:00,0.7099,0.7099,0.7099,0.7099,3
2026-03-18T08:59:00,0.7098,0.7098,0.7098,0.7098,10
2026-03-18T09:00:00,0.7098,0.7098,0.7098,0.7098,4
2026-03-18T09:01:00,0.7098,0.7098,0.7098,0.7098,3
2026-03-18T09:02:00,0.7097,0.7097,0.7097,0.7097,5
2026-03-18T09:03:00,0.7096,0.7097,0.7096,0.7097,12
2026-03-18T09:05:00,0.7098,0.7098,0.7098,0.7098,4
2026-03-18T09:09:00,0.7098,0.7099,0.7098,0.7099,6
2026-03-18T09:10:00,0.7097,0.7097,0.7097,0.7097,1
2026-03-18T09:11:00,0.7097,0.7097,0.7097,0.7097,4
2026-03-18T09:12:00,0.7097,0.7097,0.7095,0.7095,9
2026-03-18T09:13:00,0.7096,0.7096,0.7095,0.7095,5
2026-03-18T09:14:00,0.7094,0.7094,0.7094,0.7094,7
2026-03-18T09:15:00,0.7094,0.7094,0.7094,0.7094,7
2026-03-18T09:17:00,0.7095,0.7095,0.7095,0.7095,3
2026-03-18T09:19:00,0.7097,0.7097,0.7097,0.7097,3
2026-03-18T09:20:00,0.7099,0.7099,0.7099,0.7099,10
2026-03-18T09:21:00,0.7102,0.7103,0.7102,0.7102,8
2026-03-18T09:22:00,0.7102,0.7102,0.7102,0.7102,3
2026-03-18T09:24:00,0.7101,0.7101,0.7101,0.7101,4
2026-03-18T09:25:00,0.7102,0.7102,0.7102,0.7102,1
2026-03-18T09:26:00,0.7102,0.7102,0.7102,0.7102,1
2026-03-18T09:28:00,0.71,0.71,0.71,0.71,5
2026-03-18T09:30:00,0.7101,0.7101,0.7101,0.7101,1
2026-03-18T09:35:00,0.71,0.71,0.71,0.71,1
2026-03-18T09:37:00,0.71,0.71,0.71,0.71,5
2026-03-18T09:38:00,0.7101,0.7101,0.7101,0.7101,1
2026-03-18T09:39:00,0.7101,0.7101,0.7101,0.7101,1
2026-03-18T09:40:00,0.7101,0.7101,0.7101,0.7101,5
2026-03-18T09:41:00,0.7101,0.7101,0.7101,0.7101,14
2026-03-18T09:42:00,0.7103,0.7103,0.7103,0.7103,1
2026-03-18T09:43:00,0.7104,0.7104,0.7104,0.7104,9
2026-03-18T09:44:00,0.7104,0.7104,0.7104,0.7104,10
2026-03-18T09:45:00,0.7104,0.7104,0.7104,0.7104,1
2026-03-18T09:46:00,0.7104,0.7104,0.7103,0.7103,6
2026-03-18T09:47:00,0.7103,0.7103,0.7103,0.7103,1
2026-03-18T09:48:00,0.7102,0.7102,0.7102,0.7102,2
2026-03-18T09:50:00,0.7103,0.7103,0.7103,0.7103,3
2026-03-18T09:53:00,0.7102,0.7102,0.7102,0.7102,4
2026-03-18T09:54:00,0.7101,0.7101,0.7101,0.7101,4
2026-03-18T09:57:00,0.7103,0.7103,0.7103,0.7103,1
2026-03-18T09:59:00,0.7103,0.7103,0.7103,0.7103,1
2026-03-18T10:00:00,0.7103,0.7103,0.7103,0.7103,3
2026-03-18T10:01:00,0.7103,0.7103,0.7103,0.7103,1
2026-03-18T10:02:00,0.7102,0.7102,0.7102,0.7102,4
2026-03-18T10:04:00,0.7102,0.7102,0.7102,0.7102,5
2026-03-18T10:05:00,0.7101,0.7101,0.71,0.71,6
2026-03-18T10:06:00,0.7101,0.7102,0.7101,0.7102,5
2026-03-18T10:07:00,0.7102,0.7102,0.7102,0.7102,1
2026-03-18T10:08:00,0.7103,0.7103,0.7103,0.7103,1
2026-03-18T10:10:00,0.7103,0.7103,0.7103,0.7103,1
2026-03-18T10:11:00,0.7102,0.7102,0.7102,0.7102,1
2026-03-18T10:14:00,0.7102,0.7102,0.7102,0.7102,2
2026-03-18T10:15:00,0.7102,0.7102,0.7102,0.7102,3
2026-03-18T10:17:00,0.7102,0.7102,0.7102,0.7102,3
2026-03-18T10:18:00,0.7101,0.7101,0.7101,0.7101,1
2026-03-18T10:19:00,0.7101,0.7101,0.7101,0.7101,1
2026-03-18T10:20:00,0.7101,0.7101,0.7101,0.7101,7
2026-03-18T10:21:00,0.71,0.7101,0.71,0.7101,3
2026-03-18T10:22:00,0.71,0.71,0.71,0.71,1
2026-03-18T10:23:00,0.71,0.71,0.71,0.71,3
2026-03-18T10:25:00,0.7099,0.7099,0.7099,0.7099,4
2026-03-18T10:26:00,0.7097,0.7097,0.7096,0.7096,3
2026-03-18T10:27:00,0.7097,0.7099,0.7096,0.7099,11
2026-03-18T10:28:00,0.7099,0.7099,0.7099,0.7099,1
2026-03-18T10:29:00,0.7098,0.7098,0.7097,0.7097,3
2026-03-18T10:31:00,0.7097,0.7097,0.7097,0.7097,6
2026-03-18T10:34:00,0.7097,0.7097,0.7097,0.7097,1
2026-03-18T10:40:00,0.7098,0.7098,0.7098,0.7098,3
2026-03-18T10:41:00,0.7097,0.7097,0.7097,0.7097,1
2026-03-18T10:42:00,0.7097,0.7097,0.7097,0.7097,2
2026-03-18T10:47:00,0.7097,0.7097,0.7097,0.7097,6
2026-03-18T10:49:00,0.7097,0.7097,0.7097,0.7097,3
2026-03-18T10:53:00,0.7095,0.7095,0.7094,0.7094,3
2026-03-18T10:54:00,0.7095,0.7095,0.7095,0.7095,1
2026-03-18T10:55:00,0.7095,0.7095,0.7095,0.7095,2
2026-03-18T10:56:00,0.7095,0.7095,0.7094,0.7094,2
2026-03-18T10:57:00,0.7095,0.7095,0.7095,0.7095,1
2026-03-18T10:58:00,0.7095,0.7095,0.7095,0.7095,1
2026-03-18T10:59:00,0.7095,0.7095,0.7095,0.7095,1
2026-03-18T11:01:00,0.7094,0.7094,0.7094,0.7094,3
2026-03-18T11:02:00,0.7095,0.7095,0.7095,0.7095,2
2026-03-18T11:04:00,0.7095,0.7095,0.7095,0.7095,4
2026-03-18T11:06:00,0.7096,0.7096,0.7096,0.7096,1
2026-03-18T11:07:00,0.7094,0.7094,0.7094,0.7094,4
2026-03-18T11:10:00,0.7096,0.7096,0.7096,0.7096,1
2026-03-18T11:12:00,0.7097,0.7097,0.7097,0.7097,4
2026-03-18T11:14:00,0.7099,0.7099,0.7098,0.7098,9
2026-03-18T11:15:00,0.7098,0.7098,0.7098,0.7098,1
2026-03-18T11:16:00,0.7099,0.7099,0.7099,0.7099,2
2026-03-18T11:17:00,0.71,0.71,0.7099,0.7099,14
2026-03-18T11:18:00,0.71,0.71,0.71,0.71,1
2026-03-18T11:20:00,0.71,0.71,0.71,0.71,2
2026-03-18T11:23:00,0.7099,0.71,0.7099,0.71,2
2026-03-18T11:25:00,0.7097,0.7097,0.7097,0.7097,3
2026-03-18T11:26:00,0.7094,0.7094,0.709,0.709,44
2026-03-18T11:27:00,0.7089,0.709,0.7085,0.7086,76
2026-03-18T11:28:00,0.7087,0.7087,0.7085,0.7085,35
2026-03-18T11:29:00,0.7086,0.7086,0.7083,0.7084,23
2026-03-18T11:30:00,0.7082,0.7087,0.7082,0.7086,22
2026-03-18T11:31:00,0.7089,0.709,0.7088,0.7088,9
2026-03-18T11:32:00,0.709,0.7091,0.7089,0.7091,14
2026-03-18T11:33:00,0.7091,0.7091,0.7091,0.7091,2
2026-03-18T11:34:00,0.7092,0.7094,0.7092,0.7094,54
2026-03-18T11:35:00,0.7089,0.709,0.7088,0.7088,17
2026-03-18T11:36:00,0.7087,0.7087,0.7085,0.7085,24
2026-03-18T11:37:00,0.7085,0.7086,0.7084,0.7085,7
2026-03-18T11:38:00,0.7086,0.7087,0.7086,0.7087,5
2026-03-18T11:39:00,0.7087,0.7087,0.7087,0.7087,3
2026-03-18T11:41:00,0.7089,0.709,0.7089,0.709,6
2026-03-18T11:42:00,0.709,0.709,0.709,0.709,1
2026-03-18T11:43:00,0.7091,0.7091,0.7091,0.7091,2
2026-03-18T11:44:00,0.7091,0.7091,0.7089,0.7089,2
2026-03-18T11:47:00,0.7088,0.7088,0.7087,0.7087,3
2026-03-18T11:49:00,0.7089,0.7089,0.7089,0.7089,1
2026-03-18T11:50:00,0.709,0.709,0.709,0.709,5
2026-03-18T11:52:00,0.7091,0.7093,0.7091,0.7093,3
2026-03-18T11:54:00,0.7093,0.7093,0.7092,0.7092,2
2026-03-18T11:55:00,0.7091,0.7092,0.7089,0.7091,63
2026-03-18T11:56:00,0.709,0.709,0.709,0.709,1
2026-03-18T11:58:00,0.7091,0.7091,0.7091,0.7091,1
2026-03-18T12:00:00,0.709,0.709,0.709,0.709,2
2026-03-18T12:01:00,0.7091,0.7091,0.7089,0.709,10
2026-03-18T12:02:00,0.7089,0.7089,0.7089,0.7089,1
2026-03-18T12:03:00,0.709,0.709,0.7088,0.7088,29
2026-03-18T12:04:00,0.7088,0.7088,0.7087,0.7087,9
2026-03-18T12:05:00,0.7087,0.7087,0.7086,0.7086,8
2026-03-18T12:06:00,0.7086,0.7086,0.7084,0.7084,51
2026-03-18T12:07:00,0.7083,0.7083,0.7078,0.7079,58
2026-03-18T12:08:00,0.7079,0.7079,0.7077,0.7077,55
2026-03-18T12:09:00,0.7077,0.7078,0.7075,0.7076,33
2026-03-18T12:10:00,0.7076,0.7076,0.7075,0.7076,50
2026-03-18T12:11:00,0.7076,0.7078,0.7076,0.7078,13
2026-03-18T12:12:00,0.7077,0.7077,0.7073,0.7073,50
2026-03-18T12:13:00,0.7074,0.7074,0.7072,0.7073,11
2026-03-18T12:14:00,0.7072,0.7078,0.7072,0.7078,16
2026-03-18T12:15:00,0.7078,0.7078,0.7076,0.7077,26
2026-03-18T12:16:00,0.7077,0.7077,0.707,0.7071,35
2026-03-18T12:17:00,0.7071,0.7072,0.707,0.7072,77
2026-03-18T12:18:00,0.7072,0.7072,0.7069,0.7069,24
2026-03-18T12:19:00,0.7069,0.707,0.7069,0.7069,5
2026-03-18T12:20:00,0.707,0.7073,0.7068,0.7071,156
2026-03-18T12:21:00,0.7071,0.7072,0.707,0.7072,16
2026-03-18T12:22:00,0.7072,0.7072,0.707,0.707,15
2026-03-18T12:23:00,0.7071,0.7074,0.7069,0.7073,54
2026-03-18T12:24:00,0.7074,0.7074,0.7069,0.7069,11
2026-03-18T12:25:00,0.7069,0.707,0.7067,0.7067,13
2026-03-18T12:26:00,0.7067,0.7068,0.7067,0.7068,4
2026-03-18T12:27:00,0.7068,0.7068,0.7068,0.7068,8
2026-03-18T12:28:00,0.7068,0.7068,0.7067,0.7067,14
2026-03-18T12:29:00,0.7068,0.7069,0.7068,0.7069,6
2026-03-18T12:30:00,0.7066,0.7066,0.7062,0.7063,61
2026-03-18T12:31:00,0.7064,0.7064,0.7063,0.7063,20
2026-03-18T12:32:00,0.7064,0.7064,0.7062,0.7063,17
2026-03-18T12:33:00,0.7064,0.7064,0.7063,0.7063,7
2026-03-18T12:34:00,0.7064,0.7066,0.7064,0.7065,13
2026-03-18T12:35:00,0.7067,0.7067,0.7066,0.7067,10
2026-03-18T12:36:00,0.7066,0.7066,0.7066,0.7066,4
2026-03-18T12:37:00,0.7068,0.7068,0.7065,0.7065,16
2026-03-18T12:38:00,0.7064,0.7066,0.7064,0.7066,3
2026-03-18T12:39:00,0.7067,0.707,0.7067,0.707,12
2026-03-18T12:40:00,0.707,0.7072,0.707,0.707,26
2026-03-18T12:41:00,0.707,0.7071,0.707,0.707,24
2026-03-18T12:42:00,0.707,0.707,0.7062,0.7062,41
2026-03-18T12:43:00,0.7062,0.7063,0.7059,0.7059,42
2026-03-18T12:44:00,0.7058,0.7059,0.7056,0.7059,60
2026-03-18T12:45:00,0.706,0.706,0.7058,0.7058,2
2026-03-18T12:46:00,0.7058,0.7058,0.7055,0.7057,57
2026-03-18T12:47:00,0.7055,0.7056,0.7055,0.7056,27
2026-03-18T12:48:00,0.7057,0.7057,0.7053,0.7056,47
2026-03-18T12:49:00,0.7053,0.7056,0.7053,0.7053,42
2026-03-18T12:50:00,0.7053,0.7054,0.7051,0.7053,53
2026-03-18T12:51:00,0.7055,0.7057,0.7055,0.7057,33
2026-03-18T12:52:00,0.7057,0.7058,0.7057,0.7057,15
2026-03-18T12:53:00,0.7058,0.7058,0.7054,0.7054,10
2026-03-18T12:54:00,0.7054,0.7054,0.7052,0.7052,23
2026-03-18T12:55:00,0.7055,0.7058,0.7055,0.7057,17
2026-03-18T12:56:00,0.7056,0.7058,0.7056,0.7057,12
2026-03-18T12:57:00,0.7057,0.7058,0.7052,0.7052,54
2026-03-18T12:58:00,0.7053,0.7053,0.7049,0.705,35
2026-03-18T12:59:00,0.7052,0.7052,0.7049,0.7049,83
2026-03-18T13:00:00,0.705,0.705,0.7047,0.7049,37
2026-03-18T13:01:00,0.7049,0.7049,0.7046,0.7046,71
2026-03-18T13:02:00,0.7046,0.7049,0.7046,0.7048,30
2026-03-18T13:03:00,0.7047,0.7048,0.7046,0.7048,11
2026-03-18T13:04:00,0.7047,0.7051,0.7047,0.7047,73
2026-03-18T13:05:00,0.7046,0.7047,0.7044,0.7044,20
2026-03-18T13:06:00,0.7044,0.7044,0.7042,0.7043,27
2026-03-18T13:07:00,0.7046,0.7048,0.7046,0.7048,7
2026-03-18T13:08:00,0.7047,0.7047,0.7044,0.7044,8
2026-03-18T13:09:00,0.7044,0.7045,0.7043,0.7044,18
2026-03-18T13:10:00,0.7044,0.7044,0.7043,0.7043,2
2026-03-18T13:11:00,0.7045,0.7045,0.7044,0.7044,3
2026-03-18T13:12:00,0.7043,0.7043,0.704,0.7041,33
2026-03-18T13:13:00,0.7041,0.7045,0.7041,0.7045,21
2026-03-18T13:14:00,0.7043,0.7043,0.7043,0.7043,6
2026-03-18T13:15:00,0.704,0.704,0.7038,0.7038,54
2026-03-18T13:16:00,0.7039,0.7039,0.7036,0.7039,68
2026-03-18T13:17:00,0.7038,0.7042,0.7038,0.7042,21
2026-03-18T13:18:00,0.7041,0.7043,0.704,0.7042,38
2026-03-18T13:19:00,0.7045,0.7045,0.7044,0.7044,10
2026-03-18T13:20:00,0.7044,0.7046,0.7044,0.7046,8
2026-03-18T13:21:00,0.7046,0.7048,0.7046,0.7047,15
2026-03-18T13:22:00,0.7048,0.7048,0.7047,0.7047,17
2026-03-18T13:23:00,0.7046,0.7048,0.7046,0.7048,17
2026-03-18T13:24:00,0.7046,0.7046,0.7045,0.7046,10
2026-03-18T13:25:00,0.7047,0.7048,0.7045,0.7047,23
2026-03-18T13:26:00,0.7048,0.7048,0.7048,0.7048,1
2026-03-18T13:27:00,0.7047,0.7048,0.7047,0.7048,20
2026-03-18T13:28:00,0.7046,0.7046,0.7045,0.7045,8
2026-03-18T13:29:00,0.7045,0.7048,0.7045,0.7048,7
2026-03-18T13:30:00,0.7047,0.7051,0.7046,0.7047,58
2026-03-18T13:31:00,0.7045,0.7048,0.7045,0.7048,9
2026-03-18T13:32:00,0.7048,0.7048,0.7047,0.7047,7
2026-03-18T13:33:00,0.7045,0.7045,0.7044,0.7044,12
2026-03-18T13:34:00,0.7044,0.7046,0.7044,0.7044,8
2026-03-18T13:35:00,0.7046,0.7048,0.7046,0.7046,33
2026-03-18T13:36:00,0.7044,0.7045,0.7043,0.7045,6
2026-03-18T13:37:00,0.7046,0.7049,0.7046,0.7048,3
2026-03-18T13:38:00,0.7048,0.705,0.7048,0.705,8
2026-03-18T13:39:00,0.705,0.705,0.7049,0.7049,6
2026-03-18T13:40:00,0.705,0.705,0.7048,0.7049,9
2026-03-18T13:41:00,0.7049,0.7049,0.7047,0.7047,5
2026-03-18T13:42:00,0.7047,0.7049,0.7047,0.7049,7
2026-03-18T13:43:00,0.7049,0.7049,0.7043,0.7043,17
2026-03-18T13:44:00,0.7045,0.7045,0.7044,0.7045,11
2026-03-18T13:45:00,0.7048,0.7048,0.7047,0.7048,13
2026-03-18T13:46:00,0.7051,0.7055,0.7049,0.7055,63
2026-03-18T13:47:00,0.7055,0.7055,0.7053,0.7054,25
2026-03-18T13:48:00,0.7054,0.7054,0.7051,0.7051,8
2026-03-18T13:49:00,0.7052,0.7053,0.7052,0.7053,8
2026-03-18T13:50:00,0.7052,0.7054,0.7052,0.7052,6
2026-03-18T13:51:00,0.7051,0.7051,0.705,0.705,3
2026-03-18T13:52:00,0.7051,0.7052,0.705,0.7052,10
2026-03-18T13:53:00,0.7052,0.7052,0.7052,0.7052,16
2026-03-18T13:54:00,0.7054,0.7054,0.7052,0.7052,6
2026-03-18T13:55:00,0.7053,0.7055,0.7052,0.7054,21
2026-03-18T13:56:00,0.7051,0.7051,0.7051,0.7051,3
2026-03-18T13:58:00,0.7054,0.7055,0.7054,0.7055,17
2026-03-18T13:59:00,0.7056,0.7057,0.7056,0.7057,17
2026-03-18T14:00:00,0.7058,0.7059,0.7058,0.7058,7
2026-03-18T14:01:00,0.7058,0.7059,0.7058,0.7059,10
2026-03-18T14:02:00,0.7059,0.7059,0.7058,0.7058,25
2026-03-18T14:03:00,0.7058,0.7061,0.7058,0.7061,23
2026-03-18T14:04:00,0.7061,0.7063,0.7061,0.7062,9
2026-03-18T14:05:00,0.7061,0.7065,0.7061,0.7063,36
2026-03-18T14:06:00,0.7062,0.7063,0.7062,0.7063,10
2026-03-18T14:07:00,0.7062,0.7065,0.7061,0.7065,9
2026-03-18T14:08:00,0.7065,0.7066,0.7065,0.7066,15
2026-03-18T14:09:00,0.7066,0.7066,0.7064,0.7064,5
2026-03-18T14:10:00,0.706,0.706,0.7058,0.7058,5
2026-03-18T14:11:00,0.7059,0.7059,0.7057,0.7057,11
2026-03-18T14:12:00,0.7058,0.7058,0.7057,0.7057,7
2026-03-18T14:13:00,0.7055,0.7056,0.7054,0.7054,14
2026-03-18T14:14:00,0.7055,0.7057,0.7055,0.7057,9
2026-03-18T14:15:00,0.7058,0.7059,0.7058,0.7059,2
2026-03-18T14:16:00,0.7058,0.7058,0.7058,0.7058,5
2026-03-18T14:17:00,0.7057,0.7058,0.7057,0.7058,12
2026-03-18T14:18:00,0.7058,0.7058,0.7056,0.7056,4
2026-03-18T14:19:00,0.7058,0.7058,0.7057,0.7058,3
2026-03-18T14:20:00,0.7058,0.7058,0.7056,0.7056,6
2026-03-18T14:21:00,0.7056,0.7056,0.7056,0.7056,2
2026-03-18T14:22:00,0.7058,0.7058,0.7058,0.7058,2
2026-03-18T14:23:00,0.7058,0.7058,0.7057,0.7058,3
2026-03-18T14:24:00,0.7058,0.7058,0.7058,0.7058,2
2026-03-18T14:25:00,0.7055,0.7055,0.7053,0.7053,7
2026-03-18T14:26:00,0.7053,0.7053,0.705,0.705,40
2026-03-18T14:27:00,0.7052,0.7052,0.7051,0.7051,12
2026-03-18T14:28:00,0.7051,0.7051,0.705,0.705,20
2026-03-18T14:29:00,0.7051,0.7052,0.7051,0.7052,17
2026-03-18T14:30:00,0.7051,0.7051,0.7051,0.7051,1
2026-03-18T14:32:00,0.7053,0.7054,0.7053,0.7054,5
2026-03-18T14:33:00,0.7054,0.7058,0.7054,0.7057,40
2026-03-18T14:34:00,0.7057,0.7057,0.7054,0.7054,4
2026-03-18T14:35:00,0.7054,0.7055,0.7054,0.7055,5
2026-03-18T14:36:00,0.7056,0.7056,0.7056,0.7056,10
2026-03-18T14:37:00,0.7057,0.7057,0.7057,0.7057,5
2026-03-18T14:38:00,0.7056,0.7061,0.7056,0.7061,7
2026-03-18T14:39:00,0.7059,0.7059,0.7059,0.7059,1
2026-03-18T14:40:00,0.7057,0.7058,0.7056,0.7058,6
2026-03-18T14:42:00,0.7059,0.7059,0.7058,0.7058,68
2026-03-18T14:43:00,0.7056,0.7057,0.7056,0.7057,4
2026-03-18T14:44:00,0.7058,0.706,0.7058,0.706,31
2026-03-18T14:45:00,0.706,0.7062,0.706,0.7061,21
2026-03-18T14:46:00,0.7061,0.7062,0.7061,0.7062,4
2026-03-18T14:48:00,0.7062,0.7062,0.7061,0.7061,2
2026-03-18T14:49:00,0.7061,0.7061,0.7059,0.7059,19
2026-03-18T14:50:00,0.706,0.706,0.7059,0.7059,12
2026-03-18T14:51:00,0.7062,0.7062,0.7061,0.7061,2
2026-03-18T14:52:00,0.7061,0.7061,0.7061,0.7061,14
2026-03-18T14:53:00,0.706,0.706,0.706,0.706,1
2026-03-18T14:54:00,0.7063,0.7063,0.7063,0.7063,2
2026-03-18T14:55:00,0.7062,0.7062,0.7062,0.7062,1
2026-03-18T14:56:00,0.7063,0.7063,0.7063,0.7063,26
2026-03-18T14:57:00,0.7064,0.7065,0.7064,0.7064,13
2026-03-18T14:58:00,0.7064,0.7065,0.7064,0.7065,6
2026-03-18T14:59:00,0.7065,0.7069,0.7065,0.7069,29
2026-03-18T15:00:00,0.7068,0.7072,0.7068,0.7072,43
2026-03-18T15:01:00,0.7072,0.7072,0.707,0.707,25
2026-03-18T15:02:00,0.7071,0.7071,0.7067,0.7069,7
2026-03-18T15:03:00,0.707,0.7072,0.707,0.7072,20
2026-03-18T15:04:00,0.7072,0.7075,0.7072,0.7074,238
2026-03-18T15:05:00,0.7073,0.7075,0.7073,0.7075,22
2026-03-18T15:06:00,0.7075,0.7077,0.7074,0.7077,14
2026-03-18T15:07:00,0.7079,0.7079,0.7076,0.7076,4
2026-03-18T15:08:00,0.7077,0.7077,0.7076,0.7076,2
2026-03-18T15:09:00,0.7075,0.7076,0.7075,0.7076,7
2026-03-18T15:10:00,0.7075,0.7075,0.7073,0.7073,16
2026-03-18T15:11:00,0.7072,0.7074,0.7072,0.7074,5
2026-03-18T15:12:00,0.7073,0.7073,0.7073,0.7073,5
2026-03-18T15:13:00,0.7073,0.7074,0.7073,0.7073,22
2026-03-18T15:14:00,0.7072,0.7072,0.7072,0.7072,6
2026-03-18T15:15:00,0.7072,0.7073,0.7072,0.7073,9
2026-03-18T15:16:00,0.7073,0.7073,0.7072,0.7072,4
2026-03-18T15:17:00,0.7072,0.7073,0.7072,0.7073,3
2026-03-18T15:18:00,0.707,0.707,0.7069,0.7069,3
2026-03-18T15:19:00,0.7069,0.707,0.7069,0.7069,5
2026-03-18T15:20:00,0.7071,0.7071,0.7067,0.7068,5
2026-03-18T15:21:00,0.7066,0.7066,0.7065,0.7065,41
2026-03-18T15:22:00,0.7066,0.7066,0.7066,0.7066,1
2026-03-18T15:23:00,0.7067,0.7068,0.7067,0.7068,6
2026-03-18T15:24:00,0.707,0.7071,0.707,0.7071,9
2026-03-18T15:25:00,0.707,0.7071,0.707,0.7071,4
2026-03-18T15:26:00,0.707,0.707,0.707,0.707,4
2026-03-18T15:28:00,0.707,0.707,0.707,0.707,4
2026-03-18T15:29:00,0.7069,0.7069,0.7069,0.7069,5
2026-03-18T15:31:00,0.7069,0.7069,0.7069,0.7069,1
2026-03-18T15:32:00,0.7069,0.707,0.7069,0.707,2
2026-03-18T15:33:00,0.7071,0.7072,0.7071,0.7072,5
2026-03-18T15:34:00,0.7072,0.7073,0.7071,0.7071,10
2026-03-18T15:35:00,0.7072,0.7072,0.707,0.707,3
2026-03-18T15:36:00,0.7073,0.7073,0.7073,0.7073,9
2026-03-18T15:37:00,0.7075,0.7075,0.7075,0.7075,2
2026-03-18T15:38:00,0.7076,0.7076,0.7074,0.7075,4
2026-03-18T15:39:00,0.7074,0.7074,0.7074,0.7074,2
2026-03-18T15:40:00,0.7073,0.7074,0.7073,0.7074,3
2026-03-18T15:41:00,0.7072,0.7072,0.7071,0.7071,6
2026-03-18T15:42:00,0.7071,0.7071,0.7071,0.7071,3
2026-03-18T15:43:00,0.7072,0.7072,0.7072,0.7072,4
2026-03-18T15:44:00,0.7073,0.7073,0.7073,0.7073,1
2026-03-18T15:45:00,0.7072,0.7072,0.7072,0.7072,3
2026-03-18T15:46:00,0.7073,0.7073,0.7071,0.7071,9
2026-03-18T15:47:00,0.7071,0.7071,0.7071,0.7071,2
2026-03-18T15:49:00,0.7069,0.7069,0.7069,0.7069,1
2026-03-18T15:50:00,0.707,0.7072,0.7068,0.7068,7
2026-03-18T15:51:00,0.707,0.707,0.7069,0.7069,5
2026-03-18T15:52:00,0.7071,0.7071,0.7071,0.7071,1
2026-03-18T15:53:00,0.707,0.707,0.707,0.707,21
2026-03-18T15:54:00,0.7069,0.707,0.7069,0.707,4
2026-03-18T15:56:00,0.707,0.7071,0.707,0.7071,5
2026-03-18T15:57:00,0.7069,0.7069,0.7067,0.7067,27
2026-03-18T15:58:00,0.7067,0.7068,0.7067,0.7068,8
2026-03-18T16:00:00,0.7067,0.7067,0.7067,0.7067,10
2026-03-18T16:01:00,0.7066,0.7066,0.7065,0.7065,9
2026-03-18T16:02:00,0.7067,0.7067,0.7066,0.7066,7
2026-03-18T16:03:00,0.7068,0.7069,0.7068,0.7069,3
2026-03-18T16:04:00,0.707,0.707,0.707,0.707,1
2026-03-18T16:05:00,0.7069,0.7069,0.7069,0.7069,2
2026-03-18T16:06:00,0.707,0.707,0.707,0.707,1
2026-03-18T16:07:00,0.7071,0.7071,0.707,0.707,6
2026-03-18T16:08:00,0.7069,0.707,0.7069,0.7069,12
2026-03-18T16:10:00,0.707,0.707,0.7069,0.7069,5
2026-03-18T16:11:00,0.707,0.707,0.707,0.707,1
2026-03-18T16:12:00,0.707,0.7071,0.707,0.7071,4
2026-03-18T16:13:00,0.7072,0.7072,0.7072,0.7072,2
2026-03-18T16:14:00,0.7074,0.7074,0.7073,0.7073,7
2026-03-18T16:15:00,0.7073,0.7073,0.7071,0.7071,3
2026-03-18T16:16:00,0.707,0.707,0.707,0.707,2
2026-03-18T16:17:00,0.707,0.707,0.707,0.707,1
2026-03-18T16:19:00,0.7071,0.7072,0.7071,0.7072,2
2026-03-18T16:20:00,0.7073,0.7074,0.7073,0.7074,2
2026-03-18T16:21:00,0.7074,0.7074,0.7074,0.7074,1
2026-03-18T16:22:00,0.7074,0.7074,0.7074,0.7074,1
2026-03-18T16:23:00,0.7076,0.7076,0.7076,0.7076,2
2026-03-18T16:26:00,0.7074,0.7074,0.7074,0.7074,4
2026-03-18T16:27:00,0.7074,0.7074,0.7074,0.7074,1
2026-03-18T16:28:00,0.7073,0.7073,0.7073,0.7073,5
2026-03-18T16:29:00,0.7075,0.7075,0.7075,0.7075,8
2026-03-18T16:30:00,0.7073,0.7073,0.7072,0.7072,4
2026-03-18T16:31:00,0.7072,0.7072,0.7072,0.7072,1
2026-03-18T16:32:00,0.7072,0.7072,0.707,0.7072,7
2026-03-18T16:33:00,0.7072,0.7072,0.707,0.707,22
2026-03-18T16:34:00,0.7071,0.7071,0.707,0.707,5
2026-03-18T16:35:00,0.7069,0.7069,0.7069,0.7069,2
2026-03-18T16:36:00,0.7066,0.7067,0.7066,0.7066,7
2026-03-18T16:37:00,0.7067,0.7068,0.7067,0.7068,7
2026-03-18T16:39:00,0.707,0.707,0.707,0.707,19
2026-03-18T16:40:00,0.7069,0.7069,0.7069,0.7069,6
2026-03-18T16:42:00,0.7071,0.7071,0.7071,0.7071,4
2026-03-18T16:44:00,0.7071,0.7071,0.707,0.707,7
2026-03-18T16:46:00,0.7069,0.7069,0.7069,0.7069,2
2026-03-18T16:47:00,0.7069,0.7069,0.7069,0.7069,4
2026-03-18T16:48:00,0.7069,0.7069,0.7069,0.7069,1
2026-03-18T16:49:00,0.7068,0.7068,0.7067,0.7067,2
2026-03-18T16:50:00,0.7067,0.7067,0.7067,0.7067,4
2026-03-18T16:51:00,0.7067,0.7067,0.7067,0.7067,3
2026-03-18T16:53:00,0.707,0.707,0.707,0.707,6
2026-03-18T16:54:00,0.7071,0.7071,0.707,0.707,2
2026-03-18T16:57:00,0.7072,0.7072,0.7072,0.7072,4
2026-03-18T16:59:00,0.7072,0.7072,0.7072,0.7072,2
2026-03-18T17:00:00,0.7072,0.7072,0.7072,0.7072,6
2026-03-18T17:05:00,0.7069,0.7069,0.7069,0.7069,2
2026-03-18T17:06:00,0.7069,0.7069,0.7069,0.7069,9
2026-03-18T17:08:00,0.7069,0.7069,0.7069,0.7069,1
2026-03-18T17:09:00,0.7066,0.7066,0.7066,0.7066,2
2026-03-18T17:10:00,0.7068,0.7068,0.7068,0.7068,4
2026-03-18T17:11:00,0.7067,0.7067,0.7065,0.7065,5
2026-03-18T17:12:00,0.7065,0.7067,0.7065,0.7067,10
2026-03-18T17:13:00,0.7067,0.7068,0.7067,0.7068,2
2026-03-18T17:15:00,0.7065,0.7065,0.7065,0.7065,2
2026-03-18T17:16:00,0.7065,0.7065,0.7065,0.7065,4
2026-03-18T17:17:00,0.7065,0.7065,0.7065,0.7065,6
2026-03-18T17:19:00,0.7069,0.7069,0.7069,0.7069,1
2026-03-18T17:21:00,0.707,0.707,0.707,0.707,5
2026-03-18T17:22:00,0.7069,0.7069,0.7069,0.7069,5
2026-03-18T17:24:00,0.707,0.707,0.707,0.707,2
2026-03-18T17:25:00,0.707,0.707,0.707,0.707,2
2026-03-18T17:30:00,0.7068,0.7068,0.7068,0.7068,7
2026-03-18T17:31:00,0.7066,0.7066,0.7066,0.7066,5
2026-03-18T17:32:00,0.7067,0.7067,0.7067,0.7067,1
2026-03-18T17:36:00,0.707,0.707,0.707,0.707,4
2026-03-18T17:38:00,0.7071,0.7071,0.7071,0.7071,5
2026-03-18T17:39:00,0.7071,0.7071,0.7071,0.7071,4
2026-03-18T17:41:00,0.707,0.707,0.707,0.707,1
2026-03-18T17:44:00,0.707,0.707,0.707,0.707,1
2026-03-18T17:45:00,0.7071,0.7072,0.7071,0.7071,7
2026-03-18T17:46:00,0.7073,0.7073,0.7073,0.7073,1
2026-03-18T17:47:00,0.7073,0.7074,0.7073,0.7074,2
2026-03-18T17:48:00,0.7074,0.7074,0.7073,0.7073,3
2026-03-18T17:50:00,0.7071,0.7071,0.7071,0.7071,1
2026-03-18T17:51:00,0.707,0.7071,0.707,0.7071,8
2026-03-18T17:53:00,0.7071,0.7071,0.707,0.707,5
2026-03-18T17:55:00,0.7073,0.7073,0.7073,0.7073,1
2026-03-18T17:56:00,0.7073,0.7073,0.7073,0.7073,1
2026-03-18T17:57:00,0.7073,0.7073,0.7073,0.7073,3
2026-03-18T17:58:00,0.7073,0.7073,0.7073,0.7073,1
2026-03-18T17:59:00,0.7074,0.7074,0.7074,0.7074,1
2026-03-18T18:00:00,0.7074,0.7083,0.7074,0.7083,71
2026-03-18T18:01:00,0.7078,0.7078,0.7076,0.7076,7
2026-03-18T18:02:00,0.7078,0.7078,0.7075,0.7077,8
2026-03-18T18:03:00,0.7074,0.7076,0.7072,0.7072,29
2026-03-18T18:04:00,0.7076,0.7077,0.7076,0.7077,9
2026-03-18T18:05:00,0.7075,0.7076,0.7073,0.7073,7
2026-03-18T18:06:00,0.7073,0.7075,0.7073,0.7075,5
2026-03-18T18:07:00,0.7074,0.7074,0.7074,0.7074,5
2026-03-18T18:08:00,0.7073,0.7073,0.7073,0.7073,5
2026-03-18T18:09:00,0.7071,0.7071,0.7071,0.7071,1
2026-03-18T18:10:00,0.707,0.707,0.7068,0.7068,73
2026-03-18T18:11:00,0.707,0.7071,0.707,0.707,12
2026-03-18T18:13:00,0.7073,0.7073,0.7072,0.7072,2
2026-03-18T18:14:00,0.7071,0.7071,0.7071,0.7071,2
2026-03-18T18:15:00,0.7071,0.7071,0.7063,0.7065,126
2026-03-18T18:16:00,0.7067,0.7068,0.7067,0.7068,14
2026-03-18T18:17:00,0.7069,0.7069,0.7069,0.7069,1
2026-03-18T18:18:00,0.7067,0.7068,0.7067,0.7068,7
2026-03-18T18:19:00,0.7068,0.7068,0.7068,0.7068,9
2026-03-18T18:20:00,0.707,0.707,0.7069,0.7069,2
2026-03-18T18:21:00,0.7069,0.7069,0.7068,0.7068,3
2026-03-18T18:22:00,0.7068,0.7068,0.7068,0.7068,1
2026-03-18T18:23:00,0.7067,0.7067,0.7066,0.7066,2
2026-03-18T18:24:00,0.7068,0.7068,0.7068,0.7068,1
2026-03-18T18:25:00,0.7066,0.7066,0.7066,0.7066,3
2026-03-18T18:27:00,0.7068,0.7068,0.7068,0.7068,1
2026-03-18T18:28:00,0.7069,0.7069,0.7069,0.7069,2
2026-03-18T18:29:00,0.707,0.707,0.7069,0.7069,17
2026-03-18T18:30:00,0.7068,0.707,0.7067,0.707,14
2026-03-18T18:31:00,0.707,0.707,0.7068,0.7068,9
2026-03-18T18:32:00,0.7064,0.7064,0.7063,0.7063,4
2026-03-18T18:33:00,0.7062,0.7062,0.7062,0.7062,5
2026-03-18T18:34:00,0.7062,0.7062,0.7058,0.706,93
2026-03-18T18:35:00,0.7062,0.7067,0.7061,0.7064,50
2026-03-18T18:36:00,0.7065,0.7065,0.7065,0.7065,5
2026-03-18T18:37:00,0.7068,0.7069,0.7064,0.7064,52
2026-03-18T18:38:00,0.7061,0.7061,0.7056,0.7056,21
2026-03-18T18:39:00,0.706,0.7061,0.7058,0.7058,16
2026-03-18T18:40:00,0.7057,0.7058,0.7056,0.7058,11
2026-03-18T18:41:00,0.706,0.7061,0.706,0.7061,31
2026-03-18T18:42:00,0.7059,0.7061,0.7059,0.7061,34
2026-03-18T18:43:00,0.7061,0.7061,0.7059,0.7059,40
2026-03-18T18:44:00,0.7059,0.7059,0.7056,0.7056,30
2026-03-18T18:45:00,0.7055,0.7056,0.7055,0.7056,7
2026-03-18T18:46:00,0.7055,0.7056,0.7054,0.7054,21
2026-03-18T18:47:00,0.7055,0.7055,0.7053,0.7053,178
2026-03-18T18:48:00,0.7053,0.7055,0.7053,0.7054,36
2026-03-18T18:49:00,0.7054,0.7054,0.7054,0.7054,29
2026-03-18T18:50:00,0.7054,0.7054,0.7051,0.7051,18
2026-03-18T18:51:00,0.7052,0.7054,0.7051,0.7052,18
2026-03-18T18:52:00,0.7052,0.7052,0.7048,0.7048,26
2026-03-18T18:53:00,0.705,0.705,0.7048,0.7048,12
2026-03-18T18:54:00,0.7048,0.7048,0.7048,0.7048,7
2026-03-18T18:55:00,0.7047,0.7047,0.7045,0.7047,30
2026-03-18T18:56:00,0.7047,0.7047,0.7044,0.7044,47
2026-03-18T18:57:00,0.7044,0.7045,0.7044,0.7045,4
2026-03-18T18:58:00,0.7043,0.7044,0.7042,0.7044,72
2026-03-18T18:59:00,0.7045,0.7045,0.7043,0.7043,36
2026-03-18T19:00:00,0.7042,0.7042,0.7041,0.7042,12
2026-03-18T19:01:00,0.7045,0.7045,0.7041,0.7041,11
2026-03-18T19:02:00,0.7043,0.7043,0.7041,0.7041,17
2026-03-18T19:03:00,0.7043,0.7043,0.7043,0.7043,10
2026-03-18T19:04:00,0.7046,0.7046,0.7045,0.7045,10
2026-03-18T19:05:00,0.7047,0.7047,0.7046,0.7046,6
2026-03-18T19:06:00,0.7046,0.7046,0.7044,0.7045,7
2026-03-18T19:07:00,0.7044,0.7044,0.7043,0.7043,8
2026-03-18T19:08:00,0.7045,0.7045,0.7043,0.7043,7
2026-03-18T19:09:00,0.7046,0.7047,0.7045,0.7046,96
2026-03-18T19:10:00,0.7045,0.7045,0.7041,0.7041,7
2026-03-18T19:11:00,0.704,0.704,0.7039,0.704,22
2026-03-18T19:12:00,0.7041,0.7041,0.7039,0.7039,7
2026-03-18T19:13:00,0.704,0.704,0.704,0.704,1
2026-03-18T19:14:00,0.7039,0.704,0.7039,0.7039,24
2026-03-18T19:15:00,0.7041,0.7041,0.704,0.7041,3
2026-03-18T19:16:00,0.7042,0.7042,0.704,0.704,10
2026-03-18T19:17:00,0.704,0.704,0.704,0.704,1
2026-03-18T19:18:00,0.7041,0.7041,0.7041,0.7041,4
2026-03-18T19:19:00,0.704,0.704,0.704,0.704,1
2026-03-18T19:21:00,0.7039,0.7039,0.7038,0.7038,21
2026-03-18T19:22:00,0.704,0.704,0.7039,0.7039,5
2026-03-18T19:23:00,0.7037,0.7037,0.7036,0.7037,36
2026-03-18T19:24:00,0.7037,0.7037,0.7035,0.7035,21
2026-03-18T19:25:00,0.7035,0.7035,0.7034,0.7034,32
2026-03-18T19:26:00,0.7035,0.7035,0.7034,0.7034,16
2026-03-18T19:27:00,0.7034,0.7034,0.7033,0.7034,11
2026-03-18T19:28:00,0.7036,0.7038,0.7036,0.7038,18
2026-03-18T19:29:00,0.7037,0.7037,0.7037,0.7037,2
2026-03-18T19:30:00,0.7036,0.7037,0.7036,0.7037,25
2026-03-18T19:31:00,0.7037,0.7037,0.7037,0.7037,1
2026-03-18T19:32:00,0.7038,0.7038,0.7038,0.7038,4
2026-03-18T19:33:00,0.704,0.7041,0.704,0.704,11
2026-03-18T19:34:00,0.7039,0.7041,0.7039,0.7041,12
2026-03-18T19:35:00,0.7041,0.7041,0.704,0.704,10
2026-03-18T19:36:00,0.704,0.704,0.7038,0.7038,14
2026-03-18T19:37:00,0.7039,0.704,0.7039,0.704,3
2026-03-18T19:38:00,0.7038,0.7038,0.7038,0.7038,4
2026-03-18T19:40:00,0.7039,0.7039,0.7039,0.7039,1
2026-03-18T19:41:00,0.7038,0.7038,0.7037,0.7037,2
2026-03-18T19:42:00,0.7037,0.7037,0.7037,0.7037,6
2026-03-18T19:43:00,0.7036,0.7036,0.7036,0.7036,1
2026-03-18T19:44:00,0.7034,0.7035,0.7034,0.7035,9
2026-03-18T19:45:00,0.7034,0.7034,0.7032,0.7033,15
2026-03-18T19:46:00,0.7034,0.7034,0.7033,0.7033,3
2026-03-18T19:47:00,0.7032,0.7032,0.7031,0.7031,12
2026-03-18T19:48:00,0.7032,0.7032,0.7032,0.7032,14
2026-03-18T19:49:00,0.7032,0.7032,0.7031,0.7031,7
2026-03-18T19:50:00,0.7031,0.7031,0.7029,0.703,68
2026-03-18T19:51:00,0.703,0.703,0.7026,0.7026,66
2026-03-18T19:52:00,0.7026,0.7027,0.7026,0.7027,9
2026-03-18T19:53:00,0.7028,0.7029,0.7028,0.7029,9
2026-03-18T19:55:00,0.7027,0.7027,0.7025,0.7026,17
2026-03-18T19:56:00,0.7027,0.7027,0.7027,0.7027,1
2026-03-18T19:57:00,0.7027,0.7027,0.7027,0.7027,6
2026-03-18T19:58:00,0.7026,0.7026,0.7026,0.7026,1
2026-03-18T19:59:00,0.7027,0.7027,0.7027,0.7027,10
2026-03-18T20:00:00,0.7027,0.7027,0.7026,0.7026,6
2026-03-18T20:01:00,0.7026,0.7026,0.7026,0.7026,1
2026-03-18T20:02:00,0.7027,0.7028,0.7027,0.7028,19
2026-03-18T20:03:00,0.7028,0.7028,0.7028,0.7028,1
2026-03-18T20:04:00,0.7028,0.7028,0.7027,0.7027,8
2026-03-18T20:05:00,0.7029,0.7029,0.7029,0.7029,2
2026-03-18T20:06:00,0.7026,0.7026,0.7025,0.7026,22
2026-03-18T20:07:00,0.7025,0.7025,0.7025,0.7025,11
2026-03-18T20:08:00,0.7025,0.7025,0.7025,0.7025,19
2026-03-18T20:10:00,0.7027,0.7027,0.7026,0.7026,6
2026-03-18T20:11:00,0.7025,0.7025,0.7023,0.7023,18
2026-03-18T20:12:00,0.7023,0.7023,0.7021,0.7021,13
2026-03-18T20:13:00,0.7022,0.7023,0.7022,0.7022,14
2026-03-18T20:14:00,0.7022,0.7022,0.7021,0.7021,3
2026-03-18T20:15:00,0.7021,0.7021,0.7019,0.7019,25
2026-03-18T20:16:00,0.702,0.702,0.7019,0.702,9
2026-03-18T20:17:00,0.7019,0.7019,0.7019,0.7019,9
2026-03-18T20:18:00,0.7019,0.7019,0.7019,0.7019,6
2026-03-18T20:19:00,0.702,0.702,0.7018,0.7018,25
2026-03-18T20:20:00,0.7017,0.7019,0.7017,0.7019,17
2026-03-18T20:21:00,0.702,0.702,0.7018,0.7019,15
2026-03-18T20:22:00,0.7019,0.7019,0.7019,0.7019,1
2026-03-18T20:23:00,0.7015,0.7016,0.7014,0.7016,15
2026-03-18T20:24:00,0.7016,0.7016,0.7013,0.7013,8
2026-03-18T20:25:00,0.7013,0.7013,0.7013,0.7013,8
2026-03-18T20:26:00,0.7012,0.7012,0.7011,0.7011,18
2026-03-18T20:27:00,0.7011,0.7012,0.701,0.7011,36
2026-03-18T20:28:00,0.701,0.7011,0.7009,0.7011,38
2026-03-18T20:29:00,0.701,0.701,0.701,0.701,1
2026-03-18T20:30:00,0.7011,0.7013,0.7011,0.7012,23
2026-03-18T20:31:00,0.7011,0.7011,0.7011,0.7011,9
2026-03-18T20:32:00,0.7011,0.7011,0.7011,0.7011,11
2026-03-18T20:33:00,0.7011,0.7012,0.7011,0.7012,13
2026-03-18T20:35:00,0.7011,0.7011,0.7011,0.7011,16
2026-03-18T20:36:00,0.7012,0.7012,0.7011,0.7011,15
2026-03-18T20:37:00,0.7011,0.7011,0.7011,0.7011,1
2026-03-18T20:38:00,0.701,0.7012,0.701,0.7012,17
2026-03-18T20:39:00,0.7012,0.7012,0.7012,0.7012,8
2026-03-18T20:41:00,0.7013,0.7013,0.7012,0.7013,19
2026-03-18T20:42:00,0.7013,0.7013,0.7013,0.7013,4
2026-03-18T20:43:00,0.7012,0.7012,0.7012,0.7012,1
2026-03-18T20:44:00,0.7013,0.7013,0.7013,0.7013,1
2026-03-18T20:45:00,0.7013,0.7014,0.7013,0.7013,12
2026-03-18T20:46:00,0.7014,0.7015,0.7014,0.7015,4
2026-03-18T20:47:00,0.7015,0.7015,0.7015,0.7015,2
2026-03-18T20:48:00,0.7014,0.7014,0.7014,0.7014,3
2026-03-18T20:50:00,0.7014,0.7014,0.7013,0.7014,11
2026-03-18T20:51:00,0.7014,0.7014,0.7014,0.7014,5
2026-03-18T20:52:00,0.7014,0.7014,0.7014,0.7014,1
2026-03-18T20:53:00,0.7013,0.7013,0.7012,0.7012,6
2026-03-18T20:54:00,0.7013,0.7014,0.7013,0.7014,12
2026-03-18T20:56:00,0.7015,0.7015,0.7014,0.7014,3
2026-03-18T20:58:00,0.7014,0.7014,0.7014,0.7014,2
2026-03-18T20:59:00,0.7014,0.7015,0.7014,0.7015,6
2026-03-18T22:00:00,0.7024,0.7029,0.702,0.7022,30
2026-03-18T22:01:00,0.7022,0.7022,0.702,0.702,10
2026-03-18T22:02:00,0.7019,0.702,0.7017,0.7017,8
2026-03-18T22:03:00,0.702,0.7021,0.7018,0.7018,33
2026-03-18T22:04:00,0.7018,0.7018,0.7017,0.7018,13
2026-03-18T22:05:00,0.7017,0.7018,0.7017,0.7018,2
2026-03-18T22:06:00,0.7018,0.7018,0.7018,0.7018,1
2026-03-18T22:07:00,0.7019,0.7019,0.7019,0.7019,1
2026-03-18T22:08:00,0.7018,0.7018,0.7018,0.7018,8
2026-03-18T22:09:00,0.7018,0.7018,0.7017,0.7017,7
2026-03-18T22:10:00,0.7017,0.7017,0.7017,0.7017,3
2026-03-18T22:11:00,0.7018,0.7018,0.7018,0.7018,8
2026-03-18T22:12:00,0.7017,0.7017,0.7017,0.7017,4
2026-03-18T22:13:00,0.7016,0.7017,0.7016,0.7017,29
2026-03-18T22:14:00,0.7016,0.7016,0.7016,0.7016,3
2026-03-18T22:15:00,0.7015,0.7016,0.7015,0.7016,27
2026-03-18T22:16:00,0.7016,0.7016,0.7016,0.7016,1
2026-03-18T22:17:00,0.7016,0.7016,0.7016,0.7016,1
2026-03-18T22:18:00,0.7018,0.7018,0.7018,0.7018,1
2026-03-18T22:19:00,0.7016,0.7016,0.7016,0.7016,7
2026-03-18T22:21:00,0.7016,0.7016,0.7016,0.7016,29
2026-03-18T22:22:00,0.7016,0.7016,0.7015,0.7015,13
2026-03-18T22:23:00,0.7017,0.7017,0.7017,0.7017,1
2026-03-18T22:25:00,0.7017,0.7017,0.7017,0.7017,1
2026-03-18T22:26:00,0.7016,0.7016,0.7016,0.7016,1
2026-03-18T22:27:00,0.7016,0.7016,0.7016,0.7016,4
2026-03-18T22:28:00,0.7016,0.7016,0.7016,0.7016,2
2026-03-18T22:29:00,0.7017,0.7017,0.7015,0.7015,63
2026-03-18T22:30:00,0.7015,0.7015,0.7015,0.7015,14
2026-03-18T22:31:00,0.7014,0.7014,0.7014,0.7014,50
2026-03-18T22:32:00,0.7013,0.7013,0.7013,0.7013,2
2026-03-18T22:34:00,0.7014,0.7014,0.7014,0.7014,1
2026-03-18T22:35:00,0.7014,0.7014,0.7014,0.7014,13
2026-03-18T22:37:00,0.7015,0.7015,0.7015,0.7015,1
2026-03-18T22:40:00,0.7016,0.7016,0.7016,0.7016,1
2026-03-18T22:41:00,0.7016,0.7016,0.7016,0.7016,1
2026-03-18T22:42:00,0.7016,0.7016,0.7016,0.7016,6
2026-03-18T22:43:00,0.7017,0.7017,0.7017,0.7017,1
2026-03-18T22:44:00,0.7018,0.7018,0.7017,0.7017,10
2026-03-18T22:45:00,0.7017,0.7017,0.7017,0.7017,2
2026-03-18T22:46:00,0.7017,0.7017,0.7016,0.7016,7
2026-03-18T22:48:00,0.7017,0.7018,0.7017,0.7018,2
2026-03-18T22:49:00,0.7017,0.7017,0.7017,0.7017,4
2026-03-18T22:50:00,0.7016,0.7017,0.7016,0.7017,8
2026-03-18T22:51:00,0.7018,0.7018,0.7017,0.7017,2
2026-03-18T22:52:00,0.7017,0.7017,0.7017,0.7017,6
2026-03-18T22:54:00,0.7017,0.7017,0.7017,0.7017,7
2026-03-18T22:55:00,0.7017,0.7017,0.7017,0.7017,2
2026-03-18T22:56:00,0.7017,0.7017,0.7016,0.7016,9
2026-03-18T22:57:00,0.7016,0.7016,0.7016,0.7016,7
2026-03-18T22:59:00,0.7016,0.7016,0.7016,0.7016,2
2026-03-18T23:00:00,0.7015,0.7015,0.7013,0.7014,10
2026-03-18T23:01:00,0.7014,0.7014,0.7014,0.7014,6
2026-03-18T23:02:00,0.7015,0.7015,0.7015,0.7015,3
2026-03-18T23:03:00,0.7016,0.7016,0.7016,0.7016,3
2026-03-18T23:04:00,0.7017,0.7017,0.7017,0.7017,1
2026-03-18T23:10:00,0.7015,0.7015,0.7015,0.7015,2
2026-03-18T23:11:00,0.7015,0.7015,0.7015,0.7015,6
2026-03-18T23:12:00,0.7016,0.7016,0.7016,0.7016,3
2026-03-18T23:14:00,0.7015,0.7015,0.7015,0.7015,5
2026-03-18T23:16:00,0.7015,0.7015,0.7015,0.7015,4
2026-03-18T23:18:00,0.7015,0.7015,0.7015,0.7015,3
2026-03-18T23:23:00,0.7016,0.7016,0.7016,0.7016,2
2026-03-18T23:24:00,0.7016,0.7016,0.7016,0.7016,4
2026-03-18T23:25:00,0.7016,0.7016,0.7016,0.7016,7
2026-03-18T23:27:00,0.7018,0.7018,0.7018,0.7018,8
2026-03-18T23:28:00,0.7018,0.7018,0.7018,0.7018,6
2026-03-18T23:31:00,0.7017,0.7017,0.7016,0.7017,5
2026-03-18T23:32:00,0.7018,0.7018,0.7018,0.7018,46
2026-03-18T23:34:00,0.7019,0.7019,0.7019,0.7019,2
2026-03-18T23:35:00,0.7018,0.7018,0.7017,0.7017,5
2026-03-18T23:36:00,0.7017,0.7017,0.7017,0.7017,1
2026-03-18T23:37:00,0.7018,0.7018,0.7018,0.7018,1
2026-03-18T23:38:00,0.7018,0.7019,0.7018,0.7019,19
2026-03-18T23:41:00,0.7019,0.7019,0.7019,0.7019,9
2026-03-18T23:43:00,0.7021,0.7021,0.702,0.702,5
2026-03-18T23:44:00,0.7019,0.702,0.7015,0.7017,137
2026-03-18T23:45:00,0.7014,0.702,0.7014,0.7019,46
2026-03-18T23:46:00,0.702,0.7021,0.702,0.702,66
2026-03-18T23:47:00,0.702,0.702,0.702,0.702,2
2026-03-18T23:48:00,0.702,0.7021,0.702,0.7021,4
2026-03-18T23:49:00,0.702,0.702,0.702,0.702,4
2026-03-18T23:50:00,0.7021,0.7021,0.702,0.702,4
2026-03-18T23:51:00,0.702,0.702,0.7018,0.7018,3
2026-03-18T23:52:00,0.7019,0.7021,0.7019,0.7021,4
2026-03-18T23:54:00,0.7019,0.7019,0.7019,0.7019,221
2026-03-18T23:55:00,0.7019,0.702,0.7019,0.702,87
2026-03-18T23:56:00,0.7019,0.7019,0.7019,0.7019,14
2026-03-18T23:57:00,0.7019,0.702,0.7019,0.7019,8
2026-03-18T23:58:00,0.702,0.702,0.702,0.702,6
2026-03-18T23:59:00,0.702,0.7021,0.702,0.7021,5
2026-03-19T00:00:00,0.702,0.7022,0.702,0.7022,32
2026-03-19T00:01:00,0.7023,0.7024,0.7023,0.7024,31
2026-03-19T00:02:00,0.7024,0.7025,0.7024,0.7025,20
2026-03-19T00:03:00,0.7025,0.7027,0.7024,0.7027,32
2026-03-19T00:04:00,0.7027,0.7028,0.7027,0.7028,52
2026-03-19T00:05:00,0.7029,0.7029,0.7028,0.7029,17
2026-03-19T00:06:00,0.703,0.703,0.7029,0.7029,12
2026-03-19T00:07:00,0.703,0.703,0.7029,0.703,7
2026-03-19T00:08:00,0.7031,0.7031,0.703,0.703,7
2026-03-19T00:09:00,0.703,0.703,0.7029,0.7029,3
2026-03-19T00:10:00,0.7029,0.7029,0.7026,0.7026,23
2026-03-19T00:11:00,0.7028,0.7028,0.7028,0.7028,3
2026-03-19T00:12:00,0.703,0.703,0.703,0.703,6
2026-03-19T00:13:00,0.703,0.7032,0.703,0.7032,6
2026-03-19T00:14:00,0.7032,0.7032,0.7032,0.7032,6
2026-03-19T00:17:00,0.7029,0.703,0.7029,0.703,2
2026-03-19T00:18:00,0.7029,0.7029,0.7029,0.7029,2
2026-03-19T00:19:00,0.7029,0.7029,0.7029,0.7029,2
2026-03-19T00:20:00,0.7028,0.7029,0.7028,0.7028,16
2026-03-19T00:21:00,0.7029,0.703,0.7028,0.7028,9
2026-03-19T00:22:00,0.7028,0.7028,0.7027,0.7027,3
2026-03-19T00:23:00,0.7029,0.703,0.7029,0.703,2
2026-03-19T00:25:00,0.7029,0.7029,0.7029,0.7029,1
2026-03-19T00:26:00,0.703,0.703,0.703,0.703,2
2026-03-19T00:27:00,0.7029,0.7029,0.7029,0.7029,3
2026-03-19T00:28:00,0.7029,0.7031,0.7029,0.7031,10
2026-03-19T00:29:00,0.7031,0.7031,0.7031,0.7031,9
2026-03-19T00:30:00,0.7028,0.7035,0.7023,0.7026,234
2026-03-19T00:31:00,0.7025,0.7025,0.702,0.702,29
2026-03-19T00:32:00,0.702,0.702,0.702,0.702,1
2026-03-19T00:33:00,0.7026,0.7026,0.702,0.702,16
2026-03-19T00:34:00,0.7019,0.7023,0.7018,0.7023,20
2026-03-19T00:35:00,0.7023,0.7023,0.7021,0.7023,6
2026-03-19T00:36:00,0.7026,0.7029,0.7026,0.7029,38
2026-03-19T00:37:00,0.7028,0.7028,0.7028,0.7028,1
2026-03-19T00:38:00,0.7026,0.7026,0.7026,0.7026,1
2026-03-19T00:39:00,0.7026,0.7026,0.7026,0.7026,2
2026-03-19T00:40:00,0.7026,0.7027,0.7026,0.7027,14
2026-03-19T00:41:00,0.7029,0.7029,0.7026,0.7026,6
2026-03-19T00:42:00,0.7025,0.7025,0.7025,0.7025,9
2026-03-19T00:43:00,0.7026,0.7026,0.7025,0.7025,11
2026-03-19T00:44:00,0.7025,0.7025,0.7025,0.7025,1
2026-03-19T00:45:00,0.7025,0.7025,0.7025,0.7025,3
2026-03-19T00:46:00,0.7026,0.7027,0.7026,0.7027,10
2026-03-19T00:47:00,0.7028,0.7031,0.7028,0.7031,7
2026-03-19T00:48:00,0.7031,0.7032,0.7031,0.7031,17
2026-03-19T00:49:00,0.7032,0.7034,0.7032,0.7034,43
2026-03-19T00:50:00,0.7032,0.7032,0.7029,0.7029,11
2026-03-19T00:52:00,0.7029,0.7029,0.7029,0.7029,2
2026-03-19T00:53:00,0.7028,0.7031,0.7028,0.7031,7
2026-03-19T00:54:00,0.7031,0.7032,0.7031,0.7031,22
2026-03-19T00:55:00,0.703,0.7032,0.7029,0.7031,8
2026-03-19T00:56:00,0.7031,0.7033,0.7031,0.7033,6
2026-03-19T00:57:00,0.7032,0.7032,0.7032,0.7032,8
2026-03-19T00:58:00,0.7032,0.7032,0.7032,0.7032,3
2026-03-19T00:59:00,0.7034,0.7036,0.7034,0.7036,10
2026-03-19T01:00:00,0.7036,0.7038,0.7036,0.7038,21
2026-03-19T01:01:00,0.7037,0.7037,0.7036,0.7036,6
2026-03-19T01:02:00,0.7036,0.7038,0.7036,0.7037,15
2026-03-19T01:03:00,0.7034,0.7034,0.7034,0.7034,1
2026-03-19T01:04:00,0.7034,0.7034,0.7034,0.7034,9
2026-03-19T01:06:00,0.7032,0.7033,0.7032,0.7033,15
2026-03-19T01:08:00,0.7034,0.7034,0.7034,0.7034,1
2026-03-19T01:10:00,0.7034,0.7034,0.7034,0.7034,1
2026-03-19T01:11:00,0.7031,0.7031,0.703,0.703,5
2026-03-19T01:12:00,0.703,0.703,0.703,0.703,5
2026-03-19T01:13:00,0.703,0.703,0.703,0.703,1
2026-03-19T01:14:00,0.7031,0.7031,0.7031,0.7031,6
2026-03-19T01:15:00,0.7029,0.7031,0.7029,0.7031,10
2026-03-19T01:16:00,0.7032,0.7032,0.7032,0.7032,12
2026-03-19T01:17:00,0.7033,0.7033,0.7032,0.7032,17
2026-03-19T01:19:00,0.7031,0.7032,0.7031,0.7032,8
2026-03-19T01:21:00,0.703,0.703,0.703,0.703,1
2026-03-19T01:22:00,0.703,0.703,0.703,0.703,3
2026-03-19T01:23:00,0.703,0.703,0.703,0.703,7
2026-03-19T01:24:00,0.7032,0.7032,0.7032,0.7032,1
2026-03-19T01:26:00,0.7031,0.7031,0.7031,0.7031,6
2026-03-19T01:29:00,0.7033,0.7033,0.7032,0.7032,8
2026-03-19T01:30:00,0.7035,0.7036,0.7035,0.7036,4
2026-03-19T01:31:00,0.7035,0.7036,0.7035,0.7035,25
2026-03-19T01:32:00,0.7034,0.7034,0.7034,0.7034,3
2026-03-19T01:33:00,0.7034,0.7035,0.7034,0.7035,16
2026-03-19T01:34:00,0.7035,0.7037,0.7035,0.7037,4
2026-03-19T01:35:00,0.7036,0.7036,0.7036,0.7036,2
2026-03-19T01:37:00,0.7036,0.7039,0.7036,0.7039,30
2026-03-19T01:41:00,0.7036,0.7036,0.7035,0.7035,3
2026-03-19T01:42:00,0.7036,0.7036,0.7036,0.7036,4
2026-03-19T01:44:00,0.7035,0.7035,0.7035,0.7035,8
2026-03-19T01:45:00,0.7036,0.7036,0.7036,0.7036,4
2026-03-19T01:48:00,0.7035,0.7036,0.7035,0.7036,28
2026-03-19T01:49:00,0.7037,0.7037,0.7037,0.7037,2
2026-03-19T01:50:00,0.7037,0.7037,0.7037,0.7037,2
2026-03-19T01:51:00,0.7036,0.7036,0.7036,0.7036,3
2026-03-19T01:54:00,0.7037,0.7037,0.7037,0.7037,2
2026-03-19T01:55:00,0.7037,0.7038,0.7037,0.7038,11
2026-03-19T01:56:00,0.7038,0.7038,0.7038,0.7038,1
2026-03-19T01:58:00,0.7035,0.7035,0.7035,0.7035,1
2026-03-19T01:59:00,0.7034,0.7034,0.7034,0.7034,1
2026-03-19T02:00:00,0.7033,0.7033,0.7031,0.7031,9
2026-03-19T02:01:00,0.7031,0.7032,0.703,0.703,88
2026-03-19T02:02:00,0.703,0.7031,0.703,0.703,27
2026-03-19T02:03:00,0.703,0.703,0.7029,0.7029,31
2026-03-19T02:04:00,0.7029,0.7029,0.7029,0.7029,6
2026-03-19T02:05:00,0.7029,0.7029,0.7026,0.7027,47
2026-03-19T02:06:00,0.7028,0.7033,0.7028,0.7032,13
2026-03-19T02:07:00,0.7033,0.7042,0.7033,0.704,88
2026-03-19T02:08:00,0.7039,0.7043,0.7039,0.7043,49
2026-03-19T02:09:00,0.704,0.704,0.7039,0.7039,16
2026-03-19T02:10:00,0.7038,0.704,0.7038,0.704,6
2026-03-19T02:11:00,0.7041,0.7041,0.7041,0.7041,4
2026-03-19T02:12:00,0.7042,0.7042,0.7041,0.7041,15
2026-03-19T02:13:00,0.7041,0.7041,0.7041,0.7041,5
2026-03-19T02:14:00,0.7041,0.7041,0.7039,0.7039,5
2026-03-19T02:15:00,0.704,0.704,0.7039,0.704,17
2026-03-19T02:17:00,0.7038,0.704,0.7038,0.704,9
2026-03-19T02:18:00,0.7041,0.7043,0.7041,0.7042,30
2026-03-19T02:19:00,0.7042,0.7043,0.7042,0.7043,12
2026-03-19T02:21:00,0.7044,0.7046,0.7044,0.7045,24
2026-03-19T02:22:00,0.7045,0.7045,0.7044,0.7045,4
2026-03-19T02:23:00,0.7044,0.7045,0.7042,0.7045,4
2026-03-19T02:24:00,0.7045,0.7045,0.7045,0.7045,2
2026-03-19T02:25:00,0.7045,0.7045,0.7045,0.7045,3
2026-03-19T02:26:00,0.7045,0.7046,0.7045,0.7045,10
2026-03-19T02:27:00,0.7045,0.7046,0.7045,0.7045,16
2026-03-19T02:29:00,0.7044,0.7046,0.7044,0.7046,8
2026-03-19T02:30:00,0.7045,0.7046,0.7045,0.7046,6
2026-03-19T02:31:00,0.7046,0.7046,0.7046,0.7046,2
2026-03-19T02:32:00,0.7046,0.7046,0.7046,0.7046,25
2026-03-19T02:33:00,0.7046,0.7046,0.7046,0.7046,1
2026-03-19T02:34:00,0.7046,0.7046,0.7046,0.7046,2
2026-03-19T02:36:00,0.7046,0.7046,0.7046,0.7046,39
2026-03-19T02:37:00,0.7045,0.7045,0.7045,0.7045,8
2026-03-19T02:38:00,0.7045,0.7045,0.7045,0.7045,3
2026-03-19T02:39:00,0.7044,0.7045,0.7044,0.7045,9
2026-03-19T02:41:00,0.7043,0.7043,0.7043,0.7043,3
2026-03-19T02:42:00,0.7043,0.7043,0.7042,0.7042,4
2026-03-19T02:43:00,0.7042,0.7042,0.7042,0.7042,3
2026-03-19T02:44:00,0.7041,0.7041,0.7041,0.7041,1
2026-03-19T02:45:00,0.7041,0.7041,0.7041,0.7041,7
2026-03-19T02:46:00,0.7039,0.704,0.7039,0.704,11
2026-03-19T02:47:00,0.704,0.704,0.704,0.704,7
2026-03-19T02:49:00,0.7039,0.7039,0.7039,0.7039,5
2026-03-19T02:50:00,0.7038,0.7038,0.7037,0.7037,15
2026-03-19T02:51:00,0.7037,0.7037,0.7036,0.7036,7
2026-03-19T02:52:00,0.7038,0.7038,0.7037,0.7037,2
2026-03-19T02:53:00,0.7038,0.7038,0.7038,0.7038,4
2026-03-19T02:54:00,0.7037,0.7037,0.7037,0.7037,2
2026-03-19T02:56:00,0.7036,0.7036,0.7035,0.7035,21
2026-03-19T02:57:00,0.7035,0.7035,0.7035,0.7035,11
2026-03-19T02:59:00,0.7035,0.7036,0.7035,0.7036,2
2026-03-19T03:01:00,0.7037,0.7037,0.7036,0.7036,10
2026-03-19T03:02:00,0.7037,0.7037,0.7037,0.7037,1
2026-03-19T03:05:00,0.7039,0.7039,0.7039,0.7039,5
2026-03-19T03:08:00,0.7039,0.704,0.7039,0.704,3
2026-03-19T03:09:00,0.704,0.704,0.704,0.704,5
2026-03-19T03:10:00,0.7041,0.7041,0.7041,0.7041,5
2026-03-19T03:11:00,0.704,0.704,0.7039,0.7039,2
2026-03-19T03:12:00,0.704,0.704,0.704,0.704,30
2026-03-19T03:13:00,0.7041,0.7041,0.7041,0.7041,1
2026-03-19T03:14:00,0.7042,0.7042,0.7042,0.7042,1
2026-03-19T03:17:00,0.7042,0.7042,0.7042,0.7042,29
2026-03-19T03:18:00,0.7043,0.7043,0.7043,0.7043,2
2026-03-19T03:19:00,0.7044,0.7044,0.7043,0.7043,4
2026-03-19T03:20:00,0.7044,0.7044,0.7044,0.7044,9
2026-03-19T03:21:00,0.7044,0.7044,0.7044,0.7044,5
2026-03-19T03:23:00,0.7044,0.7044,0.7044,0.7044,1
2026-03-19T03:24:00,0.7043,0.7043,0.7043,0.7043,1
2026-03-19T03:25:00,0.7043,0.7043,0.7043,0.7043,1
2026-03-19T03:27:00,0.704,0.7041,0.704,0.7041,3
2026-03-19T03:29:00,0.7041,0.7041,0.7041,0.7041,1
2026-03-19T03:32:00,0.7038,0.7038,0.7038,0.7038,1
2026-03-19T03:34:00,0.704,0.7041,0.704,0.7041,3
2026-03-19T03:35:00,0.704,0.704,0.704,0.704,2
2026-03-19T03:36:00,0.704,0.704,0.704,0.704,1
2026-03-19T03:37:00,0.7038,0.7038,0.7038,0.7038,4
2026-03-19T03:38:00,0.7038,0.7038,0.7038,0.7038,6
2026-03-19T03:39:00,0.7038,0.704,0.7038,0.704,8
2026-03-19T03:43:00,0.7039,0.7039,0.7039,0.7039,1
2026-03-19T03:51:00,0.7037,0.7037,0.7035,0.7035,5
2026-03-19T03:52:00,0.7036,0.7037,0.7036,0.7037,5
2026-03-19T03:53:00,0.7038,0.7038,0.7038,0.7038,1
2026-03-19T03:54:00,0.7039,0.7039,0.7039,0.7039,2
2026-03-19T03:56:00,0.7039,0.7039,0.7039,0.7039,3
2026-03-19T04:00:00,0.7037,0.7037,0.7037,0.7037,1
2026-03-19T04:01:00,0.7036,0.7036,0.7036,0.7036,2
2026-03-19T04:02:00,0.7036,0.7036,0.7036,0.7036,2
2026-03-19T04:04:00,0.7036,0.7037,0.7036,0.7037,4
2026-03-19T04:06:00,0.7035,0.7036,0.7035,0.7036,5
2026-03-19T04:09:00,0.7034,0.7034,0.7034,0.7034,6
2026-03-19T04:10:00,0.7034,0.7034,0.7033,0.7033,3
2026-03-19T04:11:00,0.7034,0.7034,0.7034,0.7034,3
2026-03-19T04:12:00,0.7035,0.7035,0.7035,0.7035,3
2026-03-19T04:13:00,0.7034,0.7034,0.7034,0.7034,1
2026-03-19T04:14:00,0.7036,0.7036,0.7036,0.7036,5
2026-03-19T04:15:00,0.7036,0.7037,0.7036,0.7037,2
2026-03-19T04:16:00,0.7035,0.7035,0.7035,0.7035,1
2026-03-19T04:18:00,0.7035,0.7035,0.7035,0.7035,2
2026-03-19T04:22:00,0.7034,0.7034,0.7034,0.7034,1
2026-03-19T04:23:00,0.7035,0.7035,0.7035,0.7035,1
2026-03-19T04:24:00,0.7034,0.7034,0.7034,0.7034,1
2026-03-19T04:27:00,0.7034,0.7034,0.7034,0.7034,1
2026-03-19T04:28:00,0.7034,0.7034,0.7034,0.7034,2
2026-03-19T04:29:00,0.7033,0.7033,0.7033,0.7033,14
2026-03-19T04:30:00,0.7032,0.7032,0.7031,0.7031,5
2026-03-19T04:31:00,0.7032,0.7032,0.7032,0.7032,2
2026-03-19T04:32:00,0.7031,0.7031,0.7031,0.7031,1
2026-03-19T04:33:00,0.7032,0.7032,0.7032,0.7032,1
2026-03-19T04:34:00,0.7033,0.7033,0.7033,0.7033,5
2026-03-19T04:35:00,0.7032,0.7032,0.7032,0.7032,1
2026-03-19T04:36:00,0.7032,0.7032,0.7032,0.7032,1
2026-03-19T04:37:00,0.703,0.703,0.703,0.703,4
2026-03-19T04:39:00,0.7031,0.7031,0.7031,0.7031,5
2026-03-19T04:40:00,0.7032,0.7032,0.703,0.703,4
2026-03-19T04:41:00,0.703,0.703,0.7029,0.7029,3
2026-03-19T04:42:00,0.7029,0.7029,0.7029,0.7029,2
2026-03-19T04:43:00,0.703,0.7031,0.703,0.7031,6
2026-03-19T04:47:00,0.7029,0.7029,0.7027,0.7027,10
2026-03-19T04:48:00,0.7029,0.7029,0.7029,0.7029,2
2026-03-19T04:49:00,0.7029,0.7029,0.7029,0.7029,20
2026-03-19T04:51:00,0.703,0.703,0.703,0.703,4
2026-03-19T04:52:00,0.7031,0.7031,0.7031,0.7031,20
2026-03-19T04:53:00,0.703,0.703,0.703,0.703,4
2026-03-19T04:54:00,0.7029,0.703,0.7029,0.703,5
2026-03-19T04:55:00,0.703,0.703,0.703,0.703,2
2026-03-19T04:57:00,0.7029,0.7029,0.7028,0.7028,5
2026-03-19T04:58:00,0.7029,0.7029,0.7029,0.7029,1
2026-03-19T05:01:00,0.7029,0.7029,0.7029,0.7029,3
2026-03-19T05:03:00,0.7029,0.7029,0.7029,0.7029,8
2026-03-19T05:05:00,0.703,0.703,0.703,0.703,1
2026-03-19T05:06:00,0.7029,0.7029,0.7029,0.7029,1
2026-03-19T05:08:00,0.7029,0.7029,0.7029,0.7029,4
2026-03-19T05:09:00,0.7029,0.7029,0.7029,0.7029,1
2026-03-19T05:10:00,0.7029,0.7029,0.7029,0.7029,13
2026-03-19T05:11:00,0.703,0.703,0.7027,0.7027,11
2026-03-19T05:12:00,0.7028,0.7028,0.7028,0.7028,1
2026-03-19T05:14:00,0.7028,0.7028,0.7028,0.7028,1
2026-03-19T05:16:00,0.7029,0.703,0.7029,0.703,2
2026-03-19T05:18:00,0.703,0.703,0.703,0.703,2
2026-03-19T05:19:00,0.7031,0.7032,0.7031,0.7031,4
2026-03-19T05:20:00,0.7032,0.7032,0.7032,0.7032,25
2026-03-19T05:21:00,0.7032,0.7033,0.7032,0.7033,11
2026-03-19T05:22:00,0.7033,0.7033,0.7032,0.7032,2
2026-03-19T05:23:00,0.7032,0.7032,0.7032,0.7032,3
2026-03-19T05:24:00,0.7032,0.7032,0.7032,0.7032,9
2026-03-19T05:25:00,0.7033,0.7033,0.7032,0.7033,10
2026-03-19T05:26:00,0.7033,0.7033,0.7033,0.7033,6
2026-03-19T05:27:00,0.7034,0.7034,0.7034,0.7034,5
2026-03-19T05:28:00,0.7034,0.7034,0.7032,0.7032,6
2026-03-19T05:30:00,0.7032,0.7032,0.7031,0.7031,26
2026-03-19T05:32:00,0.703,0.7031,0.703,0.7031,3
2026-03-19T05:33:00,0.7031,0.7031,0.7031,0.7031,5
2026-03-19T05:34:00,0.7029,0.7029,0.7029,0.7029,2
2026-03-19T05:35:00,0.703,0.703,0.703,0.703,2
2026-03-19T05:36:00,0.703,0.703,0.703,0.703,1
2026-03-19T05:37:00,0.7029,0.7029,0.7029,0.7029,2
2026-03-19T05:38:00,0.7028,0.7028,0.7028,0.7028,4
2026-03-19T05:39:00,0.7027,0.7027,0.7027,0.7027,8
2026-03-19T05:40:00,0.7027,0.7027,0.7027,0.7027,10
2026-03-19T05:41:00,0.7025,0.7025,0.7023,0.7025,43
2026-03-19T05:42:00,0.7025,0.7025,0.7025,0.7025,4
2026-03-19T05:44:00,0.7025,0.7025,0.7023,0.7023,27
2026-03-19T05:45:00,0.7024,0.7024,0.7024,0.7024,1
2026-03-19T05:46:00,0.7027,0.7027,0.7027,0.7027,13
2026-03-19T05:47:00,0.7027,0.7027,0.7027,0.7027,5
2026-03-19T05:48:00,0.7028,0.7029,0.7028,0.7028,5
2026-03-19T05:52:00,0.7027,0.7027,0.7027,0.7027,1
2026-03-19T05:53:00,0.7029,0.7029,0.7029,0.7029,2
2026-03-19T05:54:00,0.7029,0.7029,0.7029,0.7029,10
2026-03-19T05:55:00,0.7029,0.703,0.7029,0.703,10
2026-03-19T05:58:00,0.7028,0.7028,0.7028,0.7028,4
2026-03-19T05:59:00,0.7026,0.7026,0.7026,0.7026,18
2026-03-19T06:00:00,0.7024,0.7025,0.7024,0.7025,7
2026-03-19T06:01:00,0.7024,0.7024,0.7024,0.7024,1
2026-03-19T06:02:00,0.7025,0.7025,0.7025,0.7025,9
2026-03-19T06:03:00,0.7025,0.7025,0.7025,0.7025,1
2026-03-19T06:04:00,0.7029,0.7029,0.7029,0.7029,2
2026-03-19T06:05:00,0.7029,0.7029,0.7029,0.7029,1
2026-03-19T06:06:00,0.703,0.7031,0.703,0.703,5
2026-03-19T06:07:00,0.7029,0.7029,0.7029,0.7029,6
2026-03-19T06:12:00,0.7031,0.7031,0.7031,0.7031,13
2026-03-19T06:13:00,0.7032,0.7032,0.7032,0.7032,7
2026-03-19T06:14:00,0.7033,0.7033,0.7032,0.7032,18
2026-03-19T06:15:00,0.7032,0.7032,0.7032,0.7032,2
2026-03-19T06:17:00,0.7032,0.7032,0.7032,0.7032,1
2026-03-19T06:18:00,0.7034,0.7034,0.7034,0.7034,23
2026-03-19T06:19:00,0.7034,0.7034,0.7034,0.7034,2
2026-03-19T06:20:00,0.7034,0.7034,0.7032,0.7032,12
2026-03-19T06:23:00,0.703,0.703,0.703,0.703,5
2026-03-19T06:24:00,0.703,0.703,0.703,0.703,2
2026-03-19T06:26:00,0.7031,0.7031,0.7031,0.7031,6
2026-03-19T06:28:00,0.7029,0.7029,0.7028,0.7028,6
2026-03-19T06:29:00,0.7028,0.7028,0.7028,0.7028,1
2026-03-19T06:31:00,0.7027,0.7028,0.7027,0.7028,2
2026-03-19T06:32:00,0.7027,0.7027,0.7026,0.7026,3
2026-03-19T06:33:00,0.7025,0.7025,0.7025,0.7025,1
2026-03-19T06:34:00,0.7024,0.7025,0.7024,0.7025,3
2026-03-19T06:35:00,0.7023,0.7023,0.7022,0.7023,9
2026-03-19T06:37:00,0.7023,0.7024,0.7023,0.7024,3
2026-03-19T06:41:00,0.7026,0.7026,0.7026,0.7026,5
2026-03-19T06:42:00,0.7026,0.7026,0.7026,0.7026,5
2026-03-19T06:43:00,0.7027,0.7027,0.7027,0.7027,1
2026-03-19T06:44:00,0.7027,0.7027,0.7027,0.7027,5
2026-03-19T06:45:00,0.7028,0.7028,0.7028,0.7028,1
2026-03-19T06:46:00,0.7026,0.7026,0.7026,0.7026,6
2026-03-19T06:47:00,0.7027,0.7027,0.7027,0.7027,13
2026-03-19T06:49:00,0.7025,0.7025,0.7025,0.7025,13
2026-03-19T06:50:00,0.7024,0.7024,0.7024,0.7024,1
2026-03-19T06:51:00,0.7024,0.7024,0.7024,0.7024,4
2026-03-19T06:52:00,0.7025,0.7025,0.7025,0.7025,11
2026-03-19T06:55:00,0.7025,0.7025,0.7025,0.7025,1
2026-03-19T06:58:00,0.7028,0.7028,0.7028,0.7028,1
2026-03-19T06:59:00,0.7029,0.7029,0.7029,0.7029,2
2026-03-19T07:00:00,0.7029,0.7032,0.7029,0.7032,16
2026-03-19T07:01:00,0.7031,0.7031,0.7031,0.7031,2
2026-03-19T07:02:00,0.7026,0.7026,0.7025,0.7025,12
2026-03-19T07:03:00,0.7026,0.7026,0.7026,0.7026,7
2026-03-19T07:04:00,0.7027,0.7028,0.7027,0.7027,12
2026-03-19T07:05:00,0.7027,0.7027,0.7027,0.7027,16
2026-03-19T07:06:00,0.7027,0.7028,0.7026,0.7028,28
2026-03-19T07:07:00,0.7032,0.7032,0.7032,0.7032,1
2026-03-19T07:08:00,0.7033,0.7036,0.7033,0.7036,40
2026-03-19T07:10:00,0.7032,0.7032,0.7031,0.7031,2
2026-03-19T07:11:00,0.7028,0.7028,0.7027,0.7027,18
2026-03-19T07:12:00,0.7028,0.7028,0.7028,0.7028,10
2026-03-19T07:13:00,0.7027,0.7027,0.7027,0.7027,5
2026-03-19T07:14:00,0.7027,0.7027,0.7027,0.7027,2
2026-03-19T07:15:00,0.7029,0.7031,0.7029,0.7031,7
2026-03-19T07:16:00,0.7033,0.7033,0.7033,0.7033,10
2026-03-19T07:17:00,0.7034,0.7034,0.7034,0.7034,1
2026-03-19T07:20:00,0.7036,0.7036,0.7034,0.7034,3
2026-03-19T07:21:00,0.7033,0.7033,0.7033,0.7033,5
2026-03-19T07:22:00,0.7034,0.7034,0.7034,0.7034,1
2026-03-19T07:23:00,0.703,0.703,0.703,0.703,2
2026-03-19T07:24:00,0.7032,0.7033,0.7032,0.7033,6
2026-03-19T07:25:00,0.7033,0.7033,0.7033,0.7033,5
2026-03-19T07:26:00,0.703,0.703,0.7029,0.7029,4
2026-03-19T07:27:00,0.7029,0.7029,0.7029,0.7029,3
2026-03-19T07:28:00,0.7029,0.7029,0.7029,0.7029,9
2026-03-19T07:29:00,0.7029,0.7029,0.7029,0.7029,1
2026-03-19T07:30:00,0.7029,0.703,0.7029,0.703,11
2026-03-19T07:31:00,0.703,0.703,0.703,0.703,5
2026-03-19T07:32:00,0.7028,0.7028,0.7028,0.7028,6
2026-03-19T07:33:00,0.7028,0.7028,0.7028,0.7028,1
2026-03-19T07:34:00,0.7028,0.7028,0.7026,0.7026,5
2026-03-19T07:35:00,0.7025,0.7025,0.7024,0.7024,5
2026-03-19T07:36:00,0.7026,0.7026,0.7026,0.7026,1
2026-03-19T07:37:00,0.7025,0.7025,0.7025,0.7025,1
2026-03-19T07:38:00,0.7025,0.7025,0.7025,0.7025,5
2026-03-19T07:39:00,0.7026,0.7026,0.7026,0.7026,1
2026-03-19T07:40:00,0.7027,0.7027,0.7027,0.7027,1
2026-03-19T07:41:00,0.7025,0.7025,0.7025,0.7025,1
2026-03-19T07:43:00,0.7025,0.7025,0.7025,0.7025,1
2026-03-19T07:44:00,0.7023,0.7023,0.702,0.702,32
2026-03-19T07:45:00,0.702,0.7021,0.702,0.7021,8
2026-03-19T07:46:00,0.7021,0.7022,0.7021,0.7022,13
2026-03-19T07:47:00,0.7023,0.7024,0.7023,0.7024,4
2026-03-19T07:51:00,0.7024,0.7024,0.7024,0.7024,2
2026-03-19T07:52:00,0.7024,0.7024,0.7024,0.7024,11
2026-03-19T07:53:00,0.7023,0.7023,0.7023,0.7023,4
2026-03-19T07:54:00,0.7022,0.7022,0.7021,0.7021,9
2026-03-19T07:56:00,0.7019,0.7019,0.7019,0.7019,2
2026-03-19T07:57:00,0.7017,0.7018,0.7015,0.7016,19
2026-03-19T07:58:00,0.7016,0.7016,0.7015,0.7015,8
2026-03-19T07:59:00,0.7017,0.7017,0.7017,0.7017,1
2026-03-19T08:00:00,0.7018,0.7021,0.7018,0.702,14
2026-03-19T08:01:00,0.702,0.702,0.702,0.702,2
2026-03-19T08:02:00,0.7019,0.7019,0.7017,0.7018,14
2026-03-19T08:03:00,0.7017,0.7018,0.7016,0.7018,12
2026-03-19T08:04:00,0.7016,0.7016,0.7016,0.7016,6
2026-03-19T08:05:00,0.7016,0.7016,0.7015,0.7016,10
2026-03-19T08:06:00,0.7017,0.7017,0.7016,0.7016,12
2026-03-19T08:07:00,0.7018,0.7018,0.7018,0.7018,5
2026-03-19T08:08:00,0.702,0.702,0.7019,0.7019,6
2026-03-19T08:09:00,0.7018,0.7018,0.7018,0.7018,3
2026-03-19T08:10:00,0.7018,0.7018,0.7016,0.7016,3
2026-03-19T08:11:00,0.7017,0.7017,0.7017,0.7017,2
2026-03-19T08:12:00,0.702,0.7021,0.702,0.7021,2
2026-03-19T08:13:00,0.7021,0.7021,0.7021,0.7021,2
2026-03-19T08:14:00,0.702,0.702,0.702,0.702,1
2026-03-19T08:15:00,0.7024,0.7025,0.7024,0.7025,29
2026-03-19T08:17:00,0.7026,0.7027,0.7026,0.7027,26
2026-03-19T08:18:00,0.7028,0.7028,0.7027,0.7027,6
2026-03-19T08:19:00,0.7028,0.7028,0.7028,0.7028,7
2026-03-19T08:20:00,0.7028,0.703,0.7027,0.703,8
2026-03-19T08:21:00,0.703,0.703,0.703,0.703,1
2026-03-19T08:23:00,0.7028,0.7028,0.7028,0.7028,2
2026-03-19T08:24:00,0.7026,0.7029,0.7026,0.7029,29
2026-03-19T08:25:00,0.7028,0.7028,0.7028,0.7028,5
2026-03-19T08:26:00,0.7025,0.7026,0.7024,0.7024,4
2026-03-19T08:27:00,0.7024,0.7024,0.7023,0.7023,3
2026-03-19T08:28:00,0.7023,0.7025,0.7023,0.7025,20
2026-03-19T08:29:00,0.7024,0.7025,0.7024,0.7025,10
2026-03-19T08:30:00,0.7026,0.7026,0.7025,0.7025,10
2026-03-19T08:31:00,0.7026,0.7027,0.7026,0.7027,9
2026-03-19T08:32:00,0.7027,0.7027,0.7027,0.7027,5
2026-03-19T08:34:00,0.7028,0.7028,0.7028,0.7028,25
2026-03-19T08:35:00,0.7029,0.703,0.7029,0.703,8
2026-03-19T08:37:00,0.703,0.7031,0.703,0.7031,9
2026-03-19T08:38:00,0.7031,0.7032,0.703,0.703,3
2026-03-19T08:39:00,0.7029,0.7029,0.7027,0.7027,4
2026-03-19T08:40:00,0.7027,0.7028,0.7027,0.7028,16
2026-03-19T08:41:00,0.7028,0.7028,0.7026,0.7026,4
2026-03-19T08:42:00,0.7024,0.7024,0.7024,0.7024,4
2026-03-19T08:43:00,0.7024,0.7025,0.7024,0.7025,9
2026-03-19T08:44:00,0.7024,0.7024,0.7024,0.7024,5
2026-03-19T08:45:00,0.7024,0.7024,0.7024,0.7024,5
2026-03-19T08:47:00,0.7027,0.7029,0.7027,0.7029,7
2026-03-19T08:48:00,0.7029,0.703,0.7029,0.703,2
2026-03-19T08:49:00,0.7029,0.7029,0.7028,0.7028,2
2026-03-19T08:50:00,0.7026,0.7027,0.7026,0.7027,2
2026-03-19T08:51:00,0.7028,0.7028,0.7027,0.7027,6
2026-03-19T08:53:00,0.7028,0.7028,0.7028,0.7028,1
2026-03-19T08:54:00,0.7027,0.7027,0.7027,0.7027,1
2026-03-19T08:56:00,0.7027,0.7027,0.7027,0.7027,2
2026-03-19T09:00:00,0.7031,0.7031,0.7031,0.7031,8
2026-03-19T09:01:00,0.7031,0.7034,0.7031,0.7034,10
2026-03-19T09:02:00,0.7033,0.7036,0.7032,0.7036,10
2026-03-19T09:03:00,0.7036,0.7038,0.7036,0.7037,13
2026-03-19T09:04:00,0.7039,0.704,0.7037,0.7037,18
2026-03-19T09:05:00,0.7038,0.7039,0.7038,0.7038,10
2026-03-19T09:06:00,0.7038,0.7038,0.7037,0.7037,14
2026-03-19T09:07:00,0.7038,0.7038,0.7038,0.7038,1
2026-03-19T09:08:00,0.7036,0.7036,0.7036,0.7036,5
2026-03-19T09:09:00,0.7038,0.7038,0.7038,0.7038,2
2026-03-19T09:11:00,0.7036,0.7036,0.7036,0.7036,3
2026-03-19T09:12:00,0.7034,0.7035,0.7034,0.7035,15
2026-03-19T09:13:00,0.7034,0.7034,0.7034,0.7034,2
2026-03-19T09:14:00,0.7035,0.7036,0.7035,0.7035,31
2026-03-19T09:15:00,0.7037,0.7038,0.7037,0.7038,3
2026-03-19T09:16:00,0.7039,0.7039,0.7037,0.7037,15
2026-03-19T09:17:00,0.7038,0.7039,0.7037,0.7039,16
2026-03-19T09:18:00,0.704,0.7041,0.7039,0.7039,38
2026-03-19T09:19:00,0.704,0.7041,0.704,0.7041,14
2026-03-19T09:20:00,0.7041,0.7042,0.704,0.7042,26
2026-03-19T09:21:00,0.7043,0.7049,0.7043,0.7049,41
2026-03-19T09:22:00,0.7046,0.7046,0.7046,0.7046,6
2026-03-19T09:23:00,0.7045,0.7046,0.7045,0.7045,3
2026-03-19T09:24:00,0.7043,0.7043,0.704,0.7041,15
2026-03-19T09:25:00,0.7041,0.7042,0.7035,0.7036,302
2026-03-19T09:26:00,0.7037,0.7037,0.7031,0.7034,36
2026-03-19T09:27:00,0.7036,0.7037,0.7035,0.7036,27
2026-03-19T09:28:00,0.7035,0.7035,0.7034,0.7034,6
2026-03-19T09:29:00,0.7035,0.7036,0.7032,0.7032,11
2026-03-19T09:30:00,0.7036,0.7037,0.7036,0.7037,29
2026-03-19T09:31:00,0.7039,0.7039,0.7036,0.7036,5
2026-03-19T09:32:00,0.7038,0.7038,0.7037,0.7037,7
2026-03-19T09:33:00,0.7038,0.7038,0.7038,0.7038,6
2026-03-19T09:35:00,0.7037,0.7038,0.7037,0.7038,7
2026-03-19T09:36:00,0.7038,0.7039,0.7038,0.7038,14
2026-03-19T09:37:00,0.7038,0.7038,0.7035,0.7036,36
2026-03-19T09:38:00,0.7036,0.7041,0.7036,0.7041,16
2026-03-19T09:39:00,0.7042,0.7044,0.7042,0.7044,14
2026-03-19T09:40:00,0.7039,0.7044,0.7039,0.7044,24
2026-03-19T09:41:00,0.7043,0.7043,0.704,0.7041,10
2026-03-19T09:42:00,0.7042,0.7042,0.7039,0.704,14
2026-03-19T09:43:00,0.7041,0.7041,0.7041,0.7041,1
2026-03-19T09:44:00,0.7039,0.7039,0.7037,0.7037,13
2026-03-19T09:45:00,0.704,0.704,0.7038,0.7038,5
2026-03-19T09:46:00,0.704,0.7041,0.7039,0.7041,13
2026-03-19T09:47:00,0.7043,0.7044,0.7043,0.7044,16
2026-03-19T09:48:00,0.7043,0.7045,0.7043,0.7044,44
2026-03-19T09:49:00,0.7044,0.7047,0.7043,0.7047,237
2026-03-19T09:50:00,0.7047,0.7049,0.7046,0.7046,63
2026-03-19T09:51:00,0.7047,0.7055,0.7044,0.7051,123
2026-03-19T09:52:00,0.705,0.7053,0.705,0.705,21
2026-03-19T09:53:00,0.705,0.7051,0.705,0.705,15
2026-03-19T09:54:00,0.7049,0.705,0.7049,0.705,8
2026-03-19T09:55:00,0.7049,0.7051,0.7049,0.7051,7
2026-03-19T09:56:00,0.7051,0.7051,0.7051,0.7051,6
2026-03-19T09:57:00,0.7052,0.7053,0.7052,0.7053,11
2026-03-19T09:58:00,0.7053,0.7053,0.7052,0.7052,15
2026-03-19T09:59:00,0.705,0.705,0.7049,0.7049,3
2026-03-19T10:00:00,0.7048,0.7048,0.7046,0.7046,30
2026-03-19T10:01:00,0.7046,0.7047,0.7044,0.7044,29
2026-03-19T10:02:00,0.7045,0.7045,0.7045,0.7045,1
2026-03-19T10:03:00,0.7046,0.7046,0.7044,0.7044,12
2026-03-19T10:04:00,0.7043,0.7046,0.7043,0.7046,4
2026-03-19T10:05:00,0.7045,0.7045,0.7045,0.7045,5
2026-03-19T10:07:00,0.7046,0.7046,0.7046,0.7046,3
2026-03-19T10:08:00,0.7047,0.7048,0.7047,0.7048,8
2026-03-19T10:09:00,0.7047,0.7047,0.7047,0.7047,14
2026-03-19T10:10:00,0.7046,0.7048,0.7046,0.7048,2
2026-03-19T10:11:00,0.7048,0.7048,0.7048,0.7048,2
2026-03-19T10:12:00,0.7048,0.7048,0.7048,0.7048,1
2026-03-19T10:13:00,0.7045,0.7045,0.7045,0.7045,1
2026-03-19T10:14:00,0.7045,0.7045,0.7045,0.7045,8
2026-03-19T10:15:00,0.7046,0.7046,0.7044,0.7044,16
2026-03-19T10:16:00,0.7045,0.7045,0.7044,0.7044,2
2026-03-19T10:17:00,0.7045,0.7045,0.7045,0.7045,1
2026-03-19T10:18:00,0.7046,0.7046,0.7046,0.7046,10
2026-03-19T10:19:00,0.7044,0.7044,0.7044,0.7044,4
2026-03-19T10:20:00,0.7043,0.7043,0.704,0.7041,13
2026-03-19T10:21:00,0.7041,0.7041,0.7041,0.7041,1
2026-03-19T10:23:00,0.704,0.7041,0.704,0.7041,17
2026-03-19T10:24:00,0.704,0.704,0.704,0.704,7
2026-03-19T10:25:00,0.704,0.7041,0.704,0.704,7
2026-03-19T10:26:00,0.7042,0.7042,0.7041,0.7041,27
2026-03-19T10:27:00,0.7041,0.7041,0.7041,0.7041,5
2026-03-19T10:28:00,0.7043,0.7043,0.7043,0.7043,1
2026-03-19T10:29:00,0.7042,0.7042,0.7042,0.7042,1
2026-03-19T10:30:00,0.7042,0.7042,0.7041,0.7041,9
2026-03-19T10:31:00,0.7041,0.7041,0.7041,0.7041,2
2026-03-19T10:32:00,0.7042,0.7042,0.7042,0.7042,2
2026-03-19T10:34:00,0.7044,0.7044,0.7044,0.7044,2
2026-03-19T10:35:00,0.7043,0.7043,0.7042,0.7042,7
2026-03-19T10:36:00,0.7042,0.7042,0.7042,0.7042,1
2026-03-19T10:37:00,0.7042,0.7042,0.7042,0.7042,1
2026-03-19T10:38:00,0.7042,0.7042,0.7042,0.7042,5
2026-03-19T10:39:00,0.7042,0.7042,0.7042,0.7042,1
2026-03-19T10:40:00,0.7043,0.7043,0.7043,0.7043,1
2026-03-19T10:41:00,0.7044,0.7044,0.7044,0.7044,5
2026-03-19T10:42:00,0.7044,0.7044,0.7044,0.7044,5
2026-03-19T10:43:00,0.7044,0.7044,0.7043,0.7043,9
2026-03-19T10:44:00,0.7043,0.7043,0.7043,0.7043,15
2026-03-19T10:46:00,0.7043,0.7043,0.7043,0.7043,5
2026-03-19T10:47:00,0.7044,0.7044,0.7044,0.7044,1
2026-03-19T10:48:00,0.7043,0.7044,0.7043,0.7044,3
2026-03-19T10:49:00,0.7045,0.7045,0.7044,0.7045,3
2026-03-19T10:53:00,0.7042,0.7042,0.7042,0.7042,1
2026-03-19T10:54:00,0.7043,0.7043,0.7043,0.7043,4
2026-03-19T10:55:00,0.7042,0.7042,0.7042,0.7042,4
2026-03-19T10:58:00,0.7043,0.7043,0.7042,0.7042,3
2026-03-19T10:59:00,0.7042,0.7042,0.7041,0.7042,14
2026-03-19T11:00:00,0.7042,0.7042,0.7042,0.7042,3
2026-03-19T11:02:00,0.7045,0.7045,0.7045,0.7045,5
2026-03-19T11:03:00,0.7041,0.7042,0.7041,0.7042,2
2026-03-19T11:04:00,0.7042,0.7042,0.7042,0.7042,1
2026-03-19T11:05:00,0.7042,0.7042,0.7042,0.7042,2
2026-03-19T11:06:00,0.7041,0.7041,0.7041,0.7041,1
2026-03-19T11:07:00,0.7041,0.7041,0.704,0.704,9
2026-03-19T11:08:00,0.704,0.704,0.7039,0.7039,3
2026-03-19T11:09:00,0.7041,0.7041,0.7041,0.7041,2
2026-03-19T11:10:00,0.7039,0.7039,0.7039,0.7039,9
2026-03-19T11:11:00,0.7038,0.7038,0.7038,0.7038,7
2026-03-19T11:12:00,0.7038,0.7039,0.7038,0.7039,4
2026-03-19T11:14:00,0.704,0.704,0.7037,0.7037,8
2026-03-19T11:15:00,0.7036,0.7036,0.7036,0.7036,7
2026-03-19T11:16:00,0.7034,0.7034,0.7034,0.7034,9
2026-03-19T11:17:00,0.7035,0.7035,0.7033,0.7033,11
2026-03-19T11:18:00,0.7032,0.7033,0.7032,0.7032,20
2026-03-19T11:19:00,0.7032,0.7033,0.7031,0.7031,17
2026-03-19T11:20:00,0.7031,0.7033,0.7031,0.7033,6
2026-03-19T11:21:00,0.7031,0.7031,0.7031,0.7031,7
2026-03-19T11:22:00,0.703,0.703,0.7029,0.703,15
2026-03-19T11:23:00,0.7029,0.7029,0.7029,0.7029,5
2026-03-19T11:24:00,0.7028,0.7028,0.7027,0.7027,42
2026-03-19T11:25:00,0.7027,0.7027,0.7027,0.7027,1
2026-03-19T11:26:00,0.7027,0.7028,0.7027,0.7028,39
2026-03-19T11:27:00,0.7029,0.7029,0.7029,0.7029,10
2026-03-19T11:28:00,0.703,0.703,0.703,0.703,6
2026-03-19T11:30:00,0.7031,0.7032,0.703,0.703,39
2026-03-19T11:32:00,0.7031,0.7032,0.7031,0.7032,52
2026-03-19T11:33:00,0.7032,0.7032,0.7031,0.7031,5
2026-03-19T11:34:00,0.703,0.703,0.703,0.703,1
2026-03-19T11:35:00,0.703,0.703,0.7028,0.7028,5
2026-03-19T11:36:00,0.7028,0.7028,0.7028,0.7028,1
2026-03-19T11:37:00,0.7027,0.7027,0.7027,0.7027,7
2026-03-19T11:38:00,0.7029,0.7029,0.7029,0.7029,1
2026-03-19T11:39:00,0.7028,0.7028,0.7028,0.7028,1
2026-03-19T11:40:00,0.7028,0.7028,0.7028,0.7028,27
2026-03-19T11:41:00,0.7027,0.7027,0.7025,0.7026,7
2026-03-19T11:42:00,0.7026,0.7026,0.7026,0.7026,6
2026-03-19T11:43:00,0.7027,0.7027,0.7027,0.7027,1
2026-03-19T11:44:00,0.7028,0.7029,0.7028,0.7028,9
2026-03-19T11:45:00,0.7028,0.7028,0.7026,0.7026,9
2026-03-19T11:48:00,0.7027,0.7027,0.7027,0.7027,5
2026-03-19T11:49:00,0.7026,0.7026,0.7026,0.7026,5
2026-03-19T11:50:00,0.7029,0.7029,0.7029,0.7029,3
2026-03-19T11:51:00,0.703,0.703,0.703,0.703,1
2026-03-19T11:53:00,0.7031,0.7033,0.7031,0.7032,15
2026-03-19T11:54:00,0.7033,0.7033,0.7032,0.7032,4
2026-03-19T11:55:00,0.7031,0.7031,0.7031,0.7031,5
2026-03-19T11:56:00,0.703,0.703,0.703,0.703,1
2026-03-19T11:58:00,0.7033,0.7034,0.7033,0.7034,3
2026-03-19T11:59:00,0.7033,0.7034,0.7033,0.7034,6
2026-03-19T12:00:00,0.7034,0.7034,0.7033,0.7033,15
2026-03-19T12:01:00,0.7031,0.7031,0.7028,0.7029,28
2026-03-19T12:02:00,0.7028,0.7028,0.7027,0.7028,14
2026-03-19T12:03:00,0.7026,0.7026,0.7024,0.7024,10
2026-03-19T12:04:00,0.7024,0.7026,0.7024,0.7026,16
2026-03-19T12:05:00,0.7026,0.7026,0.7024,0.7026,4
2026-03-19T12:06:00,0.7026,0.7029,0.7026,0.7029,16
2026-03-19T12:07:00,0.7028,0.7033,0.7028,0.7033,8
2026-03-19T12:09:00,0.7029,0.7029,0.7029,0.7029,3
2026-03-19T12:10:00,0.703,0.703,0.7027,0.7028,23
2026-03-19T12:12:00,0.7029,0.7029,0.7028,0.7028,11
2026-03-19T12:13:00,0.7029,0.703,0.7029,0.703,8
2026-03-19T12:14:00,0.7026,0.7026,0.7026,0.7026,8
2026-03-19T12:15:00,0.7026,0.7026,0.7025,0.7026,7
2026-03-19T12:17:00,0.7029,0.7031,0.7029,0.703,19
2026-03-19T12:18:00,0.7031,0.7031,0.7031,0.7031,8
2026-03-19T12:19:00,0.7028,0.7029,0.7024,0.7024,35
2026-03-19T12:20:00,0.7024,0.7026,0.7023,0.7023,84
2026-03-19T12:21:00,0.7024,0.7025,0.7024,0.7024,7
2026-03-19T12:22:00,0.7024,0.7024,0.7022,0.7022,12
2026-03-19T12:23:00,0.702,0.702,0.7015,0.7015,28
2026-03-19T12:24:00,0.7016,0.7017,0.7015,0.7016,31
2026-03-19T12:25:00,0.7016,0.7016,0.7011,0.7011,104
2026-03-19T12:26:00,0.7011,0.7011,0.7006,0.7006,96
2026-03-19T12:27:00,0.7006,0.7007,0.7004,0.7007,62
2026-03-19T12:28:00,0.7006,0.7007,0.7006,0.7007,26
2026-03-19T12:29:00,0.7007,0.7009,0.7007,0.7009,7
2026-03-19T12:30:00,0.7007,0.7009,0.7004,0.7006,66
2026-03-19T12:31:00,0.7007,0.7008,0.7005,0.7006,14
2026-03-19T12:32:00,0.7008,0.701,0.7008,0.701,18
2026-03-19T12:33:00,0.7009,0.7011,0.7009,0.7009,13
2026-03-19T12:34:00,0.7008,0.7008,0.7006,0.7007,35
2026-03-19T12:35:00,0.7007,0.7011,0.7007,0.7009,21
2026-03-19T12:36:00,0.701,0.7011,0.7008,0.7009,7
2026-03-19T12:37:00,0.7009,0.7011,0.7007,0.7011,5
2026-03-19T12:38:00,0.701,0.7011,0.7007,0.7007,34
2026-03-19T12:39:00,0.7006,0.7008,0.7005,0.7006,16
2026-03-19T12:40:00,0.7005,0.7008,0.7005,0.7008,9
2026-03-19T12:41:00,0.701,0.701,0.701,0.701,2
2026-03-19T12:42:00,0.7009,0.7014,0.7009,0.7014,21
2026-03-19T12:43:00,0.7014,0.7016,0.7014,0.7016,26
2026-03-19T12:44:00,0.7014,0.7014,0.7011,0.7011,21
2026-03-19T12:45:00,0.701,0.701,0.701,0.701,1
2026-03-19T12:46:00,0.7014,0.7014,0.7014,0.7014,8
2026-03-19T12:47:00,0.701,0.701,0.7009,0.7009,4
2026-03-19T12:48:00,0.7009,0.7009,0.7008,0.7009,16
2026-03-19T12:49:00,0.7012,0.7014,0.7012,0.7014,20
2026-03-19T12:50:00,0.7015,0.7015,0.7011,0.7011,10
2026-03-19T12:51:00,0.7012,0.7012,0.7009,0.7009,10
2026-03-19T12:52:00,0.7011,0.7011,0.7008,0.7008,7
2026-03-19T12:53:00,0.7007,0.701,0.7007,0.701,12
2026-03-19T12:54:00,0.7011,0.7014,0.7011,0.7014,10
2026-03-19T12:55:00,0.7012,0.7012,0.7012,0.7012,1
2026-03-19T12:56:00,0.7011,0.7012,0.7011,0.7012,7
2026-03-19T12:57:00,0.7013,0.7013,0.7013,0.7013,3
2026-03-19T12:58:00,0.7014,0.7014,0.7012,0.7012,4
2026-03-19T12:59:00,0.7011,0.7012,0.7011,0.7011,4
2026-03-19T13:00:00,0.7011,0.7011,0.7009,0.701,28
2026-03-19T13:01:00,0.7008,0.7008,0.7002,0.7002,114
2026-03-19T13:02:00,0.7002,0.7005,0.7002,0.7005,4
2026-03-19T13:03:00,0.7005,0.7005,0.7002,0.7002,32
2026-03-19T13:04:00,0.7001,0.7003,0.7001,0.7002,51
2026-03-19T13:05:00,0.7004,0.7005,0.7002,0.7002,16
2026-03-19T13:06:00,0.7001,0.7002,0.6997,0.6998,82
2026-03-19T13:07:00,0.6998,0.6999,0.6995,0.6998,43
2026-03-19T13:08:00,0.6999,0.6999,0.6998,0.6998,17
2026-03-19T13:09:00,0.6997,0.6997,0.6993,0.6995,14
2026-03-19T13:10:00,0.6996,0.6996,0.6993,0.6993,14
2026-03-19T13:11:00,0.6992,0.6994,0.6992,0.6993,22
2026-03-19T13:12:00,0.6993,0.6993,0.6992,0.6992,5
2026-03-19T13:13:00,0.6993,0.6994,0.6993,0.6993,11
2026-03-19T13:14:00,0.6993,0.6993,0.6992,0.6992,20
2026-03-19T13:15:00,0.6993,0.6995,0.6992,0.6995,23
2026-03-19T13:16:00,0.6997,0.7,0.6996,0.7,20
2026-03-19T13:17:00,0.7002,0.7007,0.7002,0.7006,16
2026-03-19T13:18:00,0.7006,0.701,0.7003,0.701,29
2026-03-19T13:19:00,0.701,0.7012,0.701,0.7012,43
2026-03-19T13:20:00,0.7011,0.7016,0.7011,0.7015,49
2026-03-19T13:21:00,0.7014,0.7014,0.7009,0.7009,14
2026-03-19T13:22:00,0.7009,0.7011,0.7007,0.7008,37
2026-03-19T13:23:00,0.7008,0.7008,0.7003,0.7005,42
2026-03-19T13:24:00,0.7003,0.7004,0.7003,0.7003,11
2026-03-19T13:25:00,0.7003,0.7003,0.6999,0.7001,26
2026-03-19T13:26:00,0.7,0.7001,0.7,0.7001,8
2026-03-19T13:27:00,0.7001,0.7002,0.7001,0.7002,19
2026-03-19T13:28:00,0.7004,0.7006,0.7002,0.7003,19
2026-03-19T13:29:00,0.7006,0.7006,0.7006,0.7006,3
2026-03-19T13:30:00,0.7006,0.7006,0.7001,0.7001,65
2026-03-19T13:31:00,0.7005,0.7007,0.7005,0.7006,33
2026-03-19T13:32:00,0.7006,0.7008,0.7005,0.7005,7
2026-03-19T13:33:00,0.7001,0.7005,0.7,0.7005,16
2026-03-19T13:34:00,0.7006,0.7006,0.7003,0.7004,12
2026-03-19T13:35:00,0.7003,0.7006,0.7002,0.7006,12
2026-03-19T13:36:00,0.7003,0.7003,0.7001,0.7002,10
2026-03-19T13:37:00,0.7006,0.7007,0.7006,0.7007,7
2026-03-19T13:38:00,0.7009,0.7012,0.7008,0.7008,23
2026-03-19T13:39:00,0.7008,0.7008,0.7005,0.7005,7
2026-03-19T13:40:00,0.7003,0.7008,0.6999,0.6999,102
2026-03-19T13:41:00,0.6999,0.7005,0.6999,0.7005,45
2026-03-19T13:42:00,0.7003,0.7004,0.7001,0.7003,24
2026-03-19T13:43:00,0.7003,0.7005,0.7003,0.7005,7
2026-03-19T13:44:00,0.7005,0.7007,0.7005,0.7007,3
2026-03-19T13:45:00,0.7004,0.7004,0.7004,0.7004,8
2026-03-19T13:46:00,0.7005,0.7006,0.7005,0.7005,7
2026-03-19T13:47:00,0.7004,0.7006,0.7003,0.7006,7
2026-03-19T13:48:00,0.7006,0.7007,0.7006,0.7007,14
2026-03-19T13:49:00,0.7007,0.7013,0.7007,0.7012,46
2026-03-19T13:50:00,0.7014,0.702,0.7013,0.702,28
2026-03-19T13:51:00,0.702,0.702,0.7018,0.702,11
2026-03-19T13:52:00,0.702,0.702,0.7014,0.7018,21
2026-03-19T13:53:00,0.7018,0.7022,0.7018,0.7022,28
2026-03-19T13:54:00,0.7022,0.7031,0.7022,0.7031,103
2026-03-19T13:55:00,0.703,0.703,0.7026,0.7027,22
2026-03-19T13:56:00,0.7029,0.7033,0.7029,0.7033,119
2026-03-19T13:57:00,0.7033,0.7033,0.7028,0.7028,32
2026-03-19T13:58:00,0.7029,0.703,0.7029,0.7029,20
2026-03-19T13:59:00,0.7029,0.703,0.7029,0.703,5
2026-03-19T14:00:00,0.7031,0.7036,0.7029,0.7036,56
2026-03-19T14:01:00,0.7035,0.7041,0.7034,0.7039,118
2026-03-19T14:02:00,0.704,0.7045,0.7037,0.7042,72
2026-03-19T14:03:00,0.7043,0.7048,0.7042,0.7044,49
2026-03-19T14:04:00,0.7044,0.7044,0.7037,0.7038,40
2026-03-19T14:05:00,0.7039,0.7043,0.7039,0.7043,45
2026-03-19T14:06:00,0.7043,0.7046,0.704,0.7042,29
2026-03-19T14:07:00,0.7041,0.7044,0.7038,0.7038,21
2026-03-19T14:08:00,0.7039,0.7041,0.7038,0.7038,10
2026-03-19T14:09:00,0.7037,0.704,0.7036,0.7038,21
2026-03-19T14:10:00,0.7038,0.7038,0.7036,0.7036,8
2026-03-19T14:11:00,0.7041,0.7046,0.7041,0.7046,54
2026-03-19T14:12:00,0.7045,0.7045,0.7041,0.7041,14
2026-03-19T14:13:00,0.7039,0.7039,0.7034,0.7035,20
2026-03-19T14:14:00,0.7036,0.7036,0.7034,0.7034,45
2026-03-19T14:15:00,0.7036,0.7036,0.7031,0.7031,47
2026-03-19T14:16:00,0.7037,0.7037,0.7032,0.7032,6
2026-03-19T14:17:00,0.7034,0.7035,0.7034,0.7035,25
2026-03-19T14:18:00,0.7036,0.7036,0.7033,0.7033,18
2026-03-19T14:19:00,0.7031,0.7035,0.703,0.7035,62
2026-03-19T14:20:00,0.7036,0.7038,0.7035,0.7037,12
2026-03-19T14:21:00,0.7037,0.7037,0.7033,0.7033,21
2026-03-19T14:22:00,0.7036,0.7036,0.7036,0.7036,1
2026-03-19T14:23:00,0.7035,0.7036,0.7033,0.7033,173
2026-03-19T14:24:00,0.7032,0.7035,0.7032,0.7032,10
2026-03-19T14:25:00,0.7032,0.7034,0.7031,0.7031,11
2026-03-19T14:26:00,0.7031,0.7032,0.7029,0.7029,27
2026-03-19T14:27:00,0.7028,0.7028,0.7025,0.7026,23
2026-03-19T14:28:00,0.7024,0.7024,0.7024,0.7024,2
2026-03-19T14:29:00,0.7025,0.7025,0.7023,0.7024,9
2026-03-19T14:30:00,0.7024,0.7024,0.7022,0.7022,19
2026-03-19T14:31:00,0.7022,0.7024,0.7021,0.7024,6
2026-03-19T14:32:00,0.7026,0.7029,0.7026,0.7027,21
2026-03-19T14:33:00,0.7028,0.7029,0.7027,0.7028,20
2026-03-19T14:34:00,0.703,0.7035,0.703,0.7034,25
2026-03-19T14:35:00,0.7037,0.7039,0.7037,0.7039,20
2026-03-19T14:36:00,0.7037,0.704,0.7037,0.704,5
2026-03-19T14:37:00,0.7041,0.7042,0.7039,0.7039,43
2026-03-19T14:38:00,0.7037,0.7037,0.7034,0.7036,14
2026-03-19T14:39:00,0.7034,0.7037,0.7034,0.7036,5
2026-03-19T14:40:00,0.7036,0.7039,0.7036,0.7039,4
2026-03-19T14:41:00,0.704,0.7041,0.7039,0.704,30
2026-03-19T14:42:00,0.704,0.7041,0.7038,0.7038,9
2026-03-19T14:43:00,0.7037,0.7037,0.7037,0.7037,1
2026-03-19T14:44:00,0.7038,0.7039,0.7038,0.7038,10
2026-03-19T14:45:00,0.7039,0.704,0.7039,0.704,2
2026-03-19T14:46:00,0.7036,0.7039,0.7036,0.7038,10
2026-03-19T14:47:00,0.7037,0.7037,0.7035,0.7035,6
2026-03-19T14:48:00,0.7037,0.7037,0.7037,0.7037,18
2026-03-19T14:50:00,0.7038,0.7041,0.7037,0.7041,6
2026-03-19T14:51:00,0.704,0.7045,0.704,0.7045,13
2026-03-19T14:52:00,0.7044,0.7044,0.7042,0.7042,8
2026-03-19T14:53:00,0.7043,0.7044,0.7043,0.7044,10
2026-03-19T14:54:00,0.7041,0.7041,0.7041,0.7041,8
2026-03-19T14:55:00,0.7041,0.7041,0.7039,0.704,9
2026-03-19T14:56:00,0.7039,0.7039,0.7038,0.7038,5
2026-03-19T14:57:00,0.7038,0.7038,0.7037,0.7038,3
2026-03-19T14:59:00,0.7039,0.7039,0.7038,0.7039,7
2026-03-19T15:00:00,0.7037,0.7038,0.7033,0.7036,20
2026-03-19T15:01:00,0.7038,0.7039,0.7037,0.7037,7
2026-03-19T15:02:00,0.7036,0.7036,0.7036,0.7036,1
2026-03-19T15:03:00,0.704,0.704,0.7039,0.7039,8
2026-03-19T15:04:00,0.7037,0.7041,0.7037,0.7041,8
2026-03-19T15:05:00,0.7044,0.7051,0.7044,0.7051,57
2026-03-19T15:06:00,0.705,0.7052,0.705,0.7051,23
2026-03-19T15:07:00,0.705,0.7051,0.7045,0.7045,22
2026-03-19T15:08:00,0.7044,0.7046,0.7044,0.7045,16
2026-03-19T15:09:00,0.7045,0.7046,0.7045,0.7046,19
2026-03-19T15:10:00,0.7046,0.7046,0.7045,0.7045,3
2026-03-19T15:11:00,0.7046,0.7046,0.7046,0.7046,3
2026-03-19T15:12:00,0.7045,0.7046,0.7045,0.7046,4
2026-03-19T15:13:00,0.7046,0.7046,0.7046,0.7046,1
2026-03-19T15:14:00,0.705,0.705,0.7049,0.7049,11
2026-03-19T15:15:00,0.7049,0.7049,0.7048,0.7048,5
2026-03-19T15:16:00,0.7049,0.7049,0.7048,0.7048,10
2026-03-19T15:17:00,0.7046,0.7046,0.7043,0.7043,9
2026-03-19T15:18:00,0.7043,0.7043,0.7043,0.7043,5
2026-03-19T15:19:00,0.7042,0.7042,0.704,0.7042,9
2026-03-19T15:20:00,0.7041,0.7041,0.7038,0.7038,35
2026-03-19T15:21:00,0.7038,0.7038,0.7036,0.7036,10
2026-03-19T15:22:00,0.7035,0.7038,0.7035,0.7035,4
2026-03-19T15:23:00,0.7035,0.7035,0.7034,0.7034,4
2026-03-19T15:24:00,0.7037,0.7037,0.7033,0.7033,9
2026-03-19T15:25:00,0.7032,0.7033,0.7031,0.7031,19
2026-03-19T15:26:00,0.7033,0.7033,0.7031,0.7031,11
2026-03-19T15:27:00,0.7031,0.7032,0.7029,0.7032,33
2026-03-19T15:28:00,0.7033,0.7033,0.7032,0.7032,4
2026-03-19T15:29:00,0.7032,0.7032,0.7032,0.7032,1
2026-03-19T15:30:00,0.7031,0.7031,0.7029,0.7029,15
2026-03-19T15:31:00,0.7028,0.7028,0.7025,0.7026,33
2026-03-19T15:32:00,0.7026,0.7028,0.7026,0.7028,11
2026-03-19T15:33:00,0.7028,0.7028,0.7025,0.7025,9
2026-03-19T15:34:00,0.7026,0.7026,0.7023,0.7023,12
2026-03-19T15:35:00,0.7023,0.7023,0.7023,0.7023,9
2026-03-19T15:36:00,0.7023,0.7023,0.7021,0.7021,7
2026-03-19T15:37:00,0.7021,0.7021,0.702,0.702,7
2026-03-19T15:38:00,0.7021,0.7021,0.7021,0.7021,4
2026-03-19T15:39:00,0.7021,0.7023,0.702,0.7023,22
2026-03-19T15:40:00,0.7023,0.7023,0.7023,0.7023,1
2026-03-19T15:41:00,0.7025,0.7025,0.7023,0.7023,3
2026-03-19T15:42:00,0.7021,0.7022,0.7021,0.7022,18
2026-03-19T15:43:00,0.7024,0.7026,0.7023,0.7026,16
2026-03-19T15:44:00,0.7024,0.7024,0.7023,0.7023,11
2026-03-19T15:45:00,0.7021,0.7021,0.7018,0.702,27
2026-03-19T15:46:00,0.702,0.702,0.702,0.702,6
2026-03-19T15:47:00,0.7023,0.7023,0.7021,0.7021,13
2026-03-19T15:48:00,0.7021,0.7022,0.7021,0.7022,7
2026-03-19T15:49:00,0.7026,0.7028,0.7026,0.7028,7
2026-03-19T15:50:00,0.7029,0.7029,0.7026,0.7026,20
2026-03-19T15:51:00,0.7029,0.7029,0.7029,0.7029,1
2026-03-19T15:52:00,0.7027,0.7029,0.7026,0.7029,19
2026-03-19T15:53:00,0.7029,0.7031,0.7029,0.703,16
2026-03-19T15:55:00,0.7027,0.7028,0.7023,0.7027,52
2026-03-19T15:56:00,0.7029,0.7034,0.7029,0.7034,96
2026-03-19T15:57:00,0.703,0.703,0.7028,0.7029,51
2026-03-19T15:58:00,0.7027,0.7027,0.7027,0.7027,8
2026-03-19T15:59:00,0.7028,0.7028,0.7027,0.7027,25
2026-03-19T16:00:00,0.7026,0.7029,0.7026,0.7029,17
2026-03-19T16:01:00,0.7028,0.7029,0.7028,0.7029,11
2026-03-19T16:02:00,0.7029,0.7036,0.7029,0.7036,45
2026-03-19T16:03:00,0.7037,0.7039,0.7037,0.7039,8
2026-03-19T16:04:00,0.7039,0.7039,0.7034,0.7036,94
2026-03-19T16:05:00,0.7036,0.704,0.7036,0.704,5
2026-03-19T16:06:00,0.7038,0.7039,0.7035,0.7035,11
2026-03-19T16:07:00,0.7037,0.7043,0.7037,0.7043,20
2026-03-19T16:08:00,0.7043,0.7043,0.7041,0.7041,17
2026-03-19T16:09:00,0.7035,0.7035,0.7033,0.7033,68
2026-03-19T16:10:00,0.7038,0.704,0.7035,0.7036,83
2026-03-19T16:11:00,0.7041,0.7041,0.7039,0.7039,2
2026-03-19T16:12:00,0.7038,0.7041,0.7038,0.7039,17
2026-03-19T16:13:00,0.7036,0.7036,0.7036,0.7036,2
2026-03-19T16:14:00,0.7037,0.7037,0.7034,0.7036,49
2026-03-19T16:16:00,0.7034,0.7035,0.7034,0.7034,6
2026-03-19T16:17:00,0.7033,0.7033,0.7033,0.7033,3
2026-03-19T16:18:00,0.7037,0.7037,0.7036,0.7036,14
2026-03-19T16:19:00,0.7037,0.7037,0.7036,0.7036,6
2026-03-19T16:20:00,0.704,0.704,0.704,0.704,2
2026-03-19T16:21:00,0.7039,0.704,0.7039,0.704,9
2026-03-19T16:22:00,0.7039,0.7039,0.7039,0.7039,6
2026-03-19T16:23:00,0.7037,0.7037,0.7037,0.7037,1
2026-03-19T16:24:00,0.704,0.704,0.704,0.704,1
2026-03-19T16:25:00,0.7042,0.7042,0.7042,0.7042,2
2026-03-19T16:26:00,0.7041,0.7042,0.7041,0.7042,6
2026-03-19T16:27:00,0.7043,0.7043,0.7043,0.7043,1
2026-03-19T16:28:00,0.704,0.7041,0.704,0.7041,14
2026-03-19T16:29:00,0.7042,0.7042,0.7042,0.7042,2
2026-03-19T16:30:00,0.7042,0.7042,0.7042,0.7042,3
2026-03-19T16:31:00,0.7041,0.7041,0.7041,0.7041,1
2026-03-19T16:32:00,0.7041,0.7043,0.7041,0.7043,9
2026-03-19T16:33:00,0.7038,0.7038,0.7037,0.7038,5
2026-03-19T16:35:00,0.7039,0.7039,0.7035,0.7035,17
2026-03-19T16:36:00,0.7035,0.7037,0.7035,0.7037,7
2026-03-19T16:37:00,0.7037,0.7038,0.7037,0.7038,6
2026-03-19T16:38:00,0.7037,0.7039,0.7037,0.7039,4
2026-03-19T16:39:00,0.704,0.704,0.704,0.704,2
2026-03-19T16:40:00,0.7042,0.7042,0.7042,0.7042,10
2026-03-19T16:41:00,0.7043,0.7043,0.7043,0.7043,1
2026-03-19T16:42:00,0.7044,0.7046,0.7044,0.7044,45
2026-03-19T16:43:00,0.7042,0.7042,0.7042,0.7042,1
2026-03-19T16:44:00,0.7042,0.7042,0.7042,0.7042,4
2026-03-19T16:45:00,0.7042,0.7042,0.7038,0.7038,18
2026-03-19T16:46:00,0.7038,0.704,0.7038,0.704,16
2026-03-19T16:48:00,0.7038,0.7038,0.7038,0.7038,2
2026-03-19T16:49:00,0.7036,0.7036,0.7035,0.7036,12
2026-03-19T16:50:00,0.7035,0.7035,0.7035,0.7035,6
2026-03-19T16:51:00,0.7033,0.7033,0.703,0.703,22
2026-03-19T16:52:00,0.703,0.7031,0.703,0.7031,2
2026-03-19T16:53:00,0.7029,0.703,0.7029,0.703,7
2026-03-19T16:54:00,0.7031,0.7031,0.7031,0.7031,20
2026-03-19T16:56:00,0.7036,0.7037,0.7036,0.7037,2
2026-03-19T16:57:00,0.7039,0.7039,0.7039,0.7039,2
2026-03-19T16:58:00,0.7039,0.7039,0.7038,0.7038,5
2026-03-19T16:59:00,0.7038,0.7038,0.7038,0.7038,1
2026-03-19T17:00:00,0.704,0.7041,0.704,0.7041,2
2026-03-19T17:01:00,0.704,0.704,0.7039,0.7039,4
2026-03-19T17:02:00,0.7041,0.7041,0.7041,0.7041,4
2026-03-19T17:03:00,0.7041,0.7043,0.704,0.704,25
2026-03-19T17:04:00,0.704,0.704,0.704,0.704,1
2026-03-19T17:05:00,0.7038,0.7038,0.7036,0.7036,2
2026-03-19T17:06:00,0.7035,0.7037,0.7035,0.7036,34
2026-03-19T17:07:00,0.7034,0.7035,0.7034,0.7034,19
2026-03-19T17:08:00,0.7034,0.7034,0.7031,0.7031,3
2026-03-19T17:09:00,0.703,0.703,0.7029,0.7029,5
2026-03-19T17:10:00,0.7031,0.7031,0.703,0.703,7
2026-03-19T17:11:00,0.7033,0.7033,0.7033,0.7033,3
2026-03-19T17:12:00,0.7034,0.7034,0.7034,0.7034,1
2026-03-19T17:13:00,0.7033,0.7033,0.7033,0.7033,8
2026-03-19T17:14:00,0.7033,0.7033,0.7032,0.7032,4
2026-03-19T17:15:00,0.7035,0.7035,0.7034,0.7034,8
2026-03-19T17:16:00,0.7036,0.7036,0.7035,0.7036,5
2026-03-19T17:17:00,0.7037,0.7037,0.7037,0.7037,3
2026-03-19T17:18:00,0.7038,0.7041,0.7038,0.7041,4
2026-03-19T17:19:00,0.7041,0.7043,0.7041,0.7043,5
2026-03-19T17:20:00,0.7043,0.7043,0.7043,0.7043,5
2026-03-19T17:21:00,0.7044,0.7045,0.7044,0.7044,42
2026-03-19T17:22:00,0.7046,0.7047,0.7046,0.7046,14
2026-03-19T17:23:00,0.7046,0.7049,0.7046,0.7049,67
2026-03-19T17:24:00,0.7048,0.7048,0.7048,0.7048,101
2026-03-19T17:25:00,0.7048,0.7048,0.7048,0.7048,3
2026-03-19T17:26:00,0.7048,0.7051,0.7048,0.7051,25
2026-03-19T17:27:00,0.7051,0.7051,0.7049,0.705,36
2026-03-19T17:28:00,0.7051,0.7051,0.705,0.705,7
2026-03-19T17:29:00,0.705,0.705,0.7049,0.7049,8
2026-03-19T17:30:00,0.705,0.7051,0.7049,0.7051,19
2026-03-19T17:31:00,0.7051,0.7051,0.7051,0.7051,2
2026-03-19T17:32:00,0.705,0.705,0.705,0.705,2
2026-03-19T17:33:00,0.7046,0.7046,0.7044,0.7045,30
2026-03-19T17:34:00,0.7045,0.7045,0.7045,0.7045,4
2026-03-19T17:35:00,0.7045,0.7045,0.7044,0.7044,10
2026-03-19T17:36:00,0.7045,0.7046,0.7044,0.7046,17
2026-03-19T17:37:00,0.7048,0.7048,0.7046,0.7046,5
2026-03-19T17:39:00,0.7044,0.7044,0.7043,0.7043,2
2026-03-19T17:40:00,0.7042,0.7042,0.7041,0.7041,4
2026-03-19T17:41:00,0.7041,0.7043,0.7041,0.7043,10
2026-03-19T17:42:00,0.7043,0.7043,0.7043,0.7043,1
2026-03-19T17:43:00,0.7041,0.7043,0.7041,0.7043,4
2026-03-19T17:44:00,0.7042,0.7045,0.7042,0.7044,13
2026-03-19T17:45:00,0.7045,0.7047,0.7045,0.7047,79
2026-03-19T17:46:00,0.7046,0.7049,0.7046,0.7049,7
2026-03-19T17:47:00,0.7045,0.7045,0.7045,0.7045,1
2026-03-19T17:48:00,0.7046,0.7046,0.7046,0.7046,2
2026-03-19T17:49:00,0.7046,0.7046,0.7045,0.7045,9
2026-03-19T17:51:00,0.7048,0.7048,0.7048,0.7048,4
2026-03-19T17:52:00,0.7048,0.7052,0.7048,0.7052,18
2026-03-19T17:53:00,0.7051,0.7051,0.705,0.705,2
2026-03-19T17:54:00,0.705,0.705,0.705,0.705,8
2026-03-19T17:55:00,0.705,0.705,0.7049,0.7049,3
2026-03-19T17:56:00,0.7048,0.7048,0.7046,0.7046,10
2026-03-19T17:57:00,0.7048,0.7048,0.7047,0.7047,3
2026-03-19T18:00:00,0.7047,0.7047,0.7045,0.7045,3
2026-03-19T18:04:00,0.7043,0.7043,0.7043,0.7043,1
2026-03-19T18:05:00,0.7046,0.7046,0.7046,0.7046,3
2026-03-19T18:06:00,0.7046,0.7047,0.7046,0.7047,5
2026-03-19T18:07:00,0.7045,0.7045,0.7045,0.7045,1
2026-03-19T18:08:00,0.7049,0.7049,0.7048,0.7049,11
2026-03-19T18:10:00,0.7048,0.7048,0.7048,0.7048,5
2026-03-19T18:11:00,0.7049,0.7049,0.7046,0.7046,8
2026-03-19T18:12:00,0.705,0.705,0.705,0.705,3
2026-03-19T18:13:00,0.7051,0.7051,0.7051,0.7051,1
2026-03-19T18:14:00,0.7049,0.705,0.7049,0.705,4
2026-03-19T18:15:00,0.7051,0.7051,0.7051,0.7051,11
2026-03-19T18:18:00,0.7045,0.7045,0.7045,0.7045,20
2026-03-19T18:20:00,0.7048,0.7048,0.7048,0.7048,1
2026-03-19T18:22:00,0.7049,0.7049,0.7049,0.7049,1
2026-03-19T18:23:00,0.7049,0.7049,0.7049,0.7049,1
2026-03-19T18:25:00,0.7048,0.7048,0.7048,0.7048,7
2026-03-19T18:27:00,0.7049,0.7049,0.7049,0.7049,5
2026-03-19T18:28:00,0.7049,0.7049,0.7049,0.7049,1
2026-03-19T18:29:00,0.7047,0.7048,0.7047,0.7048,3
2026-03-19T18:30:00,0.7047,0.7047,0.7046,0.7046,9
2026-03-19T18:32:00,0.7047,0.7047,0.7047,0.7047,1
2026-03-19T18:33:00,0.7047,0.7047,0.7047,0.7047,1
2026-03-19T18:35:00,0.7048,0.7048,0.7048,0.7048,3
2026-03-19T18:36:00,0.7048,0.7048,0.7048,0.7048,12
2026-03-19T18:37:00,0.7046,0.7046,0.7046,0.7046,13
2026-03-19T18:38:00,0.7048,0.7048,0.7048,0.7048,3
2026-03-19T18:39:00,0.7047,0.7047,0.7047,0.7047,3
2026-03-19T18:40:00,0.7045,0.7045,0.7045,0.7045,6
2026-03-19T18:41:00,0.7045,0.7045,0.7045,0.7045,3
2026-03-19T18:42:00,0.7045,0.7046,0.7045,0.7046,3
2026-03-19T18:43:00,0.7046,0.7046,0.7046,0.7046,4
2026-03-19T18:44:00,0.7046,0.7046,0.7046,0.7046,1
2026-03-19T18:45:00,0.7045,0.7046,0.7045,0.7046,2
2026-03-19T18:46:00,0.7047,0.7047,0.7047,0.7047,3
2026-03-19T18:47:00,0.7048,0.7048,0.7048,0.7048,2
2026-03-19T18:48:00,0.7048,0.7048,0.7048,0.7048,3
2026-03-19T18:51:00,0.7047,0.7049,0.7047,0.7049,9
2026-03-19T18:52:00,0.705,0.7051,0.705,0.7051,13
2026-03-19T18:53:00,0.7051,0.7052,0.7051,0.7052,9
2026-03-19T18:54:00,0.7052,0.7054,0.7052,0.7054,43
2026-03-19T18:55:00,0.7054,0.7058,0.7054,0.7058,91
2026-03-19T18:56:00,0.7057,0.706,0.7057,0.7059,62
2026-03-19T18:57:00,0.7061,0.7064,0.7061,0.7063,14
2026-03-19T18:58:00,0.7063,0.7066,0.7063,0.7066,68
2026-03-19T18:59:00,0.7066,0.7066,0.7065,0.7066,55
2026-03-19T19:00:00,0.7067,0.7071,0.7067,0.7071,59
2026-03-19T19:01:00,0.7072,0.7077,0.7072,0.7077,25
2026-03-19T19:02:00,0.7078,0.7081,0.7078,0.7081,71
2026-03-19T19:03:00,0.7077,0.708,0.7076,0.7078,35
2026-03-19T19:04:00,0.7078,0.7084,0.7078,0.7082,85
2026-03-19T19:05:00,0.7083,0.7089,0.7083,0.7088,88
2026-03-19T19:06:00,0.7086,0.7095,0.7086,0.7094,220
2026-03-19T19:07:00,0.7094,0.7096,0.709,0.709,39
2026-03-19T19:08:00,0.7089,0.71,0.7088,0.7099,145
2026-03-19T19:09:00,0.7095,0.7097,0.709,0.7093,58
2026-03-19T19:10:00,0.7091,0.7098,0.7087,0.7098,80
2026-03-19T19:11:00,0.7097,0.7101,0.7094,0.7098,42
2026-03-19T19:12:00,0.7095,0.7097,0.7088,0.7089,34
2026-03-19T19:13:00,0.709,0.7091,0.7088,0.7088,23
2026-03-19T19:14:00,0.7092,0.7095,0.7091,0.7093,17
2026-03-19T19:15:00,0.7094,0.7097,0.7093,0.7095,14
2026-03-19T19:16:00,0.7095,0.7095,0.7092,0.7094,62
2026-03-19T19:17:00,0.7095,0.7096,0.7095,0.7095,12
2026-03-19T19:18:00,0.7094,0.7094,0.709,0.7092,16
2026-03-19T19:19:00,0.709,0.7093,0.709,0.7093,8
2026-03-19T19:20:00,0.709,0.709,0.7088,0.7088,11
2026-03-19T19:21:00,0.7087,0.7089,0.7087,0.7089,39
2026-03-19T19:22:00,0.7089,0.709,0.7087,0.7089,20
2026-03-19T19:23:00,0.7086,0.7086,0.7084,0.7084,47
2026-03-19T19:24:00,0.7084,0.7086,0.7084,0.7085,25
2026-03-19T19:25:00,0.7085,0.7086,0.7079,0.7079,25
2026-03-19T19:26:00,0.7079,0.7081,0.7078,0.708,43
2026-03-19T19:27:00,0.708,0.708,0.708,0.708,5
2026-03-19T19:28:00,0.7078,0.7078,0.7074,0.7076,22
2026-03-19T19:29:00,0.7077,0.7078,0.7077,0.7078,12
2026-03-19T19:30:00,0.7079,0.7079,0.7075,0.7077,19
2026-03-19T19:31:00,0.708,0.7081,0.7079,0.708,28
2026-03-19T19:32:00,0.708,0.708,0.7076,0.7077,42
2026-03-19T19:33:00,0.7076,0.7083,0.7076,0.7083,13
2026-03-19T19:34:00,0.7084,0.7085,0.7079,0.708,28
2026-03-19T19:35:00,0.7081,0.7081,0.7074,0.7074,38
2026-03-19T19:36:00,0.7075,0.7075,0.7075,0.7075,1
2026-03-19T19:37:00,0.7075,0.7077,0.7075,0.7077,12
2026-03-19T19:38:00,0.7077,0.7078,0.7076,0.7077,26
2026-03-19T19:39:00,0.7078,0.708,0.7076,0.708,24
2026-03-19T19:40:00,0.7081,0.7081,0.708,0.7081,17
2026-03-19T19:41:00,0.708,0.708,0.7079,0.7079,2
2026-03-19T19:42:00,0.708,0.708,0.708,0.708,1
2026-03-19T19:43:00,0.7081,0.7081,0.7079,0.7079,11
2026-03-19T19:44:00,0.7079,0.7079,0.7077,0.7077,8
2026-03-19T19:45:00,0.7076,0.7077,0.7076,0.7077,7
2026-03-19T19:46:00,0.7077,0.7077,0.7075,0.7075,16
2026-03-19T19:47:00,0.7076,0.7077,0.7076,0.7077,3
2026-03-19T19:48:00,0.7076,0.7076,0.7075,0.7075,3
2026-03-19T19:50:00,0.7075,0.7075,0.7075,0.7075,7
2026-03-19T19:51:00,0.7074,0.7074,0.7072,0.7072,7
2026-03-19T19:52:00,0.7072,0.7073,0.7072,0.7073,3
2026-03-19T19:53:00,0.7074,0.7074,0.7073,0.7073,4
2026-03-19T19:54:00,0.7074,0.7075,0.7074,0.7075,2
2026-03-19T19:55:00,0.7076,0.7076,0.7073,0.7076,9
2026-03-19T19:56:00,0.7075,0.7075,0.7075,0.7075,1
2026-03-19T19:57:00,0.7077,0.7078,0.7077,0.7078,2
2026-03-19T19:58:00,0.7078,0.7078,0.7078,0.7078,3
2026-03-19T19:59:00,0.7076,0.7076,0.7076,0.7076,5
2026-03-19T20:00:00,0.7075,0.7076,0.7075,0.7076,8
2026-03-19T20:02:00,0.7076,0.7076,0.7075,0.7076,6
2026-03-19T20:06:00,0.7078,0.7079,0.7078,0.7078,8
2026-03-19T20:07:00,0.7078,0.7078,0.7077,0.7077,8
2026-03-19T20:08:00,0.7078,0.7078,0.7078,0.7078,1
2026-03-19T20:09:00,0.7076,0.7076,0.7076,0.7076,1
2026-03-19T20:10:00,0.7074,0.7074,0.7074,0.7074,11
2026-03-19T20:11:00,0.7074,0.7074,0.7073,0.7074,5
2026-03-19T20:12:00,0.7075,0.7075,0.7075,0.7075,3
2026-03-19T20:14:00,0.7076,0.7076,0.7076,0.7076,3
2026-03-19T20:17:00,0.7073,0.7073,0.7073,0.7073,26
2026-03-19T20:18:00,0.7075,0.7075,0.7075,0.7075,13
2026-03-19T20:19:00,0.7075,0.7075,0.7075,0.7075,1
2026-03-19T20:20:00,0.7075,0.7075,0.7075,0.7075,2
2026-03-19T20:21:00,0.7074,0.7075,0.7074,0.7075,37
2026-03-19T20:23:00,0.7076,0.7076,0.7076,0.7076,2
2026-03-19T20:24:00,0.7076,0.7077,0.7076,0.7077,14
2026-03-19T20:25:00,0.7077,0.7078,0.7077,0.7077,12
2026-03-19T20:26:00,0.7077,0.7077,0.7077,0.7077,2
2026-03-19T20:27:00,0.7077,0.7077,0.7077,0.7077,3
2026-03-19T20:28:00,0.7077,0.7077,0.7077,0.7077,4
2026-03-19T20:30:00,0.7077,0.7077,0.7077,0.7077,4
2026-03-19T20:31:00,0.7077,0.7078,0.7076,0.7076,15
2026-03-19T20:32:00,0.7077,0.7077,0.7077,0.7077,2
2026-03-19T20:33:00,0.7076,0.7076,0.7076,0.7076,9
2026-03-19T20:34:00,0.7076,0.7076,0.7076,0.7076,4
2026-03-19T20:35:00,0.7076,0.7079,0.7076,0.7079,59
2026-03-19T20:36:00,0.7078,0.7078,0.7077,0.7077,32
2026-03-19T20:37:00,0.7077,0.7077,0.7077,0.7077,5
2026-03-19T20:38:00,0.7077,0.7078,0.7077,0.7078,6
2026-03-19T20:39:00,0.7078,0.7078,0.7078,0.7078,6
2026-03-19T20:40:00,0.7077,0.7077,0.7077,0.7077,5
2026-03-19T20:41:00,0.7077,0.7077,0.7077,0.7077,4
2026-03-19T20:42:00,0.7077,0.7077,0.7077,0.7077,6
2026-03-19T20:44:00,0.7078,0.7078,0.7077,0.7078,5
2026-03-19T20:45:00,0.7077,0.7077,0.7077,0.7077,8
2026-03-19T20:46:00,0.7076,0.7078,0.7076,0.7078,6
2026-03-19T20:47:00,0.7078,0.7078,0.7078,0.7078,4
2026-03-19T20:48:00,0.7077,0.7077,0.7077,0.7077,2
2026-03-19T20:49:00,0.7077,0.7077,0.7077,0.7077,4
2026-03-19T20:50:00,0.7075,0.7075,0.7075,0.7075,5
2026-03-19T20:51:00,0.7075,0.7077,0.7075,0.7076,6
2026-03-19T20:52:00,0.7076,0.7077,0.7076,0.7077,2
2026-03-19T20:54:00,0.7077,0.7078,0.7077,0.7078,7
2026-03-19T20:56:00,0.7078,0.7078,0.7078,0.7078,1
2026-03-19T20:57:00,0.7079,0.7079,0.7079,0.7079,1
2026-03-19T20:58:00,0.708,0.708,0.7079,0.7079,2
2026-03-19T22:00:00,0.7081,0.7082,0.708,0.7082,58
2026-03-19T22:01:00,0.7081,0.7082,0.7081,0.7082,10
2026-03-19T22:02:00,0.7083,0.7084,0.7083,0.7083,16
2026-03-19T22:03:00,0.7083,0.7083,0.7083,0.7083,3
2026-03-19T22:05:00,0.7082,0.7083,0.7082,0.7083,5
2026-03-19T22:06:00,0.7082,0.7082,0.7082,0.7082,4
2026-03-19T22:08:00,0.7082,0.7082,0.7082,0.7082,12
2026-03-19T22:09:00,0.7083,0.7083,0.7083,0.7083,2
2026-03-19T22:10:00,0.7083,0.7083,0.7082,0.7082,20
2026-03-19T22:12:00,0.7081,0.7082,0.7081,0.7082,8
2026-03-19T22:13:00,0.7082,0.7082,0.7082,0.7082,2
2026-03-19T22:14:00,0.7083,0.7083,0.7083,0.7083,1
2026-03-19T22:15:00,0.7083,0.7083,0.7083,0.7083,4
2026-03-19T22:16:00,0.7083,0.7083,0.7083,0.7083,1
2026-03-19T22:17:00,0.7082,0.7082,0.7081,0.7081,27
2026-03-19T22:19:00,0.7082,0.7083,0.7082,0.7083,3
2026-03-19T22:20:00,0.7083,0.7083,0.7082,0.7082,2
2026-03-19T22:21:00,0.7083,0.7084,0.7083,0.7084,2
2026-03-19T22:22:00,0.7084,0.7084,0.7083,0.7083,2
2026-03-19T22:23:00,0.7083,0.7083,0.7081,0.7083,10
2026-03-19T22:24:00,0.7081,0.7081,0.7081,0.7081,2
2026-03-19T22:25:00,0.7081,0.7081,0.7081,0.7081,6
2026-03-19T22:26:00,0.708,0.708,0.7079,0.708,28
2026-03-19T22:27:00,0.7081,0.7081,0.7081,0.7081,10
2026-03-19T22:29:00,0.7081,0.7081,0.708,0.7081,12
2026-03-19T22:30:00,0.708,0.708,0.7079,0.7079,14
2026-03-19T22:31:00,0.7078,0.7078,0.7078,0.7078,1
2026-03-19T22:32:00,0.7078,0.7078,0.7078,0.7078,22
2026-03-19T22:33:00,0.7079,0.7079,0.7079,0.7079,4
2026-03-19T22:34:00,0.7078,0.7078,0.7077,0.7077,11
2026-03-19T22:35:00,0.7077,0.7077,0.7077,0.7077,5
2026-03-19T22:36:00,0.7076,0.7077,0.7076,0.7077,4
2026-03-19T22:37:00,0.7077,0.7077,0.7077,0.7077,10
2026-03-19T22:38:00,0.7077,0.7077,0.7077,0.7077,3
2026-03-19T22:39:00,0.7077,0.7077,0.7077,0.7077,9
2026-03-19T22:40:00,0.7077,0.7077,0.7076,0.7076,2
2026-03-19T22:42:00,0.7076,0.7077,0.7076,0.7077,7
2026-03-19T22:43:00,0.7078,0.7078,0.7078,0.7078,3
2026-03-19T22:44:00,0.7077,0.7077,0.7076,0.7076,11
2026-03-19T22:46:00,0.7075,0.7076,0.7075,0.7076,49
2026-03-19T22:47:00,0.7076,0.7076,0.7076,0.7076,1
2026-03-19T22:49:00,0.7075,0.7075,0.7075,0.7075,1
2026-03-19T22:50:00,0.7073,0.7073,0.7073,0.7073,8
2026-03-19T22:51:00,0.7074,0.7074,0.7073,0.7074,3
2026-03-19T22:52:00,0.7075,0.7075,0.7074,0.7074,3
2026-03-19T22:53:00,0.7074,0.7074,0.7073,0.7073,4
2026-03-19T22:54:00,0.7074,0.7074,0.7074,0.7074,15
2026-03-19T22:55:00,0.7075,0.7076,0.7075,0.7075,5
2026-03-19T22:56:00,0.7075,0.7075,0.7075,0.7075,1
2026-03-19T22:57:00,0.7075,0.7075,0.7075,0.7075,1
2026-03-19T22:58:00,0.7075,0.7075,0.7075,0.7075,3
2026-03-19T22:59:00,0.7074,0.7074,0.7074,0.7074,7
2026-03-19T23:00:00,0.7076,0.7076,0.7076,0.7076,4
2026-03-19T23:01:00,0.7077,0.7078,0.7076,0.7076,21
2026-03-19T23:02:00,0.7076,0.7076,0.7076,0.7076,1
2026-03-19T23:03:00,0.7077,0.7077,0.7077,0.7077,1
2026-03-19T23:04:00,0.7078,0.7078,0.7077,0.7077,6
2026-03-19T23:06:00,0.7077,0.7077,0.7076,0.7076,9
2026-03-19T23:07:00,0.7076,0.708,0.7076,0.708,9
2026-03-19T23:08:00,0.708,0.708,0.7079,0.7079,23
2026-03-19T23:09:00,0.7079,0.708,0.7079,0.708,9
2026-03-19T23:10:00,0.708,0.708,0.708,0.708,4
2026-03-19T23:11:00,0.7078,0.7079,0.7078,0.7078,25
2026-03-19T23:12:00,0.7079,0.7079,0.7077,0.7077,2
2026-03-19T23:13:00,0.7078,0.7078,0.7078,0.7078,1
2026-03-19T23:15:00,0.7077,0.7077,0.7077,0.7077,9
2026-03-19T23:16:00,0.7077,0.7077,0.7077,0.7077,1
2026-03-19T23:17:00,0.7077,0.7077,0.7077,0.7077,2
2026-03-19T23:18:00,0.7077,0.7077,0.7076,0.7076,6
2026-03-19T23:19:00,0.7077,0.7077,0.7077,0.7077,14
2026-03-19T23:21:00,0.7078,0.7078,0.7077,0.7077,7
2026-03-19T23:24:00,0.7075,0.7075,0.7074,0.7074,8
2026-03-19T23:25:00,0.7074,0.7075,0.7074,0.7075,5
2026-03-19T23:26:00,0.7075,0.7076,0.7075,0.7076,2
2026-03-19T23:30:00,0.7076,0.7076,0.7076,0.7076,4
2026-03-19T23:31:00,0.7075,0.7075,0.7075,0.7075,2
2026-03-19T23:33:00,0.7075,0.7075,0.7074,0.7074,8
2026-03-19T23:34:00,0.7073,0.7073,0.7073,0.7073,5
2026-03-19T23:35:00,0.7073,0.7073,0.7073,0.7073,1
2026-03-19T23:36:00,0.7074,0.7074,0.7073,0.7073,6
2026-03-19T23:37:00,0.7073,0.7073,0.7071,0.7071,34
2026-03-19T23:38:00,0.7072,0.7072,0.7072,0.7072,3
2026-03-19T23:39:00,0.7071,0.7071,0.7071,0.7071,5
2026-03-19T23:41:00,0.7071,0.7072,0.7071,0.7072,6
2026-03-19T23:42:00,0.7072,0.7072,0.7072,0.7072,4
2026-03-19T23:44:00,0.7072,0.7072,0.7072,0.7072,6
2026-03-19T23:46:00,0.7073,0.7073,0.7073,0.7073,4
2026-03-19T23:48:00,0.7072,0.7072,0.7072,0.7072,4
2026-03-19T23:49:00,0.7071,0.7071,0.707,0.7071,12
2026-03-19T23:52:00,0.707,0.707,0.7069,0.707,16
2026-03-19T23:55:00,0.7073,0.7073,0.7073,0.7073,25
2026-03-19T23:56:00,0.7073,0.7075,0.7073,0.7075,14
2026-03-19T23:57:00,0.7073,0.7073,0.7073,0.7073,11
2026-03-19T23:58:00,0.7072,0.7072,0.7072,0.7072,2
2026-03-19T23:59:00,0.7071,0.7071,0.7071,0.7071,11
2026-03-20T00:00:00,0.7071,0.7071,0.7071,0.7071,2
2026-03-20T00:02:00,0.7073,0.7073,0.7073,0.7073,15
2026-03-20T00:03:00,0.7073,0.7073,0.7073,0.7073,1
2026-03-20T00:04:00,0.7071,0.7071,0.7068,0.7068,19
2026-03-20T00:05:00,0.7068,0.7069,0.7068,0.7069,7
2026-03-20T00:06:00,0.7071,0.7071,0.7071,0.7071,1
2026-03-20T00:07:00,0.7072,0.7072,0.7072,0.7072,15
2026-03-20T00:08:00,0.707,0.7073,0.707,0.7073,6
2026-03-20T00:09:00,0.7072,0.7072,0.7072,0.7072,1
2026-03-20T00:10:00,0.7073,0.7074,0.7073,0.7074,6
2026-03-20T00:11:00,0.7074,0.7074,0.7074,0.7074,2
2026-03-20T00:12:00,0.7074,0.7074,0.7074,0.7074,1
2026-03-20T00:13:00,0.7073,0.7073,0.7073,0.7073,1
2026-03-20T00:14:00,0.7073,0.7073,0.7073,0.7073,1
2026-03-20T00:15:00,0.7073,0.7073,0.7073,0.7073,5
2026-03-20T00:16:00,0.7074,0.7074,0.7074,0.7074,2
2026-03-20T00:17:00,0.7075,0.7076,0.7074,0.7074,10
2026-03-20T00:19:00,0.7072,0.7072,0.7072,0.7072,3
2026-03-20T00:20:00,0.7069,0.7069,0.7069,0.7069,2
2026-03-20T00:22:00,0.7069,0.7069,0.7068,0.7068,7
2026-03-20T00:23:00,0.7067,0.7067,0.7066,0.7066,6
2026-03-20T00:24:00,0.7066,0.7068,0.7066,0.7068,28
2026-03-20T00:25:00,0.7068,0.7068,0.7068,0.7068,3
2026-03-20T00:26:00,0.7068,0.7068,0.7068,0.7068,11
2026-03-20T00:27:00,0.7069,0.7069,0.7068,0.7068,2
2026-03-20T00:28:00,0.7067,0.7067,0.7067,0.7067,1
2026-03-20T00:29:00,0.7068,0.7068,0.7068,0.7068,1
2026-03-20T00:30:00,0.7067,0.7067,0.7067,0.7067,10
2026-03-20T00:31:00,0.7067,0.7067,0.7067,0.7067,2
2026-03-20T00:32:00,0.7067,0.7067,0.7067,0.7067,6
2026-03-20T00:33:00,0.7066,0.7066,0.7065,0.7065,5
2026-03-20T00:34:00,0.7065,0.7065,0.7065,0.7065,12
2026-03-20T00:35:00,0.7067,0.7068,0.7067,0.7068,8
2026-03-20T00:36:00,0.7067,0.7067,0.7067,0.7067,1
2026-03-20T00:37:00,0.7067,0.7067,0.7067,0.7067,2
2026-03-20T00:40:00,0.707,0.7071,0.707,0.707,7
2026-03-20T00:41:00,0.707,0.707,0.707,0.707,5
2026-03-20T00:42:00,0.7071,0.7071,0.7071,0.7071,5
2026-03-20T00:45:00,0.7072,0.7072,0.7072,0.7072,3
2026-03-20T00:46:00,0.7071,0.7071,0.7071,0.7071,4
2026-03-20T00:47:00,0.7071,0.7071,0.707,0.707,6
2026-03-20T00:48:00,0.7072,0.7072,0.7072,0.7072,9
2026-03-20T00:49:00,0.7072,0.7072,0.7072,0.7072,1
2026-03-20T00:50:00,0.7071,0.7071,0.7071,0.7071,3
2026-03-20T00:51:00,0.7073,0.7073,0.7072,0.7072,13
2026-03-20T00:52:00,0.7071,0.7071,0.7071,0.7071,1
2026-03-20T00:54:00,0.7072,0.7072,0.7071,0.7071,10
2026-03-20T00:56:00,0.7071,0.7071,0.7071,0.7071,2
2026-03-20T00:57:00,0.7071,0.7071,0.7071,0.7071,1
2026-03-20T00:58:00,0.7072,0.7072,0.7072,0.7072,1
2026-03-20T00:59:00,0.7073,0.7074,0.7073,0.7074,14
2026-03-20T01:00:00,0.7074,0.7081,0.7073,0.7081,236
2026-03-20T01:01:00,0.708,0.7081,0.708,0.7081,13
2026-03-20T01:02:00,0.708,0.7081,0.708,0.7081,9
2026-03-20T01:03:00,0.7081,0.7082,0.708,0.7082,6
2026-03-20T01:04:00,0.708,0.7081,0.708,0.7081,11
2026-03-20T01:05:00,0.7082,0.7082,0.7081,0.7081,35
2026-03-20T01:06:00,0.7081,0.7083,0.7081,0.7082,8
2026-03-20T01:07:00,0.7082,0.7083,0.7082,0.7083,14
2026-03-20T01:08:00,0.7084,0.7084,0.7083,0.7083,4
2026-03-20T01:09:00,0.7083,0.7083,0.7083,0.7083,14
2026-03-20T01:10:00,0.7083,0.7083,0.7082,0.7082,2
2026-03-20T01:11:00,0.7082,0.7082,0.708,0.708,6
2026-03-20T01:12:00,0.7079,0.708,0.7078,0.708,13
2026-03-20T01:13:00,0.7081,0.7082,0.7081,0.7082,6
2026-03-20T01:15:00,0.7081,0.7081,0.7081,0.7081,8
2026-03-20T01:16:00,0.7082,0.7082,0.7081,0.7081,4
2026-03-20T01:17:00,0.7081,0.7081,0.7081,0.7081,1
2026-03-20T01:18:00,0.708,0.708,0.708,0.708,3
2026-03-20T01:19:00,0.7078,0.7078,0.7078,0.7078,1
2026-03-20T01:20:00,0.7077,0.7077,0.7075,0.7075,12
2026-03-20T01:21:00,0.7076,0.7076,0.7076,0.7076,3
2026-03-20T01:22:00,0.7077,0.7078,0.7077,0.7078,13
2026-03-20T01:23:00,0.7078,0.7078,0.7075,0.7075,14
2026-03-20T01:25:00,0.7077,0.7078,0.7077,0.7078,8
2026-03-20T01:26:00,0.7077,0.7079,0.7077,0.7078,4
2026-03-20T01:27:00,0.7078,0.7079,0.7077,0.7078,26
2026-03-20T01:28:00,0.7079,0.7079,0.7077,0.7077,8
2026-03-20T01:29:00,0.7077,0.7077,0.7077,0.7077,6
2026-03-20T01:30:00,0.708,0.7081,0.708,0.708,16
2026-03-20T01:31:00,0.7079,0.7079,0.7079,0.7079,17
2026-03-20T01:32:00,0.7079,0.7079,0.7079,0.7079,2
2026-03-20T01:33:00,0.7079,0.708,0.7079,0.708,6
2026-03-20T01:35:00,0.7081,0.7081,0.708,0.708,5
2026-03-20T01:36:00,0.7082,0.7082,0.7081,0.7081,9
2026-03-20T01:37:00,0.7081,0.7082,0.7081,0.7082,15
2026-03-20T01:38:00,0.7082,0.7082,0.7082,0.7082,10
2026-03-20T01:39:00,0.708,0.708,0.7079,0.708,15
2026-03-20T01:40:00,0.7082,0.7082,0.7082,0.7082,10
2026-03-20T01:41:00,0.7081,0.7081,0.7081,0.7081,1
2026-03-20T01:42:00,0.7081,0.7081,0.7079,0.7079,8
2026-03-20T01:43:00,0.7079,0.7079,0.7079,0.7079,4
2026-03-20T01:44:00,0.7078,0.7078,0.7078,0.7078,1
2026-03-20T01:45:00,0.7081,0.7082,0.7081,0.7081,6
2026-03-20T01:46:00,0.7081,0.7081,0.7081,0.7081,4
2026-03-20T01:49:00,0.7079,0.7079,0.7079,0.7079,2
2026-03-20T01:50:00,0.7078,0.7078,0.7077,0.7077,15
2026-03-20T01:51:00,0.7077,0.7078,0.7077,0.7078,4
2026-03-20T01:52:00,0.7077,0.7077,0.7077,0.7077,1
2026-03-20T01:56:00,0.7074,0.7074,0.7074,0.7074,1
2026-03-20T01:57:00,0.7072,0.7073,0.7071,0.7073,35
2026-03-20T01:58:00,0.7074,0.7074,0.7074,0.7074,2
2026-03-20T01:59:00,0.7075,0.7075,0.7075,0.7075,2
2026-03-20T02:00:00,0.7076,0.7076,0.7076,0.7076,4
2026-03-20T02:01:00,0.7074,0.7074,0.7073,0.7073,2
2026-03-20T02:04:00,0.7073,0.7073,0.7073,0.7073,2
2026-03-20T02:05:00,0.7073,0.7073,0.7073,0.7073,2
2026-03-20T02:06:00,0.7075,0.7075,0.7075,0.7075,1
2026-03-20T02:07:00,0.7075,0.7075,0.7075,0.7075,1
2026-03-20T02:08:00,0.7075,0.7075,0.7075,0.7075,1
2026-03-20T02:10:00,0.7075,0.7075,0.7075,0.7075,2
2026-03-20T02:13:00,0.7075,0.7075,0.7075,0.7075,5
2026-03-20T02:14:00,0.7075,0.7075,0.7075,0.7075,5
2026-03-20T02:16:00,0.7074,0.7074,0.7074,0.7074,2
2026-03-20T02:18:00,0.7075,0.7076,0.7075,0.7076,3
2026-03-20T02:21:00,0.7075,0.7075,0.7075,0.7075,4
2026-03-20T02:27:00,0.7075,0.7075,0.7075,0.7075,1
2026-03-20T02:29:00,0.7076,0.7076,0.7076,0.7076,1
2026-03-20T02:30:00,0.7075,0.7075,0.7075,0.7075,1
2026-03-20T02:34:00,0.7077,0.7077,0.7077,0.7077,1
2026-03-20T02:35:00,0.7078,0.7079,0.7078,0.7079,6
2026-03-20T02:37:00,0.7076,0.7076,0.7076,0.7076,7
2026-03-20T02:38:00,0.7075,0.7075,0.7075,0.7075,3
2026-03-20T02:40:00,0.7076,0.7076,0.7076,0.7076,1
2026-03-20T02:43:00,0.7076,0.7076,0.7076,0.7076,1
2026-03-20T02:46:00,0.7076,0.7076,0.7076,0.7076,1
2026-03-20T02:48:00,0.7077,0.7077,0.7077,0.7077,1
2026-03-20T02:49:00,0.7078,0.7078,0.7078,0.7078,1
2026-03-20T02:50:00,0.7078,0.7078,0.7078,0.7078,1
2026-03-20T02:51:00,0.7078,0.7078,0.7078,0.7078,1
2026-03-20T02:53:00,0.7079,0.7079,0.7079,0.7079,3
2026-03-20T02:55:00,0.7081,0.7081,0.708,0.708,21
2026-03-20T02:57:00,0.708,0.7082,0.708,0.7082,10
2026-03-20T03:01:00,0.7079,0.7079,0.7079,0.7079,1
2026-03-20T03:02:00,0.7077,0.7077,0.7077,0.7077,3
2026-03-20T03:03:00,0.7077,0.7078,0.7077,0.7078,3
2026-03-20T03:06:00,0.7077,0.7077,0.7077,0.7077,1
2026-03-20T03:07:00,0.7077,0.7077,0.7077,0.7077,1
2026-03-20T03:08:00,0.7077,0.7078,0.7077,0.7078,12
2026-03-20T03:12:00,0.7076,0.7076,0.7076,0.7076,4
2026-03-20T03:15:00,0.7076,0.7076,0.7076,0.7076,1
2026-03-20T03:16:00,0.7076,0.7077,0.7076,0.7077,2
2026-03-20T03:18:00,0.7077,0.7077,0.7077,0.7077,11
2026-03-20T03:20:00,0.7077,0.7077,0.7077,0.7077,6
2026-03-20T03:21:00,0.7078,0.7078,0.7078,0.7078,2
2026-03-20T03:22:00,0.7078,0.7078,0.7078,0.7078,2
2026-03-20T03:24:00,0.7077,0.7077,0.7077,0.7077,3
2026-03-20T03:25:00,0.7076,0.7077,0.7076,0.7077,9
2026-03-20T03:26:00,0.7076,0.7076,0.7073,0.7073,19
2026-03-20T03:27:00,0.7074,0.7074,0.7073,0.7073,7
2026-03-20T03:28:00,0.7074,0.7074,0.7074,0.7074,5
2026-03-20T03:32:00,0.7076,0.7076,0.7076,0.7076,3
2026-03-20T03:33:00,0.7075,0.7075,0.7075,0.7075,1
2026-03-20T03:35:00,0.7076,0.7076,0.7076,0.7076,4
2026-03-20T03:36:00,0.7074,0.7074,0.7074,0.7074,2
2026-03-20T03:38:00,0.7075,0.7075,0.7075,0.7075,1
2026-03-20T03:39:00,0.7073,0.7073,0.7073,0.7073,3
2026-03-20T03:44:00,0.7073,0.7073,0.7073,0.7073,1
2026-03-20T03:47:00,0.7074,0.7074,0.7073,0.7073,4
2026-03-20T03:48:00,0.7074,0.7074,0.7074,0.7074,3
2026-03-20T03:49:00,0.7073,0.7073,0.7073,0.7073,1
2026-03-20T03:50:00,0.7073,0.7073,0.7072,0.7072,7
2026-03-20T03:51:00,0.7071,0.7072,0.707,0.7072,30
2026-03-20T03:52:00,0.7072,0.7073,0.7072,0.7073,4
2026-03-20T03:54:00,0.7073,0.7073,0.7073,0.7073,1
2026-03-20T03:55:00,0.7074,0.7074,0.7074,0.7074,1
2026-03-20T03:56:00,0.7073,0.7073,0.7073,0.7073,2
2026-03-20T03:57:00,0.7074,0.7074,0.7074,0.7074,42
2026-03-20T03:59:00,0.7074,0.7074,0.7074,0.7074,4
2026-03-20T04:02:00,0.7075,0.7075,0.7074,0.7074,43
2026-03-20T04:05:00,0.7073,0.7073,0.7073,0.7073,1
2026-03-20T04:06:00,0.7073,0.7073,0.7072,0.7072,4
2026-03-20T04:07:00,0.7072,0.7072,0.7072,0.7072,3
2026-03-20T04:08:00,0.7072,0.7072,0.7072,0.7072,1
2026-03-20T04:10:00,0.7072,0.7072,0.7072,0.7072,1
2026-03-20T04:11:00,0.7073,0.7073,0.7073,0.7073,1
2026-03-20T04:12:00,0.7074,0.7074,0.7074,0.7074,10
2026-03-20T04:14:00,0.7074,0.7074,0.7074,0.7074,4
2026-03-20T04:17:00,0.7075,0.7075,0.7075,0.7075,1
2026-03-20T04:19:00,0.7073,0.7073,0.7073,0.7073,1
2026-03-20T04:20:00,0.7074,0.7074,0.7074,0.7074,4
2026-03-20T04:21:00,0.7073,0.7073,0.7073,0.7073,1
2026-03-20T04:22:00,0.7072,0.7072,0.7072,0.7072,1
2026-03-20T04:25:00,0.7072,0.7072,0.7072,0.7072,4
2026-03-20T04:28:00,0.7072,0.7072,0.7072,0.7072,6
2026-03-20T04:30:00,0.7073,0.7073,0.7073,0.7073,1
2026-03-20T04:31:00,0.7074,0.7074,0.7073,0.7073,2
2026-03-20T04:32:00,0.7073,0.7073,0.7073,0.7073,1
2026-03-20T04:36:00,0.7074,0.7074,0.7074,0.7074,4
2026-03-20T04:40:00,0.7076,0.7077,0.7076,0.7077,5
2026-03-20T04:41:00,0.7078,0.7078,0.7078,0.7078,2
2026-03-20T04:42:00,0.7078,0.7078,0.7077,0.7077,3
2026-03-20T04:43:00,0.7076,0.7076,0.7075,0.7075,4
2026-03-20T04:45:00,0.7077,0.7077,0.7077,0.7077,2
2026-03-20T04:46:00,0.7076,0.7076,0.7076,0.7076,5
2026-03-20T04:47:00,0.7076,0.7076,0.7076,0.7076,4
2026-03-20T04:49:00,0.7078,0.7078,0.7078,0.7078,1
2026-03-20T04:50:00,0.7078,0.7079,0.7078,0.7079,31
2026-03-20T04:51:00,0.7079,0.7079,0.7079,0.7079,6
2026-03-20T04:52:00,0.708,0.708,0.7079,0.7079,3
2026-03-20T04:53:00,0.7079,0.708,0.7079,0.708,4
2026-03-20T04:54:00,0.7081,0.7081,0.7081,0.7081,3
2026-03-20T04:55:00,0.708,0.708,0.708,0.708,4
2026-03-20T04:56:00,0.708,0.708,0.708,0.708,1
2026-03-20T04:57:00,0.708,0.708,0.708,0.708,1
2026-03-20T04:59:00,0.7079,0.7079,0.7078,0.7079,11
2026-03-20T05:01:00,0.7078,0.7078,0.7078,0.7078,4
2026-03-20T05:02:00,0.7079,0.7079,0.7079,0.7079,8
2026-03-20T05:03:00,0.708,0.7081,0.708,0.708,5
2026-03-20T05:04:00,0.708,0.708,0.708,0.708,2
2026-03-20T05:06:00,0.7079,0.7079,0.7079,0.7079,2
2026-03-20T05:07:00,0.7079,0.7079,0.7079,0.7079,5
2026-03-20T05:08:00,0.708,0.708,0.708,0.708,5
2026-03-20T05:09:00,0.7081,0.7082,0.7081,0.7082,16
2026-03-20T05:12:00,0.7082,0.7082,0.7082,0.7082,3
2026-03-20T05:14:00,0.7081,0.7084,0.7081,0.7084,16
2026-03-20T05:15:00,0.7083,0.7084,0.7083,0.7083,5
2026-03-20T05:16:00,0.7084,0.7086,0.7084,0.7086,16
2026-03-20T05:17:00,0.7084,0.7084,0.7084,0.7084,9
2026-03-20T05:18:00,0.7084,0.7084,0.7084,0.7084,2
2026-03-20T05:19:00,0.7082,0.7082,0.7082,0.7082,7
2026-03-20T05:20:00,0.7084,0.7084,0.7084,0.7084,2
2026-03-20T05:21:00,0.7085,0.7086,0.7085,0.7086,5
2026-03-20T05:22:00,0.7085,0.7085,0.7085,0.7085,2
2026-03-20T05:24:00,0.7087,0.7087,0.7085,0.7085,11
2026-03-20T05:25:00,0.7086,0.7086,0.7085,0.7085,12
2026-03-20T05:26:00,0.7085,0.7085,0.7085,0.7085,2
2026-03-20T05:27:00,0.7085,0.7085,0.7085,0.7085,1
2026-03-20T05:28:00,0.7084,0.7084,0.7083,0.7083,8
2026-03-20T05:29:00,0.7083,0.7083,0.7083,0.7083,40
2026-03-20T05:30:00,0.7083,0.7083,0.7083,0.7083,1
2026-03-20T05:31:00,0.7082,0.7082,0.7082,0.7082,4
2026-03-20T05:33:00,0.7082,0.7082,0.7082,0.7082,20
2026-03-20T05:34:00,0.7081,0.7081,0.708,0.708,10
2026-03-20T05:35:00,0.708,0.708,0.708,0.708,1
2026-03-20T05:36:00,0.7079,0.7079,0.7078,0.7078,3
2026-03-20T05:37:00,0.7079,0.708,0.7079,0.708,2
2026-03-20T05:38:00,0.7079,0.7079,0.7078,0.7078,5
2026-03-20T05:40:00,0.7079,0.7079,0.7079,0.7079,1
2026-03-20T05:43:00,0.7078,0.7078,0.7078,0.7078,1
2026-03-20T05:44:00,0.7079,0.7079,0.7079,0.7079,9
2026-03-20T05:45:00,0.708,0.708,0.708,0.708,1
2026-03-20T05:46:00,0.7079,0.7079,0.7079,0.7079,1
2026-03-20T05:47:00,0.7078,0.7078,0.7078,0.7078,1
2026-03-20T05:48:00,0.7077,0.7077,0.7077,0.7077,2
2026-03-20T05:49:00,0.7077,0.7077,0.7077,0.7077,3
2026-03-20T05:50:00,0.7079,0.7079,0.7079,0.7079,5
2026-03-20T05:51:00,0.7077,0.7077,0.7077,0.7077,2
2026-03-20T05:52:00,0.7076,0.7076,0.7076,0.7076,5
2026-03-20T05:53:00,0.7076,0.7076,0.7075,0.7076,14
2026-03-20T05:56:00,0.7077,0.7077,0.7077,0.7077,1
2026-03-20T05:57:00,0.7077,0.7077,0.7077,0.7077,1
2026-03-20T06:01:00,0.7077,0.7078,0.7077,0.7078,18
2026-03-20T06:02:00,0.7078,0.7078,0.7078,0.7078,1
2026-03-20T06:03:00,0.7081,0.7081,0.708,0.708,2
2026-03-20T06:04:00,0.7079,0.7079,0.7079,0.7079,19
2026-03-20T06:05:00,0.708,0.708,0.708,0.708,6
2026-03-20T06:06:00,0.7081,0.7082,0.7081,0.7082,3
2026-03-20T06:07:00,0.708,0.7081,0.708,0.7081,4
2026-03-20T06:08:00,0.7082,0.7082,0.7082,0.7082,4
2026-03-20T06:09:00,0.7082,0.7082,0.7082,0.7082,1
2026-03-20T06:10:00,0.7081,0.7081,0.7081,0.7081,1
2026-03-20T06:12:00,0.7081,0.7081,0.7081,0.7081,3
2026-03-20T06:13:00,0.7081,0.7081,0.7081,0.7081,8
2026-03-20T06:17:00,0.7081,0.7081,0.7081,0.7081,4
2026-03-20T06:18:00,0.7082,0.7083,0.7082,0.7083,51
2026-03-20T06:20:00,0.7081,0.7081,0.7081,0.7081,4
2026-03-20T06:21:00,0.7078,0.7078,0.7078,0.7078,4
2026-03-20T06:23:00,0.7078,0.7078,0.7078,0.7078,1
2026-03-20T06:24:00,0.7078,0.7078,0.7078,0.7078,1
2026-03-20T06:25:00,0.7079,0.7079,0.7079,0.7079,1
2026-03-20T06:26:00,0.7081,0.7081,0.7079,0.7079,3
2026-03-20T06:27:00,0.7079,0.7079,0.7079,0.7079,2
2026-03-20T06:28:00,0.7078,0.7078,0.7077,0.7078,22
2026-03-20T06:29:00,0.7076,0.7078,0.7076,0.7078,7
2026-03-20T06:30:00,0.7079,0.7079,0.7078,0.7078,5
2026-03-20T06:31:00,0.7078,0.7078,0.7078,0.7078,5
2026-03-20T06:32:00,0.7078,0.7078,0.7078,0.7078,4
2026-03-20T06:35:00,0.7078,0.7078,0.7078,0.7078,4
2026-03-20T06:37:00,0.7078,0.7078,0.7078,0.7078,1
2026-03-20T06:39:00,0.7076,0.7076,0.7076,0.7076,4
2026-03-20T06:40:00,0.7075,0.7075,0.7075,0.7075,4
2026-03-20T06:41:00,0.7075,0.7075,0.7075,0.7075,3
2026-03-20T06:42:00,0.7074,0.7074,0.7072,0.7073,9
2026-03-20T06:43:00,0.7074,0.7074,0.7074,0.7074,8
2026-03-20T06:44:00,0.7073,0.7074,0.7073,0.7074,15
2026-03-20T06:45:00,0.7072,0.7072,0.7071,0.7071,17
2026-03-20T06:46:00,0.7071,0.7074,0.7071,0.7074,4
2026-03-20T06:47:00,0.7073,0.7073,0.7073,0.7073,1
2026-03-20T06:48:00,0.7071,0.7071,0.7069,0.7069,4
2026-03-20T06:49:00,0.7071,0.7071,0.7071,0.7071,2
2026-03-20T06:50:00,0.7072,0.7072,0.7072,0.7072,4
2026-03-20T06:52:00,0.707,0.7071,0.707,0.7071,4
2026-03-20T06:53:00,0.7071,0.7071,0.7071,0.7071,5
2026-03-20T06:54:00,0.7071,0.7071,0.7071,0.7071,2
2026-03-20T06:55:00,0.7071,0.7071,0.707,0.707,6
2026-03-20T06:56:00,0.707,0.707,0.707,0.707,1
2026-03-20T06:58:00,0.7071,0.7071,0.7071,0.7071,7
2026-03-20T06:59:00,0.7071,0.7071,0.7071,0.7071,1
2026-03-20T07:00:00,0.7069,0.7069,0.7069,0.7069,1
2026-03-20T07:01:00,0.7068,0.7068,0.7067,0.7067,10
2026-03-20T07:02:00,0.7067,0.7068,0.7066,0.7068,5
2026-03-20T07:03:00,0.7069,0.7071,0.7069,0.707,4
2026-03-20T07:04:00,0.7071,0.7071,0.7071,0.7071,1
2026-03-20T07:05:00,0.707,0.7072,0.707,0.7072,6
2026-03-20T07:06:00,0.7073,0.7073,0.7073,0.7073,3
2026-03-20T07:07:00,0.7075,0.7075,0.7075,0.7075,7
2026-03-20T07:08:00,0.7077,0.7078,0.7077,0.7078,2
2026-03-20T07:09:00,0.7078,0.7078,0.7077,0.7078,6
2026-03-20T07:10:00,0.7077,0.7077,0.7077,0.7077,1
2026-03-20T07:13:00,0.7078,0.7078,0.7078,0.7078,1
2026-03-20T07:14:00,0.7078,0.7078,0.7078,0.7078,6
2026-03-20T07:15:00,0.7079,0.7079,0.7079,0.7079,10
2026-03-20T07:16:00,0.708,0.708,0.708,0.708,2
2026-03-20T07:17:00,0.7079,0.7079,0.7079,0.7079,4
2026-03-20T07:18:00,0.7078,0.7078,0.7078,0.7078,5
2026-03-20T07:20:00,0.708,0.708,0.708,0.708,13
2026-03-20T07:21:00,0.708,0.708,0.708,0.708,4
2026-03-20T07:22:00,0.7082,0.7082,0.7082,0.7082,1
2026-03-20T07:23:00,0.7081,0.7081,0.7081,0.7081,12
2026-03-20T07:24:00,0.7082,0.7082,0.7082,0.7082,3
2026-03-20T07:25:00,0.7079,0.7079,0.7079,0.7079,3
2026-03-20T07:26:00,0.7079,0.7079,0.7079,0.7079,1
2026-03-20T07:27:00,0.7078,0.7078,0.7078,0.7078,3
2026-03-20T07:28:00,0.708,0.708,0.708,0.708,1
2026-03-20T07:29:00,0.708,0.708,0.708,0.708,12
2026-03-20T07:30:00,0.7081,0.7082,0.7081,0.7082,15
2026-03-20T07:31:00,0.7082,0.7082,0.7081,0.7081,6
2026-03-20T07:32:00,0.708,0.708,0.708,0.708,1
2026-03-20T07:33:00,0.7082,0.7084,0.7082,0.7084,7
2026-03-20T07:34:00,0.7084,0.7084,0.7084,0.7084,7
2026-03-20T07:35:00,0.7085,0.7086,0.7085,0.7086,5
2026-03-20T07:36:00,0.7086,0.7087,0.7086,0.7087,5
2026-03-20T07:37:00,0.7086,0.7086,0.7086,0.7086,1
2026-03-20T07:38:00,0.7084,0.7084,0.7084,0.7084,5
2026-03-20T07:39:00,0.7083,0.7083,0.7083,0.7083,2
2026-03-20T07:40:00,0.7085,0.7085,0.7085,0.7085,10
2026-03-20T07:41:00,0.7086,0.7086,0.7086,0.7086,1
2026-03-20T07:43:00,0.7085,0.7085,0.7085,0.7085,25
2026-03-20T07:44:00,0.7085,0.7086,0.7085,0.7086,3
2026-03-20T07:45:00,0.7086,0.7086,0.7086,0.7086,4
2026-03-20T07:46:00,0.7087,0.7088,0.7087,0.7088,3
2026-03-20T07:47:00,0.7087,0.7087,0.7086,0.7086,13
2026-03-20T07:49:00,0.7087,0.7087,0.7087,0.7087,4
2026-03-20T07:50:00,0.7087,0.7087,0.7086,0.7087,10
2026-03-20T07:52:00,0.7087,0.7088,0.7087,0.7088,16
2026-03-20T07:53:00,0.7086,0.7086,0.7086,0.7086,12
2026-03-20T07:54:00,0.7085,0.7085,0.7084,0.7084,3
2026-03-20T07:55:00,0.7084,0.7084,0.7084,0.7084,1
2026-03-20T07:56:00,0.7084,0.7085,0.7084,0.7085,3
2026-03-20T07:58:00,0.7083,0.7083,0.7083,0.7083,4
2026-03-20T07:59:00,0.7083,0.7083,0.7083,0.7083,2
2026-03-20T08:00:00,0.7084,0.7084,0.7083,0.7083,4
2026-03-20T08:01:00,0.7083,0.7083,0.7082,0.7082,7
2026-03-20T08:02:00,0.7081,0.7081,0.7081,0.7081,1
2026-03-20T08:03:00,0.7082,0.7082,0.7082,0.7082,15
2026-03-20T08:04:00,0.7082,0.7083,0.7082,0.7083,2
2026-03-20T08:05:00,0.708,0.7081,0.708,0.7081,6
2026-03-20T08:06:00,0.7082,0.7082,0.7082,0.7082,1
2026-03-20T08:08:00,0.7081,0.7081,0.7081,0.7081,1
2026-03-20T08:09:00,0.708,0.7081,0.708,0.7081,4
2026-03-20T08:10:00,0.708,0.708,0.708,0.708,1
2026-03-20T08:11:00,0.7079,0.7082,0.7079,0.7082,2
2026-03-20T08:12:00,0.7082,0.7082,0.7082,0.7082,2
2026-03-20T08:13:00,0.7083,0.7084,0.7083,0.7084,6
2026-03-20T08:14:00,0.7084,0.7084,0.7083,0.7083,2
2026-03-20T08:15:00,0.7084,0.7085,0.7084,0.7085,3
2026-03-20T08:17:00,0.7084,0.7085,0.7084,0.7085,7
2026-03-20T08:18:00,0.7085,0.7085,0.7085,0.7085,1
2026-03-20T08:19:00,0.7086,0.7086,0.7086,0.7086,6
2026-03-20T08:20:00,0.7084,0.7086,0.7084,0.7086,11
2026-03-20T08:21:00,0.7084,0.7084,0.7084,0.7084,4
2026-03-20T08:24:00,0.7086,0.7086,0.7084,0.7085,13
2026-03-20T08:25:00,0.7085,0.7085,0.7085,0.7085,5
2026-03-20T08:26:00,0.7085,0.7085,0.7085,0.7085,6
2026-03-20T08:27:00,0.7085,0.7085,0.7084,0.7084,4
2026-03-20T08:28:00,0.7084,0.7084,0.7084,0.7084,3
2026-03-20T08:29:00,0.7082,0.7082,0.7082,0.7082,2
2026-03-20T08:30:00,0.7081,0.7081,0.7081,0.7081,10
2026-03-20T08:31:00,0.708,0.7082,0.708,0.7082,3
2026-03-20T08:32:00,0.7081,0.7081,0.7081,0.7081,1
2026-03-20T08:33:00,0.7081,0.7081,0.7079,0.7079,16
2026-03-20T08:34:00,0.7082,0.7082,0.7082,0.7082,17
2026-03-20T08:36:00,0.7081,0.7081,0.7081,0.7081,1
2026-03-20T08:37:00,0.7081,0.7083,0.7081,0.7083,3
2026-03-20T08:38:00,0.7083,0.7084,0.7083,0.7084,29
2026-03-20T08:39:00,0.7084,0.7084,0.7084,0.7084,1
2026-03-20T08:40:00,0.7085,0.7086,0.7085,0.7086,4
2026-03-20T08:41:00,0.7086,0.7086,0.7085,0.7085,4
2026-03-20T08:42:00,0.7084,0.7084,0.7081,0.7082,21
2026-03-20T08:43:00,0.7081,0.7081,0.708,0.708,12
2026-03-20T08:44:00,0.7082,0.7082,0.7082,0.7082,4
2026-03-20T08:45:00,0.7081,0.7081,0.7077,0.7079,13
2026-03-20T08:46:00,0.7079,0.7079,0.7079,0.7079,1
2026-03-20T08:47:00,0.7077,0.7077,0.7075,0.7076,11
2026-03-20T08:49:00,0.7077,0.7077,0.7077,0.7077,9
2026-03-20T08:50:00,0.7077,0.7077,0.7077,0.7077,1
2026-03-20T08:51:00,0.7079,0.7079,0.7079,0.7079,1
2026-03-20T08:52:00,0.7078,0.7079,0.7078,0.7079,5
2026-03-20T08:53:00,0.7079,0.7079,0.7079,0.7079,4
2026-03-20T08:55:00,0.708,0.708,0.708,0.708,2
2026-03-20T08:56:00,0.708,0.708,0.708,0.708,1
2026-03-20T08:57:00,0.7081,0.7082,0.7081,0.7081,8
2026-03-20T08:58:00,0.708,0.7081,0.708,0.7081,11
2026-03-20T08:59:00,0.7079,0.7079,0.7079,0.7079,12
2026-03-20T09:01:00,0.7078,0.7078,0.7078,0.7078,2
2026-03-20T09:02:00,0.7077,0.7077,0.7076,0.7077,4
2026-03-20T09:03:00,0.7074,0.7074,0.7073,0.7073,7
2026-03-20T09:04:00,0.7073,0.7073,0.7073,0.7073,11
2026-03-20T09:05:00,0.7072,0.7072,0.7071,0.7071,3
2026-03-20T09:06:00,0.707,0.7071,0.707,0.7071,6
2026-03-20T09:07:00,0.7072,0.7072,0.7072,0.7072,1
2026-03-20T09:08:00,0.7073,0.7073,0.7073,0.7073,1
2026-03-20T09:10:00,0.7076,0.7077,0.7076,0.7076,25
2026-03-20T09:11:00,0.7076,0.7078,0.7076,0.7078,52
2026-03-20T09:12:00,0.7078,0.7078,0.7077,0.7077,5
2026-03-20T09:13:00,0.7078,0.7078,0.7078,0.7078,2
2026-03-20T09:14:00,0.7075,0.7075,0.7075,0.7075,1
2026-03-20T09:15:00,0.7075,0.7075,0.7075,0.7075,2
2026-03-20T09:16:00,0.7075,0.7075,0.7074,0.7074,5
2026-03-20T09:17:00,0.7073,0.7073,0.7073,0.7073,7
2026-03-20T09:18:00,0.7072,0.7072,0.7072,0.7072,2
2026-03-20T09:19:00,0.7073,0.7073,0.707,0.707,3
2026-03-20T09:20:00,0.7071,0.7072,0.7071,0.7071,5
2026-03-20T09:21:00,0.7072,0.7072,0.7071,0.7071,23
2026-03-20T09:22:00,0.707,0.707,0.707,0.707,2
2026-03-20T09:24:00,0.7071,0.7071,0.7071,0.7071,5
2026-03-20T09:25:00,0.7072,0.7072,0.7071,0.7071,2
2026-03-20T09:26:00,0.7071,0.7073,0.7071,0.7073,2
2026-03-20T09:27:00,0.7072,0.7072,0.7072,0.7072,1
2026-03-20T09:28:00,0.7071,0.7071,0.7069,0.7069,8
2026-03-20T09:29:00,0.7071,0.7071,0.7071,0.7071,6
2026-03-20T09:30:00,0.707,0.707,0.707,0.707,6
2026-03-20T09:31:00,0.7072,0.7072,0.7071,0.7071,3
2026-03-20T09:32:00,0.7072,0.7072,0.7072,0.7072,1
2026-03-20T09:33:00,0.707,0.707,0.707,0.707,13
2026-03-20T09:34:00,0.707,0.707,0.707,0.707,5
2026-03-20T09:36:00,0.7071,0.7071,0.707,0.707,10
2026-03-20T09:37:00,0.7071,0.7071,0.7071,0.7071,1
2026-03-20T09:39:00,0.7071,0.7071,0.707,0.707,5
2026-03-20T09:40:00,0.7069,0.7069,0.7068,0.7068,8
2026-03-20T09:42:00,0.7067,0.7067,0.7067,0.7067,1
2026-03-20T09:43:00,0.7066,0.7066,0.7065,0.7066,12
2026-03-20T09:44:00,0.7067,0.7068,0.7066,0.7067,54
2026-03-20T09:45:00,0.7068,0.7068,0.7066,0.7067,34
2026-03-20T09:46:00,0.7068,0.7068,0.7066,0.7067,20
2026-03-20T09:47:00,0.7068,0.7068,0.7061,0.7064,198
2026-03-20T09:48:00,0.7063,0.7064,0.7063,0.7064,5
2026-03-20T09:49:00,0.7063,0.7064,0.7063,0.7064,27
2026-03-20T09:50:00,0.7063,0.7065,0.7063,0.7064,10
2026-03-20T09:51:00,0.7062,0.7062,0.7061,0.7061,23
2026-03-20T09:52:00,0.7062,0.7062,0.706,0.706,5
2026-03-20T09:53:00,0.706,0.706,0.7059,0.7059,6
2026-03-20T09:54:00,0.7058,0.7058,0.7056,0.7056,21
2026-03-20T09:55:00,0.7056,0.7057,0.7056,0.7057,22
2026-03-20T09:56:00,0.7058,0.7058,0.7057,0.7057,10
2026-03-20T09:57:00,0.7057,0.7057,0.7057,0.7057,5
2026-03-20T09:58:00,0.7055,0.7055,0.7055,0.7055,5
2026-03-20T09:59:00,0.7056,0.7058,0.7056,0.7057,4
2026-03-20T10:00:00,0.7058,0.7058,0.7055,0.7055,21
2026-03-20T10:01:00,0.7054,0.7054,0.7052,0.7053,5
2026-03-20T10:02:00,0.7054,0.7055,0.7052,0.7054,6
2026-03-20T10:04:00,0.7053,0.7053,0.7052,0.7052,3
2026-03-20T10:05:00,0.7055,0.7055,0.7055,0.7055,4
2026-03-20T10:06:00,0.7055,0.7056,0.7054,0.7054,47
2026-03-20T10:07:00,0.7053,0.7054,0.7051,0.7051,14
2026-03-20T10:08:00,0.7051,0.7051,0.705,0.705,22
2026-03-20T10:09:00,0.705,0.705,0.7049,0.7049,29
2026-03-20T10:10:00,0.7048,0.7048,0.7045,0.7045,39
2026-03-20T10:11:00,0.7045,0.7047,0.7045,0.7047,14
2026-03-20T10:12:00,0.7046,0.705,0.7046,0.705,21
2026-03-20T10:13:00,0.7049,0.7051,0.7049,0.705,13
2026-03-20T10:14:00,0.705,0.705,0.7049,0.7049,8
2026-03-20T10:16:00,0.7049,0.7051,0.7049,0.705,15
2026-03-20T10:17:00,0.7048,0.705,0.7048,0.705,3
2026-03-20T10:18:00,0.7049,0.7049,0.7046,0.7046,15
2026-03-20T10:19:00,0.7047,0.7047,0.7047,0.7047,2
2026-03-20T10:20:00,0.7045,0.7046,0.7045,0.7046,6
2026-03-20T10:21:00,0.7046,0.7046,0.7046,0.7046,2
2026-03-20T10:23:00,0.7048,0.7048,0.7047,0.7047,2
2026-03-20T10:24:00,0.7048,0.7048,0.7047,0.7047,8
2026-03-20T10:25:00,0.7048,0.7049,0.7048,0.7048,14
2026-03-20T10:26:00,0.7049,0.705,0.7049,0.7049,7
2026-03-20T10:27:00,0.7048,0.7048,0.7048,0.7048,1
2026-03-20T10:29:00,0.7049,0.7049,0.7049,0.7049,2
2026-03-20T10:30:00,0.7052,0.7052,0.7051,0.7051,6
2026-03-20T10:31:00,0.7051,0.7051,0.7049,0.7049,7
2026-03-20T10:33:00,0.7051,0.7051,0.705,0.705,3
2026-03-20T10:34:00,0.7051,0.7051,0.7051,0.7051,4
2026-03-20T10:35:00,0.7053,0.7053,0.7053,0.7053,2
2026-03-20T10:36:00,0.7052,0.7052,0.7052,0.7052,3
2026-03-20T10:37:00,0.7053,0.7053,0.7053,0.7053,1
2026-03-20T10:38:00,0.7053,0.7053,0.7053,0.7053,1
2026-03-20T10:39:00,0.7054,0.7057,0.7054,0.7057,6
2026-03-20T10:40:00,0.7055,0.7056,0.7055,0.7056,3
2026-03-20T10:41:00,0.7057,0.7057,0.7057,0.7057,4
2026-03-20T10:43:00,0.7057,0.7057,0.7056,0.7056,18
2026-03-20T10:44:00,0.7056,0.7056,0.7056,0.7056,2
2026-03-20T10:45:00,0.7056,0.7056,0.7056,0.7056,2
2026-03-20T10:46:00,0.7056,0.7057,0.7055,0.7055,11
2026-03-20T10:47:00,0.7056,0.7056,0.7056,0.7056,3
2026-03-20T10:49:00,0.7055,0.7055,0.7055,0.7055,1
2026-03-20T10:50:00,0.7056,0.7057,0.7056,0.7057,8
2026-03-20T10:51:00,0.7054,0.7054,0.7054,0.7054,1
2026-03-20T10:53:00,0.7056,0.7056,0.7056,0.7056,5
2026-03-20T10:54:00,0.7056,0.7056,0.7055,0.7055,2
2026-03-20T10:55:00,0.7055,0.7055,0.7055,0.7055,1
2026-03-20T10:56:00,0.7055,0.7055,0.7055,0.7055,2
2026-03-20T10:57:00,0.7058,0.7058,0.7058,0.7058,1
2026-03-20T10:59:00,0.7056,0.7056,0.7056,0.7056,2
2026-03-20T11:00:00,0.7057,0.7057,0.7057,0.7057,1
2026-03-20T11:02:00,0.7059,0.7061,0.7059,0.7061,13
2026-03-20T11:03:00,0.7063,0.7064,0.7062,0.7063,8
2026-03-20T11:04:00,0.7063,0.7063,0.7063,0.7063,3
2026-03-20T11:05:00,0.7065,0.7065,0.7065,0.7065,3
2026-03-20T11:06:00,0.7065,0.7065,0.7065,0.7065,6
2026-03-20T11:08:00,0.7064,0.7064,0.7064,0.7064,6
2026-03-20T11:09:00,0.7066,0.7067,0.7066,0.7067,38
2026-03-20T11:10:00,0.7067,0.7067,0.7066,0.7066,11
2026-03-20T11:11:00,0.7066,0.7067,0.7066,0.7067,14
2026-03-20T11:12:00,0.7066,0.7066,0.7065,0.7065,5
2026-03-20T11:13:00,0.7067,0.7068,0.7067,0.7068,4
2026-03-20T11:14:00,0.7067,0.7067,0.7067,0.7067,1
2026-03-20T11:15:00,0.7066,0.7066,0.7065,0.7066,8
2026-03-20T11:16:00,0.7066,0.7066,0.7065,0.7065,4
2026-03-20T11:17:00,0.7066,0.7066,0.7066,0.7066,2
2026-03-20T11:18:00,0.7068,0.7068,0.7067,0.7068,5
2026-03-20T11:19:00,0.7069,0.7069,0.7069,0.7069,1
2026-03-20T11:20:00,0.7068,0.7068,0.7068,0.7068,2
2026-03-20T11:21:00,0.7067,0.7067,0.7067,0.7067,5
2026-03-20T11:22:00,0.7069,0.7069,0.7069,0.7069,3
2026-03-20T11:23:00,0.7069,0.7069,0.7069,0.7069,1
2026-03-20T11:24:00,0.7068,0.7068,0.7068,0.7068,1
2026-03-20T11:25:00,0.7068,0.7068,0.7067,0.7067,4
2026-03-20T11:27:00,0.7068,0.7068,0.7067,0.7068,13
2026-03-20T11:28:00,0.7067,0.7067,0.7067,0.7067,2
2026-03-20T11:29:00,0.7066,0.7066,0.7066,0.7066,18
2026-03-20T11:30:00,0.7067,0.7067,0.7067,0.7067,1
2026-03-20T11:31:00,0.7069,0.7069,0.7069,0.7069,2
2026-03-20T11:32:00,0.7069,0.707,0.7069,0.7069,8
2026-03-20T11:33:00,0.707,0.707,0.707,0.707,5
2026-03-20T11:34:00,0.7071,0.7071,0.7071,0.7071,3
2026-03-20T11:35:00,0.7071,0.7071,0.7071,0.7071,5
2026-03-20T11:36:00,0.7071,0.7071,0.7071,0.7071,2
2026-03-20T11:37:00,0.7067,0.7068,0.7067,0.7068,6
2026-03-20T11:38:00,0.7066,0.7066,0.7066,0.7066,5
2026-03-20T11:39:00,0.7067,0.7069,0.7067,0.7069,13
2026-03-20T11:40:00,0.7071,0.7072,0.7071,0.7072,28
2026-03-20T11:41:00,0.7072,0.7073,0.7072,0.7073,3
2026-03-20T11:42:00,0.7073,0.7075,0.7073,0.7075,15
2026-03-20T11:43:00,0.7074,0.7074,0.7074,0.7074,13
2026-03-20T11:44:00,0.7073,0.7073,0.7073,0.7073,27
2026-03-20T11:46:00,0.7072,0.7072,0.7072,0.7072,2
2026-03-20T11:47:00,0.7073,0.7073,0.707,0.707,5
2026-03-20T11:49:00,0.707,0.707,0.7069,0.7069,2
2026-03-20T11:50:00,0.7069,0.7069,0.7067,0.7067,9
2026-03-20T11:51:00,0.7066,0.7066,0.7065,0.7065,3
2026-03-20T11:53:00,0.7068,0.7069,0.7068,0.7069,2
2026-03-20T11:54:00,0.7069,0.7069,0.7069,0.7069,16
2026-03-20T11:55:00,0.7069,0.7069,0.7069,0.7069,1
2026-03-20T11:56:00,0.707,0.707,0.707,0.707,5
2026-03-20T11:57:00,0.7069,0.7069,0.7069,0.7069,4
2026-03-20T11:58:00,0.7069,0.7069,0.7069,0.7069,1
2026-03-20T11:59:00,0.7071,0.7071,0.7071,0.7071,1
2026-03-20T12:00:00,0.7072,0.7073,0.7072,0.7073,7
2026-03-20T12:01:00,0.7072,0.7072,0.7071,0.7071,4
2026-03-20T12:02:00,0.7069,0.7071,0.7069,0.7071,6
2026-03-20T12:03:00,0.7072,0.7072,0.7072,0.7072,1
2026-03-20T12:04:00,0.7071,0.7071,0.7069,0.7069,48
2026-03-20T12:05:00,0.7072,0.7073,0.7072,0.7073,6
2026-03-20T12:06:00,0.7072,0.7072,0.7072,0.7072,2
2026-03-20T12:07:00,0.7075,0.7076,0.7075,0.7076,14
2026-03-20T12:08:00,0.7075,0.7075,0.7074,0.7074,13
2026-03-20T12:09:00,0.7075,0.7077,0.7075,0.7077,14
2026-03-20T12:10:00,0.7077,0.7077,0.7077,0.7077,1
2026-03-20T12:11:00,0.7078,0.7078,0.7078,0.7078,1
2026-03-20T12:13:00,0.7074,0.7074,0.7074,0.7074,3
2026-03-20T12:14:00,0.7074,0.7074,0.7074,0.7074,7
2026-03-20T12:15:00,0.7073,0.7073,0.7073,0.7073,1
2026-03-20T12:16:00,0.7074,0.7074,0.7071,0.7071,10
2026-03-20T12:18:00,0.7074,0.7075,0.7074,0.7074,7
2026-03-20T12:19:00,0.7077,0.7077,0.7077,0.7077,1
2026-03-20T12:20:00,0.7076,0.7076,0.7075,0.7075,4
2026-03-20T12:21:00,0.7076,0.7076,0.7076,0.7076,7
2026-03-20T12:22:00,0.7075,0.7075,0.7075,0.7075,1
2026-03-20T12:24:00,0.7077,0.7077,0.7076,0.7076,3
2026-03-20T12:25:00,0.7075,0.7075,0.7075,0.7075,3
2026-03-20T12:26:00,0.7074,0.7074,0.7074,0.7074,6
2026-03-20T12:29:00,0.7077,0.7077,0.7077,0.7077,13
2026-03-20T12:30:00,0.7077,0.7078,0.7077,0.7078,9
2026-03-20T12:31:00,0.7075,0.7075,0.7075,0.7075,26
2026-03-20T12:32:00,0.7074,0.7074,0.7073,0.7073,6
2026-03-20T12:33:00,0.7075,0.7075,0.7075,0.7075,2
2026-03-20T12:35:00,0.7075,0.7075,0.7075,0.7075,1
2026-03-20T12:36:00,0.7074,0.7076,0.7074,0.7076,10
2026-03-20T12:37:00,0.7073,0.7073,0.7069,0.707,115
2026-03-20T12:38:00,0.7072,0.7074,0.7071,0.7071,9
2026-03-20T12:39:00,0.707,0.7071,0.7068,0.7068,112
2026-03-20T12:40:00,0.7068,0.7068,0.7064,0.7064,28
2026-03-20T12:41:00,0.7064,0.7067,0.7063,0.7067,19
2026-03-20T12:42:00,0.7066,0.7066,0.7064,0.7064,5
2026-03-20T12:44:00,0.7067,0.7067,0.7066,0.7067,9
2026-03-20T12:45:00,0.7069,0.7069,0.7068,0.7068,4
2026-03-20T12:46:00,0.7068,0.707,0.7068,0.707,5
2026-03-20T12:47:00,0.7068,0.7068,0.7064,0.7064,9
2026-03-20T12:48:00,0.7064,0.7064,0.7063,0.7063,8
2026-03-20T12:49:00,0.7065,0.7068,0.7065,0.7068,3
2026-03-20T12:50:00,0.7066,0.7066,0.7066,0.7066,2
2026-03-20T12:51:00,0.7067,0.7069,0.7067,0.7069,5
2026-03-20T12:53:00,0.7069,0.7069,0.7069,0.7069,5
2026-03-20T12:54:00,0.707,0.707,0.7067,0.7067,20
2026-03-20T12:55:00,0.7068,0.7068,0.7067,0.7067,8
2026-03-20T12:56:00,0.7066,0.7066,0.7066,0.7066,2
2026-03-20T12:57:00,0.7065,0.7065,0.7065,0.7065,1
2026-03-20T12:58:00,0.7066,0.7067,0.7066,0.7067,6
2026-03-20T13:00:00,0.7066,0.7066,0.7066,0.7066,6
2026-03-20T13:02:00,0.7063,0.7063,0.7063,0.7063,2
2026-03-20T13:03:00,0.7064,0.7064,0.7064,0.7064,7
2026-03-20T13:05:00,0.7061,0.7061,0.706,0.706,25
2026-03-20T13:06:00,0.706,0.706,0.7058,0.7058,9
2026-03-20T13:07:00,0.7058,0.7058,0.7058,0.7058,1
2026-03-20T13:08:00,0.706,0.7061,0.706,0.706,5
2026-03-20T13:09:00,0.706,0.706,0.706,0.706,1
2026-03-20T13:10:00,0.7058,0.7058,0.7056,0.7057,8
2026-03-20T13:11:00,0.7056,0.7057,0.7056,0.7057,16
2026-03-20T13:12:00,0.7056,0.7057,0.7055,0.7057,11
2026-03-20T13:13:00,0.7057,0.7059,0.7057,0.7059,7
2026-03-20T13:14:00,0.7059,0.7059,0.7058,0.7059,6
2026-03-20T13:15:00,0.7058,0.7058,0.7058,0.7058,5
2026-03-20T13:16:00,0.7057,0.7057,0.7057,0.7057,1
2026-03-20T13:17:00,0.7058,0.7059,0.7058,0.7059,7
2026-03-20T13:18:00,0.7058,0.7058,0.7058,0.7058,4
2026-03-20T13:19:00,0.7058,0.7058,0.7056,0.7056,5
2026-03-20T13:20:00,0.7059,0.706,0.7059,0.7059,12
2026-03-20T13:21:00,0.706,0.706,0.7059,0.7059,5
2026-03-20T13:22:00,0.7059,0.706,0.7059,0.706,2
2026-03-20T13:23:00,0.7059,0.7061,0.7059,0.7059,6
2026-03-20T13:25:00,0.7059,0.7059,0.7058,0.7058,3
2026-03-20T13:26:00,0.7059,0.7059,0.7057,0.7057,8
2026-03-20T13:27:00,0.7057,0.7057,0.7055,0.7055,11
2026-03-20T13:28:00,0.7054,0.7054,0.7054,0.7054,2
2026-03-20T13:29:00,0.7052,0.7054,0.7052,0.7053,17
2026-03-20T13:30:00,0.7053,0.7054,0.7053,0.7054,15
2026-03-20T13:31:00,0.7054,0.7054,0.705,0.705,15
2026-03-20T13:32:00,0.7054,0.7054,0.7053,0.7053,7
2026-03-20T13:33:00,0.7053,0.7053,0.705,0.705,11
2026-03-20T13:34:00,0.7052,0.7052,0.7051,0.7051,4
2026-03-20T13:35:00,0.7049,0.7051,0.7048,0.705,15
2026-03-20T13:36:00,0.7051,0.7052,0.705,0.7052,13
2026-03-20T13:37:00,0.7053,0.7053,0.7053,0.7053,16
2026-03-20T13:38:00,0.7053,0.7053,0.705,0.705,9
2026-03-20T13:39:00,0.705,0.705,0.7049,0.7049,2
2026-03-20T13:40:00,0.7052,0.7053,0.7052,0.7053,7
2026-03-20T13:41:00,0.7052,0.7053,0.7052,0.7053,8
2026-03-20T13:42:00,0.7053,0.7053,0.7051,0.7052,4
2026-03-20T13:43:00,0.7053,0.7058,0.7053,0.7058,3
2026-03-20T13:44:00,0.7056,0.7058,0.7056,0.7058,14
2026-03-20T13:45:00,0.7059,0.7059,0.7057,0.7058,14
2026-03-20T13:46:00,0.7058,0.7058,0.7052,0.7052,25
2026-03-20T13:47:00,0.7052,0.7054,0.7052,0.7054,10
2026-03-20T13:48:00,0.7055,0.7055,0.7055,0.7055,9
2026-03-20T13:49:00,0.7055,0.7055,0.7052,0.7052,4
2026-03-20T13:50:00,0.7051,0.7051,0.7044,0.7044,66
2026-03-20T13:51:00,0.7043,0.7043,0.7038,0.7038,75
2026-03-20T13:52:00,0.7039,0.7039,0.7038,0.7038,46
2026-03-20T13:53:00,0.7037,0.704,0.7037,0.704,18
2026-03-20T13:54:00,0.7041,0.7041,0.704,0.7041,9
2026-03-20T13:55:00,0.7041,0.7043,0.7039,0.7041,17
2026-03-20T13:56:00,0.7042,0.7042,0.7042,0.7042,4
2026-03-20T13:57:00,0.7037,0.7037,0.7036,0.7037,10
2026-03-20T13:58:00,0.7036,0.7036,0.7034,0.7034,14
2026-03-20T13:59:00,0.7035,0.7036,0.7034,0.7035,13
2026-03-20T14:00:00,0.7034,0.7034,0.7033,0.7034,20
2026-03-20T14:01:00,0.7034,0.7035,0.7031,0.7031,19
2026-03-20T14:02:00,0.7033,0.7035,0.7032,0.7035,11
2026-03-20T14:03:00,0.7038,0.7039,0.7033,0.7033,13
2026-03-20T14:05:00,0.7037,0.7039,0.7037,0.7039,14
2026-03-20T14:06:00,0.7039,0.7039,0.7037,0.7037,11
2026-03-20T14:07:00,0.7037,0.7037,0.7034,0.7034,16
2026-03-20T14:08:00,0.7034,0.7034,0.7032,0.7032,15
2026-03-20T14:09:00,0.7032,0.7034,0.7032,0.7034,7
2026-03-20T14:10:00,0.7035,0.7036,0.7032,0.7033,13
2026-03-20T14:11:00,0.7033,0.7034,0.703,0.703,31
2026-03-20T14:12:00,0.703,0.703,0.7027,0.7028,43
2026-03-20T14:13:00,0.7029,0.7029,0.7028,0.7028,11
2026-03-20T14:14:00,0.7027,0.7027,0.7026,0.7026,38
2026-03-20T14:15:00,0.7029,0.7029,0.7027,0.7027,6
2026-03-20T14:16:00,0.7027,0.7029,0.7026,0.7028,86
2026-03-20T14:17:00,0.7028,0.7028,0.7024,0.7025,42
2026-03-20T14:18:00,0.7025,0.7026,0.7023,0.7023,14
2026-03-20T14:19:00,0.7023,0.7023,0.7023,0.7023,9
2026-03-20T14:20:00,0.7023,0.7025,0.7023,0.7025,10
2026-03-20T14:21:00,0.7026,0.7027,0.7024,0.7025,16
2026-03-20T14:22:00,0.7024,0.7024,0.7023,0.7023,15
2026-03-20T14:23:00,0.7025,0.7026,0.7025,0.7026,28
2026-03-20T14:24:00,0.7026,0.7026,0.7025,0.7026,22
2026-03-20T14:25:00,0.7024,0.7024,0.7022,0.7023,18
2026-03-20T14:26:00,0.7023,0.7023,0.7023,0.7023,5
2026-03-20T14:27:00,0.7023,0.7023,0.7022,0.7022,7
2026-03-20T14:28:00,0.7022,0.7022,0.702,0.702,46
2026-03-20T14:29:00,0.7022,0.7022,0.7021,0.7022,8
2026-03-20T14:30:00,0.7023,0.7026,0.7023,0.7026,12
2026-03-20T14:31:00,0.7025,0.7025,0.7022,0.7022,5
2026-03-20T14:32:00,0.7024,0.7026,0.7024,0.7025,6
2026-03-20T14:33:00,0.7026,0.7028,0.7026,0.7027,17
2026-03-20T14:34:00,0.7027,0.7027,0.7025,0.7026,14
2026-03-20T14:35:00,0.7028,0.7028,0.7028,0.7028,5
2026-03-20T14:36:00,0.7028,0.7028,0.7025,0.7025,10
2026-03-20T14:37:00,0.7024,0.7024,0.7022,0.7022,12
2026-03-20T14:38:00,0.7022,0.7022,0.7022,0.7022,8
2026-03-20T14:39:00,0.7023,0.7024,0.7023,0.7023,18
2026-03-20T14:40:00,0.7024,0.7024,0.7024,0.7024,5
2026-03-20T14:41:00,0.7025,0.7025,0.7024,0.7024,10
2026-03-20T14:42:00,0.7022,0.7023,0.7022,0.7022,3
2026-03-20T14:43:00,0.7022,0.7022,0.7022,0.7022,7
2026-03-20T14:44:00,0.7024,0.7024,0.7022,0.7023,29
2026-03-20T14:45:00,0.7022,0.7022,0.7022,0.7022,1
2026-03-20T14:46:00,0.7025,0.7026,0.7024,0.7024,14
2026-03-20T14:47:00,0.7024,0.7024,0.7022,0.7022,26
2026-03-20T14:48:00,0.7023,0.7026,0.7023,0.7025,7
2026-03-20T14:49:00,0.7025,0.7025,0.7024,0.7024,3
2026-03-20T14:50:00,0.7024,0.7024,0.7024,0.7024,1
2026-03-20T14:51:00,0.7022,0.7023,0.7022,0.7023,23
2026-03-20T14:52:00,0.7021,0.7022,0.7021,0.7022,8
2026-03-20T14:53:00,0.7021,0.7023,0.7021,0.7022,12
2026-03-20T14:54:00,0.7021,0.7021,0.7018,0.7018,28
2026-03-20T14:55:00,0.7019,0.7024,0.7019,0.7024,19
2026-03-20T14:56:00,0.7024,0.7024,0.7021,0.7022,15
2026-03-20T14:57:00,0.7025,0.7027,0.7025,0.7027,9
2026-03-20T14:58:00,0.7026,0.7027,0.7026,0.7027,14
2026-03-20T14:59:00,0.7026,0.7027,0.7026,0.7027,10
2026-03-20T15:00:00,0.7028,0.703,0.7028,0.703,38
2026-03-20T15:01:00,0.7032,0.7033,0.703,0.703,31
2026-03-20T15:02:00,0.7029,0.7029,0.7026,0.7026,4
2026-03-20T15:03:00,0.7027,0.7027,0.7026,0.7027,9
2026-03-20T15:04:00,0.7027,0.703,0.7027,0.703,6
2026-03-20T15:05:00,0.703,0.7032,0.703,0.7032,3
2026-03-20T15:06:00,0.7032,0.7033,0.7031,0.7031,9
2026-03-20T15:07:00,0.7032,0.7032,0.7032,0.7032,1
2026-03-20T15:08:00,0.703,0.7031,0.703,0.7031,5
2026-03-20T15:09:00,0.7031,0.7032,0.703,0.7032,10
2026-03-20T15:10:00,0.7032,0.7034,0.7032,0.7034,7
2026-03-20T15:11:00,0.7034,0.7036,0.7033,0.7036,13
2026-03-20T15:12:00,0.7036,0.7038,0.7035,0.7038,15
2026-03-20T15:13:00,0.7038,0.7038,0.7037,0.7038,11
2026-03-20T15:14:00,0.7038,0.7038,0.7038,0.7038,8
2026-03-20T15:15:00,0.7038,0.7038,0.7037,0.7037,15
2026-03-20T15:16:00,0.7038,0.7039,0.7033,0.7033,13
2026-03-20T15:17:00,0.7035,0.7037,0.7035,0.7037,3
2026-03-20T15:18:00,0.7035,0.7035,0.7035,0.7035,4
2026-03-20T15:19:00,0.7032,0.7032,0.7031,0.7031,15
2026-03-20T15:20:00,0.7031,0.7031,0.703,0.7031,10
2026-03-20T15:21:00,0.7032,0.7032,0.7031,0.7031,5
2026-03-20T15:22:00,0.7031,0.7031,0.7031,0.7031,5
2026-03-20T15:23:00,0.7033,0.7044,0.7033,0.7043,87
2026-03-20T15:24:00,0.7043,0.7043,0.7035,0.7035,28
2026-03-20T15:25:00,0.7032,0.7035,0.7032,0.7032,11
2026-03-20T15:26:00,0.7031,0.7031,0.7029,0.7029,24
2026-03-20T15:27:00,0.7028,0.7032,0.7028,0.703,10
2026-03-20T15:28:00,0.703,0.7032,0.703,0.7032,4
2026-03-20T15:29:00,0.7031,0.7032,0.7031,0.7032,6
2026-03-20T15:30:00,0.7032,0.7032,0.7032,0.7032,21
2026-03-20T15:31:00,0.7035,0.7036,0.7035,0.7036,2
2026-03-20T15:32:00,0.7033,0.7037,0.7032,0.7037,6
2026-03-20T15:33:00,0.7037,0.704,0.7037,0.7039,17
2026-03-20T15:34:00,0.7038,0.7038,0.7036,0.7036,7
2026-03-20T15:35:00,0.7035,0.7035,0.7033,0.7033,2
2026-03-20T15:36:00,0.7032,0.7033,0.7032,0.7033,3
2026-03-20T15:37:00,0.7036,0.7036,0.7034,0.7034,6
2026-03-20T15:38:00,0.7036,0.7036,0.7036,0.7036,28
2026-03-20T15:39:00,0.7035,0.7035,0.7035,0.7035,3
2026-03-20T15:40:00,0.7033,0.7033,0.7032,0.7032,5
2026-03-20T15:41:00,0.7032,0.7032,0.703,0.703,49
2026-03-20T15:42:00,0.703,0.7031,0.703,0.7031,3
2026-03-20T15:43:00,0.7033,0.7033,0.7033,0.7033,4
2026-03-20T15:44:00,0.7032,0.7032,0.703,0.7031,7
2026-03-20T15:45:00,0.703,0.703,0.7029,0.7029,13
2026-03-20T15:46:00,0.7028,0.7028,0.7027,0.7027,5
2026-03-20T15:47:00,0.7028,0.7028,0.7028,0.7028,18
2026-03-20T15:48:00,0.703,0.7031,0.7029,0.7029,8
2026-03-20T15:49:00,0.7027,0.7027,0.7026,0.7026,2
2026-03-20T15:50:00,0.7027,0.7027,0.7026,0.7026,5
2026-03-20T15:51:00,0.7026,0.7027,0.7026,0.7027,18
2026-03-20T15:52:00,0.703,0.7031,0.703,0.7031,5
2026-03-20T15:53:00,0.703,0.703,0.7029,0.7029,2
2026-03-20T15:54:00,0.7029,0.7029,0.7029,0.7029,5
2026-03-20T15:55:00,0.7028,0.7028,0.7028,0.7028,2
2026-03-20T15:56:00,0.7025,0.7025,0.7024,0.7024,18
2026-03-20T15:57:00,0.7024,0.7026,0.7024,0.7026,20
2026-03-20T15:58:00,0.7027,0.7027,0.7025,0.7026,12
2026-03-20T15:59:00,0.7026,0.7026,0.7025,0.7025,10
2026-03-20T16:00:00,0.7024,0.7024,0.7023,0.7024,24
2026-03-20T16:01:00,0.7025,0.7027,0.7025,0.7027,31
2026-03-20T16:02:00,0.7027,0.7029,0.7025,0.7028,11
2026-03-20T16:03:00,0.7029,0.7032,0.7029,0.7032,5
2026-03-20T16:04:00,0.7032,0.7034,0.7032,0.7033,8
2026-03-20T16:05:00,0.7033,0.7033,0.7032,0.7032,6
2026-03-20T16:07:00,0.703,0.703,0.7028,0.7028,3
2026-03-20T16:08:00,0.703,0.703,0.7028,0.7028,4
2026-03-20T16:09:00,0.7028,0.703,0.7028,0.7028,11
2026-03-20T16:10:00,0.7028,0.7031,0.7028,0.703,8
2026-03-20T16:11:00,0.7031,0.7031,0.7031,0.7031,2
2026-03-20T16:12:00,0.7033,0.7034,0.7033,0.7033,6
2026-03-20T16:13:00,0.7033,0.7034,0.7033,0.7034,4
2026-03-20T16:14:00,0.7034,0.7034,0.7034,0.7034,5
2026-03-20T16:15:00,0.7034,0.7034,0.7033,0.7033,13
2026-03-20T16:16:00,0.7034,0.7034,0.7034,0.7034,1
2026-03-20T16:17:00,0.7034,0.7035,0.7034,0.7035,4
2026-03-20T16:18:00,0.7037,0.7038,0.7036,0.7036,11
2026-03-20T16:19:00,0.7038,0.7038,0.7038,0.7038,8
2026-03-20T16:20:00,0.7039,0.704,0.7039,0.704,5
2026-03-20T16:21:00,0.7039,0.7039,0.7039,0.7039,4
2026-03-20T16:22:00,0.7036,0.7037,0.7036,0.7037,3
2026-03-20T16:23:00,0.7038,0.7038,0.7037,0.7038,4
2026-03-20T16:24:00,0.7037,0.7038,0.7037,0.7037,5
2026-03-20T16:26:00,0.7035,0.7035,0.7035,0.7035,4
2026-03-20T16:27:00,0.7034,0.7034,0.7034,0.7034,5
2026-03-20T16:28:00,0.7034,0.7034,0.7034,0.7034,4
2026-03-20T16:30:00,0.703,0.703,0.703,0.703,3
2026-03-20T16:31:00,0.7028,0.7028,0.7025,0.7025,11
2026-03-20T16:32:00,0.7025,0.7026,0.7024,0.7024,10
2026-03-20T16:33:00,0.7027,0.7028,0.7027,0.7027,7
2026-03-20T16:34:00,0.7027,0.7027,0.7027,0.7027,4
2026-03-20T16:35:00,0.7028,0.7029,0.7028,0.7029,2
2026-03-20T16:37:00,0.703,0.703,0.703,0.703,1
2026-03-20T16:38:00,0.7028,0.7028,0.7028,0.7028,1
2026-03-20T16:39:00,0.7029,0.7029,0.7028,0.7028,6
2026-03-20T16:40:00,0.7029,0.7029,0.7029,0.7029,5
2026-03-20T16:42:00,0.7029,0.7031,0.7029,0.7031,6
2026-03-20T16:43:00,0.703,0.703,0.703,0.703,2
2026-03-20T16:44:00,0.703,0.703,0.703,0.703,1
2026-03-20T16:45:00,0.7031,0.7031,0.7031,0.7031,1
2026-03-20T16:47:00,0.703,0.703,0.7028,0.7028,2
2026-03-20T16:49:00,0.7025,0.7026,0.7025,0.7026,3
2026-03-20T16:51:00,0.7026,0.7026,0.7026,0.7026,2
2026-03-20T16:52:00,0.7027,0.7027,0.7027,0.7027,1
2026-03-20T16:54:00,0.7031,0.7031,0.7031,0.7031,9
2026-03-20T16:55:00,0.7033,0.7035,0.7033,0.7035,5
2026-03-20T16:56:00,0.7035,0.7035,0.7035,0.7035,16
2026-03-20T16:57:00,0.7033,0.7033,0.7033,0.7033,5
2026-03-20T16:58:00,0.7033,0.7033,0.7033,0.7033,4
2026-03-20T16:59:00,0.7032,0.7032,0.7031,0.7031,9
2026-03-20T17:01:00,0.7032,0.7032,0.7032,0.7032,4
2026-03-20T17:03:00,0.7034,0.7034,0.7034,0.7034,4
2026-03-20T17:04:00,0.7034,0.7034,0.7034,0.7034,1
2026-03-20T17:05:00,0.7035,0.7035,0.7024,0.7024,295
2026-03-20T17:06:00,0.7028,0.7028,0.7027,0.7027,13
2026-03-20T17:07:00,0.7029,0.7032,0.7029,0.7032,29
2026-03-20T17:08:00,0.703,0.7033,0.703,0.7033,9
2026-03-20T17:09:00,0.7034,0.7034,0.7033,0.7033,2
2026-03-20T17:11:00,0.7031,0.7032,0.7031,0.7032,8
2026-03-20T17:13:00,0.7031,0.7031,0.7031,0.7031,3
2026-03-20T17:14:00,0.7031,0.7031,0.7031,0.7031,1
2026-03-20T17:16:00,0.703,0.703,0.7029,0.7029,10
2026-03-20T17:18:00,0.7031,0.7031,0.7031,0.7031,4
2026-03-20T17:19:00,0.7032,0.7032,0.7032,0.7032,1
2026-03-20T17:20:00,0.7031,0.7031,0.7031,0.7031,16
2026-03-20T17:22:00,0.7033,0.7033,0.7033,0.7033,12
2026-03-20T17:23:00,0.7034,0.7035,0.7034,0.7035,7
2026-03-20T17:24:00,0.7034,0.7034,0.7033,0.7033,9
2026-03-20T17:25:00,0.7033,0.7033,0.7033,0.7033,5
2026-03-20T17:27:00,0.7033,0.7033,0.7033,0.7033,1
2026-03-20T17:28:00,0.7033,0.7033,0.7033,0.7033,4
2026-03-20T17:29:00,0.7033,0.7033,0.7033,0.7033,1
2026-03-20T17:30:00,0.7033,0.7034,0.7033,0.7034,2
2026-03-20T17:31:00,0.7033,0.7033,0.7032,0.7032,2
2026-03-20T17:32:00,0.7029,0.7029,0.7029,0.7029,4
2026-03-20T17:33:00,0.7028,0.7028,0.7028,0.7028,8
2026-03-20T17:34:00,0.7028,0.7028,0.7028,0.7028,9
2026-03-20T17:35:00,0.7029,0.7029,0.7027,0.7027,3
2026-03-20T17:36:00,0.7026,0.7026,0.7022,0.7022,12
2026-03-20T17:37:00,0.7022,0.7023,0.7022,0.7023,7
2026-03-20T17:38:00,0.7025,0.7025,0.7025,0.7025,4
2026-03-20T17:39:00,0.7026,0.7027,0.7026,0.7027,13
2026-03-20T17:41:00,0.7028,0.7028,0.7028,0.7028,1
2026-03-20T17:42:00,0.7028,0.7028,0.7028,0.7028,1
2026-03-20T17:45:00,0.7026,0.7026,0.7026,0.7026,4
2026-03-20T17:46:00,0.7025,0.7026,0.7025,0.7026,8
2026-03-20T17:47:00,0.7027,0.7027,0.7026,0.7026,15
2026-03-20T17:48:00,0.7027,0.7027,0.7027,0.7027,1
2026-03-20T17:49:00,0.7027,0.7027,0.7027,0.7027,5
2026-03-20T17:50:00,0.7027,0.7027,0.7027,0.7027,8
2026-03-20T17:53:00,0.7027,0.7027,0.7027,0.7027,1
2026-03-20T17:54:00,0.7028,0.7028,0.7026,0.7026,5
2026-03-20T17:55:00,0.7028,0.7028,0.7028,0.7028,8
2026-03-20T17:56:00,0.7027,0.7027,0.7027,0.7027,5
2026-03-20T17:59:00,0.7025,0.7026,0.7025,0.7026,2
2026-03-20T18:00:00,0.7026,0.7028,0.7026,0.7026,12
2026-03-20T18:01:00,0.7026,0.7027,0.7025,0.7026,9
2026-03-20T18:02:00,0.7027,0.7027,0.7026,0.7026,2
2026-03-20T18:06:00,0.7025,0.7025,0.7025,0.7025,4
2026-03-20T18:07:00,0.7026,0.7026,0.7026,0.7026,4
2026-03-20T18:08:00,0.7026,0.7027,0.7025,0.7025,32
2026-03-20T18:09:00,0.7024,0.7024,0.7024,0.7024,3
2026-03-20T18:10:00,0.7023,0.7023,0.7021,0.7022,11
2026-03-20T18:11:00,0.7023,0.7023,0.7023,0.7023,6
2026-03-20T18:12:00,0.7023,0.7023,0.7023,0.7023,13
2026-03-20T18:13:00,0.7024,0.7024,0.7024,0.7024,1
2026-03-20T18:14:00,0.7024,0.7024,0.7023,0.7023,11
2026-03-20T18:16:00,0.7023,0.7023,0.7023,0.7023,1
2026-03-20T18:18:00,0.7023,0.7023,0.7023,0.7023,4
2026-03-20T18:20:00,0.7025,0.7025,0.7022,0.7022,6
2026-03-20T18:21:00,0.7023,0.7023,0.7022,0.7022,4
2026-03-20T18:22:00,0.7021,0.7021,0.7012,0.7012,95
2026-03-20T18:23:00,0.7014,0.7014,0.7011,0.7011,14
2026-03-20T18:24:00,0.7014,0.7014,0.7014,0.7014,7
2026-03-20T18:25:00,0.7016,0.7018,0.7016,0.7018,4
2026-03-20T18:26:00,0.702,0.7021,0.702,0.7021,39
2026-03-20T18:27:00,0.702,0.7023,0.702,0.7023,8
2026-03-20T18:28:00,0.7023,0.7024,0.7021,0.7021,28
2026-03-20T18:29:00,0.7021,0.7021,0.7021,0.7021,8
2026-03-20T18:32:00,0.702,0.702,0.702,0.702,5
2026-03-20T18:34:00,0.7019,0.7019,0.7019,0.7019,1
2026-03-20T18:35:00,0.7019,0.7019,0.7019,0.7019,1
2026-03-20T18:36:00,0.7019,0.702,0.7017,0.7017,14
2026-03-20T18:37:00,0.7017,0.7018,0.7017,0.7017,5
2026-03-20T18:38:00,0.7018,0.7018,0.7018,0.7018,1
2026-03-20T18:39:00,0.7021,0.7021,0.7019,0.7019,37
2026-03-20T18:40:00,0.7018,0.7019,0.7017,0.7019,24
2026-03-20T18:41:00,0.7019,0.7019,0.7017,0.7017,2
2026-03-20T18:42:00,0.7014,0.7014,0.7012,0.7012,8
2026-03-20T18:43:00,0.7012,0.7014,0.7012,0.7013,19
2026-03-20T18:44:00,0.7014,0.7014,0.7011,0.7011,74
2026-03-20T18:45:00,0.7011,0.7012,0.7011,0.7012,8
2026-03-20T18:46:00,0.7012,0.7013,0.7012,0.7013,38
2026-03-20T18:47:00,0.7012,0.7012,0.701,0.7012,45
2026-03-20T18:48:00,0.7012,0.7012,0.7009,0.7009,26
2026-03-20T18:49:00,0.7009,0.7011,0.7009,0.7011,5
2026-03-20T18:50:00,0.701,0.701,0.701,0.701,1
2026-03-20T18:51:00,0.7011,0.7013,0.7011,0.7012,39
2026-03-20T18:52:00,0.7011,0.7011,0.701,0.701,115
2026-03-20T18:53:00,0.701,0.7012,0.701,0.7011,7
2026-03-20T18:54:00,0.7009,0.7009,0.7009,0.7009,8
2026-03-20T18:55:00,0.701,0.701,0.7006,0.7006,27
2026-03-20T18:56:00,0.7006,0.7006,0.7003,0.7004,196
2026-03-20T18:57:00,0.7003,0.7003,0.7002,0.7003,13
2026-03-20T18:58:00,0.7003,0.7003,0.7001,0.7001,33
2026-03-20T18:59:00,0.7002,0.7003,0.7002,0.7002,16
2026-03-20T19:00:00,0.7002,0.7005,0.7002,0.7004,147
2026-03-20T19:01:00,0.7005,0.7007,0.7004,0.7007,7
2026-03-20T19:02:00,0.7007,0.7007,0.7007,0.7007,2
2026-03-20T19:03:00,0.7006,0.7006,0.7005,0.7006,9
2026-03-20T19:04:00,0.7006,0.7007,0.7004,0.7004,11
2026-03-20T19:05:00,0.7004,0.7004,0.7003,0.7003,13
2026-03-20T19:06:00,0.7002,0.7002,0.6998,0.7,59
2026-03-20T19:07:00,0.7001,0.7004,0.7001,0.7002,8
2026-03-20T19:08:00,0.7004,0.7004,0.7004,0.7004,3
2026-03-20T19:09:00,0.7004,0.7004,0.7004,0.7004,3
2026-03-20T19:10:00,0.7004,0.7004,0.7003,0.7003,3
2026-03-20T19:11:00,0.7002,0.7002,0.7001,0.7001,18
2026-03-20T19:12:00,0.7002,0.7002,0.7002,0.7002,2
2026-03-20T19:13:00,0.7003,0.7003,0.7003,0.7003,2
2026-03-20T19:14:00,0.7004,0.7005,0.7004,0.7004,9
2026-03-20T19:15:00,0.7003,0.7006,0.7003,0.7006,11
2026-03-20T19:16:00,0.7006,0.7006,0.7006,0.7006,5
2026-03-20T19:17:00,0.7003,0.7005,0.7002,0.7005,6
2026-03-20T19:18:00,0.7005,0.7005,0.7004,0.7004,2
2026-03-20T19:19:00,0.7005,0.7005,0.7005,0.7005,1
2026-03-20T19:20:00,0.7005,0.7005,0.7003,0.7003,6
2026-03-20T19:21:00,0.7004,0.7004,0.7002,0.7002,9
2026-03-20T19:22:00,0.7003,0.7003,0.7003,0.7003,1
2026-03-20T19:23:00,0.7003,0.7003,0.7003,0.7003,1
2026-03-20T19:24:00,0.7002,0.7002,0.7001,0.7001,3
2026-03-20T19:25:00,0.7002,0.7002,0.7002,0.7002,1
2026-03-20T19:26:00,0.7002,0.7002,0.7002,0.7002,3
2026-03-20T19:27:00,0.7002,0.7002,0.7002,0.7002,2
2026-03-20T19:28:00,0.7003,0.7003,0.7003,0.7003,1
2026-03-20T19:30:00,0.7005,0.7005,0.7005,0.7005,2
2026-03-20T19:31:00,0.7005,0.7005,0.7005,0.7005,5
2026-03-20T19:33:00,0.7004,0.7004,0.7004,0.7004,2
2026-03-20T19:35:00,0.7001,0.7001,0.6999,0.7,12
2026-03-20T19:36:00,0.7,0.7,0.6999,0.6999,3
2026-03-20T19:37:00,0.6998,0.6999,0.6998,0.6998,13
2026-03-20T19:38:00,0.6998,0.6999,0.6998,0.6999,2
2026-03-20T19:40:00,0.7001,0.7003,0.7001,0.7002,7
2026-03-20T19:41:00,0.7003,0.7004,0.7003,0.7004,4
2026-03-20T19:43:00,0.7004,0.7005,0.7004,0.7005,7
2026-03-20T19:44:00,0.7006,0.7011,0.7006,0.7009,24
2026-03-20T19:45:00,0.7009,0.7009,0.7007,0.7007,7
2026-03-20T19:46:00,0.7007,0.7009,0.7007,0.7009,13
2026-03-20T19:47:00,0.7006,0.7007,0.7006,0.7007,5
2026-03-20T19:48:00,0.7007,0.7007,0.7005,0.7006,12
2026-03-20T19:49:00,0.7006,0.7006,0.7005,0.7005,6
2026-03-20T19:50:00,0.7004,0.7006,0.7004,0.7005,4
2026-03-20T19:52:00,0.7008,0.7008,0.7008,0.7008,1
2026-03-20T19:54:00,0.701,0.7012,0.701,0.7012,6
2026-03-20T19:55:00,0.7013,0.7013,0.7012,0.7012,15
2026-03-20T19:56:00,0.7011,0.7011,0.7011,0.7011,1
2026-03-20T19:57:00,0.7009,0.7009,0.7009,0.7009,1
2026-03-20T19:58:00,0.7009,0.7009,0.7009,0.7009,4
2026-03-20T19:59:00,0.7008,0.7009,0.7008,0.7009,5
2026-03-20T20:01:00,0.7011,0.7012,0.7011,0.7012,16
2026-03-20T20:02:00,0.7012,0.7012,0.7011,0.7011,5
2026-03-20T20:03:00,0.7012,0.7012,0.7012,0.7012,4
2026-03-20T20:04:00,0.7013,0.7013,0.7011,0.7011,10
2026-03-20T20:06:00,0.7012,0.7012,0.7011,0.7011,5
2026-03-20T20:07:00,0.701,0.701,0.701,0.701,5
2026-03-20T20:08:00,0.7009,0.7009,0.7009,0.7009,7
2026-03-20T20:10:00,0.701,0.701,0.701,0.701,6
2026-03-20T20:11:00,0.7009,0.7009,0.7009,0.7009,5
2026-03-20T20:14:00,0.701,0.701,0.701,0.701,6
2026-03-20T20:15:00,0.701,0.701,0.701,0.701,1
2026-03-20T20:16:00,0.7008,0.7008,0.7008,0.7008,1
2026-03-20T20:19:00,0.7009,0.7009,0.7009,0.7009,6
2026-03-20T20:21:00,0.7009,0.7009,0.7008,0.7008,2
2026-03-20T20:23:00,0.7008,0.7008,0.7008,0.7008,1
2026-03-20T20:24:00,0.7007,0.7007,0.7007,0.7007,4
2026-03-20T20:25:00,0.7007,0.7007,0.7007,0.7007,8
2026-03-20T20:26:00,0.7007,0.7007,0.7007,0.7007,1
2026-03-20T20:28:00,0.7007,0.7007,0.7006,0.7006,7
2026-03-20T20:30:00,0.7007,0.7007,0.7007,0.7007,11
2026-03-20T20:31:00,0.7008,0.7008,0.7008,0.7008,2
2026-03-20T20:33:00,0.7008,0.7008,0.7008,0.7008,2
2026-03-20T20:35:00,0.7008,0.7008,0.7008,0.7008,2
2026-03-20T20:36:00,0.7007,0.7007,0.7007,0.7007,2
2026-03-20T20:38:00,0.7007,0.7009,0.7007,0.7009,2
2026-03-20T20:39:00,0.701,0.701,0.7009,0.7009,10
2026-03-20T20:40:00,0.701,0.701,0.701,0.701,1
2026-03-20T20:41:00,0.7009,0.7009,0.7009,0.7009,4
2026-03-20T20:44:00,0.7009,0.7012,0.7008,0.7012,73
2026-03-20T20:45:00,0.7013,0.7013,0.7013,0.7013,20
2026-03-20T20:46:00,0.7014,0.7014,0.7013,0.7013,25
2026-03-20T20:48:00,0.7014,0.7014,0.7013,0.7013,10
2026-03-20T20:49:00,0.7013,0.7013,0.7013,0.7013,1
2026-03-20T20:50:00,0.7015,0.7016,0.7015,0.7015,12
2026-03-20T20:51:00,0.7014,0.7014,0.7014,0.7014,2
2026-03-20T20:52:00,0.7013,0.7015,0.7011,0.7014,68
2026-03-20T20:53:00,0.7013,0.7013,0.7013,0.7013,2
2026-03-20T20:54:00,0.7014,0.7014,0.7013,0.7013,6
2026-03-20T20:56:00,0.7013,0.7013,0.7013,0.7013,3
2026-03-20T20:57:00,0.7013,0.7013,0.7013,0.7013,4
2026-03-20T20:58:00,0.7012,0.7012,0.7012,0.7012,2
2026-03-20T20:59:00,0.7013,0.7018,0.7009,0.7018,22
2026-03-22T22:00:00,0.7003,0.7003,0.6987,0.699,154
2026-03-22T22:01:00,0.6991,0.6992,0.699,0.6991,22
2026-03-22T22:02:00,0.6992,0.6995,0.6991,0.6992,63
2026-03-22T22:03:00,0.6994,0.6994,0.6993,0.6993,5
2026-03-22T22:04:00,0.6993,0.6993,0.6992,0.6993,6
2026-03-22T22:05:00,0.6992,0.6993,0.6992,0.6993,15
2026-03-22T22:06:00,0.6994,0.6994,0.6993,0.6993,4
2026-03-22T22:07:00,0.6991,0.6993,0.6991,0.6993,4
2026-03-22T22:08:00,0.6992,0.6992,0.6992,0.6992,5
2026-03-22T22:09:00,0.6994,0.6996,0.6994,0.6996,9
2026-03-22T22:10:00,0.6996,0.6996,0.6995,0.6995,8
2026-03-22T22:11:00,0.6995,0.6995,0.6992,0.6992,5
2026-03-22T22:12:00,0.6992,0.6992,0.6992,0.6992,3
2026-03-22T22:13:00,0.6993,0.6993,0.6993,0.6993,1
2026-03-22T22:14:00,0.6994,0.6994,0.6993,0.6993,11
2026-03-22T22:15:00,0.6993,0.6994,0.6993,0.6993,7
2026-03-22T22:16:00,0.6994,0.6994,0.6994,0.6994,1
2026-03-22T22:17:00,0.6994,0.6995,0.6994,0.6995,8
2026-03-22T22:18:00,0.6995,0.6995,0.6994,0.6994,27
2026-03-22T22:19:00,0.6996,0.6997,0.6995,0.6996,10
2026-03-22T22:20:00,0.6996,0.6998,0.6996,0.6998,9
2026-03-22T22:21:00,0.6996,0.6996,0.6995,0.6995,22
2026-03-22T22:22:00,0.6997,0.6997,0.6997,0.6997,2
2026-03-22T22:23:00,0.6998,0.7001,0.6998,0.7001,20
2026-03-22T22:24:00,0.7002,0.7004,0.7002,0.7003,139
2026-03-22T22:25:00,0.7002,0.7003,0.7002,0.7002,24
2026-03-22T22:26:00,0.7002,0.7003,0.7001,0.7001,22
2026-03-22T22:27:00,0.7002,0.7003,0.7002,0.7003,10
2026-03-22T22:28:00,0.7003,0.7005,0.7003,0.7004,13
2026-03-22T22:29:00,0.7005,0.7005,0.7002,0.7002,13
2026-03-22T22:30:00,0.7002,0.7003,0.7002,0.7003,18
2026-03-22T22:31:00,0.7004,0.7004,0.7003,0.7003,14
2026-03-22T22:32:00,0.7003,0.7003,0.7002,0.7002,6
2026-03-22T22:33:00,0.7001,0.7001,0.7001,0.7001,32
2026-03-22T22:34:00,0.7001,0.7002,0.7001,0.7002,9
2026-03-22T22:35:00,0.7002,0.7002,0.6998,0.6998,18
2026-03-22T22:36:00,0.6998,0.6998,0.6997,0.6997,18
2026-03-22T22:37:00,0.6997,0.6997,0.6996,0.6996,8
2026-03-22T22:38:00,0.6996,0.6997,0.6995,0.6997,33
2026-03-22T22:39:00,0.6998,0.6999,0.6998,0.6998,8
2026-03-22T22:41:00,0.7,0.7,0.6999,0.6999,21
2026-03-22T22:42:00,0.6999,0.6999,0.6999,0.6999,6
2026-03-22T22:43:00,0.6997,0.6997,0.6997,0.6997,6
2026-03-22T22:44:00,0.6996,0.6996,0.6996,0.6996,2
2026-03-22T22:45:00,0.7,0.7,0.7,0.7,16
2026-03-22T22:46:00,0.6999,0.6999,0.6999,0.6999,10
2026-03-22T22:47:00,0.6998,0.6998,0.6998,0.6998,5
2026-03-22T22:48:00,0.6998,0.6999,0.6997,0.6999,59
2026-03-22T22:49:00,0.6999,0.6999,0.6999,0.6999,16
2026-03-22T22:50:00,0.6999,0.7,0.6999,0.7,7
2026-03-22T22:51:00,0.7,0.7,0.7,0.7,8
2026-03-22T22:52:00,0.7,0.7,0.7,0.7,5
2026-03-22T22:53:00,0.6999,0.7001,0.6999,0.7,11
2026-03-22T22:54:00,0.7,0.7,0.7,0.7,6
2026-03-22T22:57:00,0.7,0.7,0.6998,0.6998,8
2026-03-22T22:58:00,0.6999,0.6999,0.6999,0.6999,33
2026-03-22T22:59:00,0.6998,0.6999,0.6998,0.6999,7
2026-03-22T23:00:00,0.6999,0.6999,0.6998,0.6998,11
2026-03-22T23:01:00,0.6999,0.7,0.6999,0.7,18
2026-03-22T23:03:00,0.7001,0.7001,0.7001,0.7001,6
2026-03-22T23:04:00,0.7001,0.7002,0.7001,0.7002,6
2026-03-22T23:05:00,0.7002,0.7002,0.7002,0.7002,10
2026-03-22T23:06:00,0.7,0.7001,0.7,0.7001,4
2026-03-22T23:07:00,0.7002,0.7002,0.7001,0.7001,3
2026-03-22T23:08:00,0.7001,0.7001,0.7001,0.7001,1
2026-03-22T23:09:00,0.7002,0.7002,0.7002,0.7002,5
2026-03-22T23:10:00,0.7004,0.7004,0.7004,0.7004,2
2026-03-22T23:11:00,0.7001,0.7001,0.7001,0.7001,5
2026-03-22T23:12:00,0.7002,0.7002,0.7001,0.7002,10
2026-03-22T23:13:00,0.7003,0.7003,0.7003,0.7003,3
2026-03-22T23:15:00,0.7002,0.7002,0.7002,0.7002,2
2026-03-22T23:16:00,0.7002,0.7002,0.7002,0.7002,11
2026-03-22T23:18:00,0.7004,0.7004,0.7004,0.7004,11
2026-03-22T23:19:00,0.7003,0.7003,0.7002,0.7002,55
2026-03-22T23:20:00,0.7002,0.7003,0.7002,0.7003,12
2026-03-22T23:21:00,0.7003,0.7003,0.7002,0.7002,7
2026-03-22T23:22:00,0.7002,0.7004,0.7002,0.7004,7
2026-03-22T23:24:00,0.7004,0.7004,0.7004,0.7004,1
2026-03-22T23:25:00,0.7004,0.7004,0.7003,0.7003,10
2026-03-22T23:26:00,0.7002,0.7002,0.7,0.7,10
2026-03-22T23:27:00,0.7002,0.7002,0.7002,0.7002,7
2026-03-22T23:28:00,0.7002,0.7002,0.7001,0.7001,30
2026-03-22T23:29:00,0.7001,0.7001,0.7001,0.7001,1
2026-03-22T23:30:00,0.7003,0.7003,0.7002,0.7002,7
2026-03-22T23:31:00,0.7003,0.7003,0.7003,0.7003,1
2026-03-22T23:32:00,0.7002,0.7002,0.7002,0.7002,1
2026-03-22T23:33:00,0.7002,0.7002,0.6999,0.7001,18
2026-03-22T23:34:00,0.7002,0.7002,0.7002,0.7002,1
2026-03-22T23:38:00,0.7002,0.7002,0.7002,0.7002,1
2026-03-22T23:40:00,0.7001,0.7001,0.6999,0.6999,11
2026-03-22T23:41:00,0.6999,0.6999,0.6999,0.6999,6
2026-03-22T23:42:00,0.7001,0.7002,0.7001,0.7002,15
2026-03-22T23:43:00,0.7002,0.7002,0.7002,0.7002,6
2026-03-22T23:44:00,0.7002,0.7003,0.7002,0.7003,11
2026-03-22T23:45:00,0.7005,0.7005,0.7003,0.7003,8
2026-03-22T23:48:00,0.7004,0.7005,0.7004,0.7005,6
2026-03-22T23:49:00,0.7005,0.7005,0.7003,0.7003,5
2026-03-22T23:50:00,0.7003,0.7003,0.7003,0.7003,1
2026-03-22T23:51:00,0.7004,0.7004,0.7003,0.7003,3
2026-03-22T23:52:00,0.7003,0.7003,0.7003,0.7003,12
2026-03-22T23:53:00,0.7,0.7,0.7,0.7,1
2026-03-22T23:54:00,0.7,0.7,0.6998,0.6998,5
2026-03-22T23:55:00,0.7,0.7,0.7,0.7,11
2026-03-22T23:56:00,0.6999,0.6999,0.6999,0.6999,6
2026-03-22T23:59:00,0.7001,0.7001,0.7001,0.7001,5
2026-03-23T00:00:00,0.7003,0.7004,0.7003,0.7004,6
2026-03-23T00:01:00,0.7002,0.7003,0.7001,0.7001,14
2026-03-23T00:03:00,0.7,0.7,0.7,0.7,20
2026-03-23T00:04:00,0.6999,0.6999,0.6999,0.6999,2
2026-03-23T00:05:00,0.7,0.7,0.6995,0.6995,23
2026-03-23T00:06:00,0.6996,0.7,0.6996,0.7,12
2026-03-23T00:07:00,0.7001,0.7003,0.7001,0.7003,14
2026-03-23T00:08:00,0.7004,0.7006,0.7004,0.7006,9
2026-03-23T00:11:00,0.7005,0.7006,0.7005,0.7006,3
2026-03-23T00:12:00,0.7006,0.7007,0.7006,0.7007,6
2026-03-23T00:13:00,0.7006,0.7006,0.7006,0.7006,5
2026-03-23T00:15:00,0.7004,0.7004,0.6999,0.6999,5
2026-03-23T00:16:00,0.6999,0.6999,0.6998,0.6998,4
2026-03-23T00:18:00,0.6999,0.7,0.6999,0.7,10
2026-03-23T00:19:00,0.7001,0.7001,0.7001,0.7001,11
2026-03-23T00:20:00,0.7,0.7001,0.7,0.7001,5
2026-03-23T00:21:00,0.7003,0.7005,0.7003,0.7005,7
2026-03-23T00:22:00,0.7003,0.7003,0.7003,0.7003,4
2026-03-23T00:23:00,0.7003,0.7004,0.7003,0.7004,2
2026-03-23T00:24:00,0.7001,0.7001,0.7001,0.7001,1
2026-03-23T00:25:00,0.7001,0.7001,0.7001,0.7001,1
2026-03-23T00:27:00,0.7,0.7,0.6998,0.6998,9
2026-03-23T00:29:00,0.6998,0.6998,0.6998,0.6998,2
2026-03-23T00:30:00,0.7,0.7,0.7,0.7,7
2026-03-23T00:31:00,0.6998,0.6998,0.6998,0.6998,5
2026-03-23T00:32:00,0.6997,0.6997,0.6996,0.6996,2
2026-03-23T00:33:00,0.6994,0.6996,0.6994,0.6995,54
2026-03-23T00:34:00,0.6995,0.6995,0.6993,0.6993,4
2026-03-23T00:35:00,0.6993,0.6993,0.6989,0.6989,20
2026-03-23T00:36:00,0.6988,0.6988,0.6984,0.6985,99
2026-03-23T00:37:00,0.6986,0.6986,0.6984,0.6984,30
2026-03-23T00:38:00,0.6984,0.6986,0.6983,0.6983,8
2026-03-23T00:39:00,0.6984,0.6986,0.6984,0.6986,30
2026-03-23T00:40:00,0.6985,0.6985,0.6981,0.6982,17
2026-03-23T00:41:00,0.6981,0.6982,0.6981,0.6982,8
2026-03-23T00:42:00,0.6981,0.6981,0.6979,0.6979,28
2026-03-23T00:43:00,0.6982,0.6982,0.698,0.6981,38
2026-03-23T00:44:00,0.6982,0.6983,0.6982,0.6983,18
2026-03-23T00:45:00,0.6983,0.6984,0.698,0.6982,64
2026-03-23T00:46:00,0.6983,0.6983,0.6983,0.6983,2
2026-03-23T00:47:00,0.6983,0.6985,0.6983,0.6985,12
2026-03-23T00:48:00,0.6987,0.6988,0.6986,0.6986,15
2026-03-23T00:49:00,0.6985,0.6987,0.6985,0.6987,26
2026-03-23T00:50:00,0.6986,0.6988,0.6986,0.6987,6
2026-03-23T00:51:00,0.6988,0.699,0.6986,0.6986,22
2026-03-23T00:52:00,0.6982,0.6982,0.6982,0.6982,9
2026-03-23T00:53:00,0.6983,0.6983,0.6982,0.6982,3
2026-03-23T00:54:00,0.6983,0.6983,0.6983,0.6983,2
2026-03-23T00:55:00,0.6983,0.6985,0.6983,0.6985,52
2026-03-23T00:56:00,0.6984,0.6985,0.6984,0.6985,10
2026-03-23T00:57:00,0.6985,0.6987,0.6985,0.6987,7
2026-03-23T00:58:00,0.6986,0.6989,0.6986,0.6989,21
2026-03-23T00:59:00,0.6988,0.6988,0.6988,0.6988,15
2026-03-23T01:00:00,0.6987,0.6988,0.6986,0.6986,20
2026-03-23T01:01:00,0.6989,0.6991,0.6989,0.6991,3
2026-03-23T01:02:00,0.699,0.699,0.6989,0.6989,18
2026-03-23T01:03:00,0.699,0.6991,0.699,0.699,6
2026-03-23T01:04:00,0.6991,0.6992,0.6991,0.6992,10
2026-03-23T01:05:00,0.6992,0.6995,0.6992,0.6995,6
2026-03-23T01:06:00,0.6995,0.6995,0.6995,0.6995,6
2026-03-23T01:07:00,0.6995,0.6998,0.6995,0.6998,8
2026-03-23T01:08:00,0.7,0.7001,0.6999,0.6999,10
2026-03-23T01:09:00,0.6998,0.6998,0.6995,0.6995,7
2026-03-23T01:10:00,0.6994,0.6995,0.6994,0.6995,6
2026-03-23T01:11:00,0.6996,0.6996,0.6996,0.6996,4
2026-03-23T01:12:00,0.6997,0.6997,0.6997,0.6997,1
2026-03-23T01:13:00,0.6997,0.6998,0.6997,0.6998,10
2026-03-23T01:14:00,0.6998,0.6998,0.6998,0.6998,5
2026-03-23T01:15:00,0.6998,0.6998,0.6997,0.6997,14
2026-03-23T01:16:00,0.6997,0.6997,0.6996,0.6996,8
2026-03-23T01:17:00,0.6996,0.6996,0.6995,0.6995,13
2026-03-23T01:18:00,0.6994,0.6995,0.6993,0.6995,6
2026-03-23T01:19:00,0.6996,0.6997,0.6996,0.6997,5
2026-03-23T01:20:00,0.6997,0.6997,0.6995,0.6995,16
2026-03-23T01:21:00,0.6996,0.6996,0.6996,0.6996,1
2026-03-23T01:22:00,0.6996,0.6996,0.6995,0.6996,86
2026-03-23T01:23:00,0.6996,0.6996,0.6995,0.6995,43
2026-03-23T01:24:00,0.6995,0.6995,0.6994,0.6994,2
2026-03-23T01:25:00,0.6993,0.6993,0.6992,0.6993,9
2026-03-23T01:26:00,0.6993,0.6993,0.6992,0.6992,4
2026-03-23T01:27:00,0.6992,0.6992,0.6991,0.6991,4
2026-03-23T01:28:00,0.6991,0.6991,0.6991,0.6991,2
2026-03-23T01:29:00,0.6992,0.6992,0.6989,0.6989,6
2026-03-23T01:30:00,0.6989,0.6989,0.698,0.6983,82
2026-03-23T01:31:00,0.6985,0.6987,0.6985,0.6987,6
2026-03-23T01:32:00,0.6989,0.699,0.6987,0.6987,7
2026-03-23T01:33:00,0.6987,0.6988,0.6985,0.6988,13
2026-03-23T01:34:00,0.6986,0.6986,0.6986,0.6986,1
2026-03-23T01:35:00,0.6986,0.6986,0.6984,0.6984,7
2026-03-23T01:36:00,0.6983,0.6984,0.6982,0.6984,3
2026-03-23T01:37:00,0.6985,0.6989,0.6985,0.6989,3
2026-03-23T01:38:00,0.6991,0.6992,0.6991,0.6992,15
2026-03-23T01:40:00,0.699,0.6991,0.699,0.6991,7
2026-03-23T01:41:00,0.6991,0.6991,0.6988,0.6989,12
2026-03-23T01:42:00,0.6989,0.6989,0.6988,0.6988,8
2026-03-23T01:43:00,0.6987,0.6988,0.6987,0.6988,11
2026-03-23T01:45:00,0.6991,0.6991,0.699,0.699,4
2026-03-23T01:46:00,0.6991,0.6991,0.6991,0.6991,5
2026-03-23T01:49:00,0.6988,0.6988,0.6988,0.6988,2
2026-03-23T01:50:00,0.6988,0.6988,0.6988,0.6988,1
2026-03-23T01:51:00,0.6989,0.6989,0.6989,0.6989,7
2026-03-23T01:52:00,0.6986,0.6986,0.6986,0.6986,1
2026-03-23T01:53:00,0.6986,0.6989,0.6986,0.6989,4
2026-03-23T01:54:00,0.6988,0.6988,0.6988,0.6988,1
2026-03-23T01:55:00,0.6988,0.6988,0.6988,0.6988,2
2026-03-23T01:56:00,0.6988,0.6988,0.6988,0.6988,1
2026-03-23T01:57:00,0.6984,0.6985,0.6984,0.6985,9
2026-03-23T01:58:00,0.6987,0.6987,0.6987,0.6987,6
2026-03-23T02:00:00,0.6986,0.6987,0.6986,0.6987,6
2026-03-23T02:01:00,0.699,0.6991,0.699,0.6991,2
2026-03-23T02:02:00,0.699,0.6991,0.699,0.6991,9
2026-03-23T02:03:00,0.699,0.699,0.6988,0.699,4
2026-03-23T02:04:00,0.6991,0.6991,0.699,0.699,5
2026-03-23T02:05:00,0.6991,0.6991,0.6991,0.6991,4
2026-03-23T02:07:00,0.6992,0.6993,0.6992,0.6993,8
2026-03-23T02:08:00,0.6989,0.6989,0.6989,0.6989,2
2026-03-23T02:09:00,0.6991,0.6991,0.6989,0.6989,8
2026-03-23T02:10:00,0.699,0.699,0.699,0.699,8
2026-03-23T02:11:00,0.699,0.699,0.699,0.699,1
2026-03-23T02:12:00,0.699,0.699,0.6987,0.6987,6
2026-03-23T02:13:00,0.6986,0.6986,0.6985,0.6985,4
2026-03-23T02:14:00,0.6985,0.6985,0.6984,0.6984,8
2026-03-23T02:15:00,0.6985,0.6986,0.6985,0.6986,7
2026-03-23T02:16:00,0.6987,0.6989,0.6987,0.6989,3
2026-03-23T02:17:00,0.6989,0.6989,0.6989,0.6989,1
2026-03-23T02:18:00,0.6987,0.6988,0.6987,0.6988,4
2026-03-23T02:19:00,0.6987,0.6987,0.6987,0.6987,1
2026-03-23T02:20:00,0.6986,0.6987,0.6986,0.6987,6
2026-03-23T02:21:00,0.6987,0.6987,0.6987,0.6987,1
2026-03-23T02:22:00,0.6988,0.6988,0.6987,0.6987,7
2026-03-23T02:23:00,0.6985,0.6985,0.6985,0.6985,2
2026-03-23T02:24:00,0.6984,0.6985,0.6984,0.6985,22
2026-03-23T02:25:00,0.6985,0.6985,0.6985,0.6985,1
2026-03-23T02:26:00,0.6987,0.6987,0.6987,0.6987,4
2026-03-23T02:27:00,0.6984,0.6984,0.6984,0.6984,6
2026-03-23T02:28:00,0.6983,0.6983,0.6983,0.6983,6
2026-03-23T02:29:00,0.6982,0.6983,0.6982,0.6983,3
2026-03-23T02:30:00,0.6983,0.6983,0.6983,0.6983,9
2026-03-23T02:31:00,0.6982,0.6982,0.6978,0.6979,57
2026-03-23T02:32:00,0.6979,0.6979,0.6977,0.6978,14
2026-03-23T02:33:00,0.6978,0.6978,0.6977,0.6977,35
2026-03-23T02:34:00,0.6978,0.6978,0.6978,0.6978,3
2026-03-23T02:35:00,0.6978,0.6978,0.6977,0.6977,5
2026-03-23T02:36:00,0.6978,0.6979,0.6978,0.6978,27
2026-03-23T02:37:00,0.6976,0.6976,0.6976,0.6976,1
2026-03-23T02:38:00,0.6975,0.6976,0.6974,0.6976,7
2026-03-23T02:41:00,0.6976,0.6976,0.6974,0.6976,9
2026-03-23T02:42:00,0.6976,0.6977,0.6976,0.6977,28
2026-03-23T02:43:00,0.6978,0.6978,0.6977,0.6977,23
2026-03-23T02:44:00,0.6977,0.6977,0.6977,0.6977,5
2026-03-23T02:45:00,0.6977,0.6977,0.6976,0.6977,9
2026-03-23T02:46:00,0.6976,0.6976,0.6974,0.6974,6
2026-03-23T02:47:00,0.6973,0.6973,0.6973,0.6973,15
2026-03-23T02:48:00,0.6974,0.6974,0.6974,0.6974,4
2026-03-23T02:49:00,0.6974,0.6974,0.6973,0.6973,24
2026-03-23T02:50:00,0.6973,0.6974,0.6973,0.6973,7
2026-03-23T02:51:00,0.6973,0.6973,0.6973,0.6973,7
2026-03-23T02:52:00,0.6972,0.6972,0.697,0.6971,21
2026-03-23T02:53:00,0.6971,0.6971,0.6968,0.697,22
2026-03-23T02:54:00,0.6969,0.697,0.6969,0.697,7
2026-03-23T02:55:00,0.6971,0.6971,0.6971,0.6971,2
2026-03-23T02:56:00,0.6973,0.6974,0.6973,0.6973,15
2026-03-23T02:58:00,0.6974,0.6974,0.6974,0.6974,1
2026-03-23T03:00:00,0.6976,0.6976,0.6974,0.6974,4
2026-03-23T03:01:00,0.6976,0.6976,0.6976,0.6976,4
2026-03-23T03:02:00,0.6977,0.6978,0.6977,0.6978,8
2026-03-23T03:03:00,0.6978,0.6978,0.6977,0.6977,4
2026-03-23T03:04:00,0.6977,0.6978,0.6977,0.6978,8
2026-03-23T03:05:00,0.6976,0.6976,0.6975,0.6975,2
2026-03-23T03:06:00,0.6975,0.6975,0.6974,0.6974,17
2026-03-23T03:07:00,0.6975,0.6976,0.6975,0.6976,8
2026-03-23T03:08:00,0.6974,0.6974,0.6974,0.6974,1
2026-03-23T03:09:00,0.6973,0.6974,0.6973,0.6974,9
2026-03-23T03:11:00,0.6972,0.6972,0.6972,0.6972,5
2026-03-23T03:12:00,0.6971,0.6971,0.6969,0.6969,6
2026-03-23T03:13:00,0.697,0.6971,0.6969,0.697,6
2026-03-23T03:14:00,0.6971,0.6972,0.6971,0.6971,16
2026-03-23T03:15:00,0.6972,0.6972,0.6972,0.6972,2
2026-03-23T03:16:00,0.6972,0.6974,0.6972,0.6974,5
2026-03-23T03:17:00,0.6973,0.6975,0.6973,0.6975,15
2026-03-23T03:18:00,0.6974,0.6974,0.6974,0.6974,1
2026-03-23T03:19:00,0.6974,0.6974,0.6974,0.6974,3
2026-03-23T03:20:00,0.6975,0.6975,0.6975,0.6975,1
2026-03-23T03:21:00,0.6977,0.6977,0.6976,0.6976,9
2026-03-23T03:22:00,0.6975,0.6976,0.6975,0.6976,7
2026-03-23T03:23:00,0.6972,0.6974,0.6972,0.6974,3
2026-03-23T03:24:00,0.6974,0.6974,0.6974,0.6974,1
2026-03-23T03:25:00,0.6974,0.6974,0.6974,0.6974,1
2026-03-23T03:26:00,0.6974,0.6974,0.6974,0.6974,1
2026-03-23T03:27:00,0.6975,0.6975,0.6973,0.6973,3
2026-03-23T03:29:00,0.6972,0.6972,0.6972,0.6972,20
2026-03-23T03:30:00,0.6972,0.6972,0.6972,0.6972,4
2026-03-23T03:31:00,0.6972,0.6972,0.6972,0.6972,1
2026-03-23T03:32:00,0.6973,0.6973,0.6973,0.6973,1
2026-03-23T03:33:00,0.6971,0.6972,0.6971,0.6971,19
2026-03-23T03:34:00,0.6971,0.6971,0.6971,0.6971,3
2026-03-23T03:35:00,0.6973,0.6973,0.6972,0.6972,2
2026-03-23T03:36:00,0.6971,0.6971,0.6971,0.6971,1
2026-03-23T03:38:00,0.6972,0.6972,0.697,0.6972,7
2026-03-23T03:40:00,0.697,0.697,0.697,0.697,2
2026-03-23T03:42:00,0.6971,0.6971,0.6971,0.6971,1
2026-03-23T03:43:00,0.6972,0.6972,0.6972,0.6972,6
2026-03-23T03:46:00,0.6975,0.6976,0.6975,0.6975,10
2026-03-23T03:47:00,0.6975,0.6975,0.6975,0.6975,3
2026-03-23T03:49:00,0.6975,0.6975,0.6975,0.6975,1
2026-03-23T03:50:00,0.6975,0.6975,0.6975,0.6975,5
2026-03-23T03:51:00,0.6975,0.6976,0.6975,0.6976,2
2026-03-23T03:52:00,0.6974,0.6974,0.6974,0.6974,2
2026-03-23T03:53:00,0.6973,0.6974,0.6973,0.6973,3
2026-03-23T03:54:00,0.6973,0.6974,0.6973,0.6974,3
2026-03-23T03:56:00,0.6973,0.6973,0.6973,0.6973,2
2026-03-23T03:57:00,0.6973,0.6973,0.6973,0.6973,2
2026-03-23T04:00:00,0.6976,0.6976,0.6976,0.6976,1
2026-03-23T04:01:00,0.6975,0.6975,0.6975,0.6975,2
2026-03-23T04:02:00,0.6974,0.6974,0.6974,0.6974,3
2026-03-23T04:03:00,0.6974,0.6974,0.6973,0.6973,6
2026-03-23T04:04:00,0.6973,0.6973,0.6973,0.6973,6
2026-03-23T04:05:00,0.6974,0.6974,0.6974,0.6974,2
2026-03-23T04:06:00,0.6974,0.6976,0.6974,0.6975,15
2026-03-23T04:08:00,0.6973,0.6973,0.6972,0.6973,5
2026-03-23T04:10:00,0.6974,0.6974,0.6974,0.6974,1
2026-03-23T04:11:00,0.6974,0.6974,0.6974,0.6974,1
2026-03-23T04:14:00,0.6973,0.6973,0.6973,0.6973,1
2026-03-23T04:15:00,0.6972,0.6972,0.6972,0.6972,1
2026-03-23T04:16:00,0.6974,0.6974,0.6974,0.6974,1
2026-03-23T04:17:00,0.6976,0.6976,0.6975,0.6976,7
2026-03-23T04:18:00,0.6975,0.6975,0.6975,0.6975,1
2026-03-23T04:21:00,0.6974,0.6974,0.6974,0.6974,6
2026-03-23T04:22:00,0.6974,0.6974,0.6974,0.6974,3
2026-03-23T04:23:00,0.6973,0.6973,0.6973,0.6973,6
2026-03-23T04:26:00,0.6976,0.6976,0.6975,0.6975,2
2026-03-23T04:27:00,0.6976,0.6976,0.6974,0.6974,12
2026-03-23T04:30:00,0.6972,0.6972,0.697,0.697,13
2026-03-23T04:34:00,0.6973,0.6973,0.6973,0.6973,1
2026-03-23T04:36:00,0.6973,0.6974,0.6973,0.6974,2
2026-03-23T04:38:00,0.6974,0.6974,0.6974,0.6974,4
2026-03-23T04:40:00,0.6974,0.6974,0.6973,0.6973,4
2026-03-23T04:41:00,0.6974,0.6974,0.6974,0.6974,1
2026-03-23T04:42:00,0.6974,0.6974,0.6974,0.6974,1
2026-03-23T04:43:00,0.6973,0.6973,0.6973,0.6973,2
2026-03-23T04:44:00,0.6972,0.6972,0.6972,0.6972,1
2026-03-23T04:47:00,0.6974,0.6974,0.6974,0.6974,1
2026-03-23T04:51:00,0.6972,0.6972,0.6972,0.6972,1
2026-03-23T04:52:00,0.6971,0.6971,0.697,0.697,9
2026-03-23T04:53:00,0.697,0.697,0.697,0.697,1
2026-03-23T04:54:00,0.697,0.697,0.697,0.697,7
2026-03-23T04:55:00,0.6971,0.6971,0.697,0.697,2
2026-03-23T04:58:00,0.6971,0.6971,0.6971,0.6971,5
2026-03-23T04:59:00,0.6971,0.6971,0.6971,0.6971,1
2026-03-23T05:00:00,0.6971,0.6972,0.6971,0.6972,2
2026-03-23T05:04:00,0.6972,0.6972,0.6972,0.6972,3
2026-03-23T05:05:00,0.6973,0.6973,0.6973,0.6973,1
2026-03-23T05:06:00,0.6972,0.6972,0.6972,0.6972,2
2026-03-23T05:07:00,0.6972,0.6973,0.6972,0.6973,6
2026-03-23T05:08:00,0.6971,0.6971,0.6971,0.6971,5
2026-03-23T05:09:00,0.6969,0.6969,0.6968,0.6968,6
2026-03-23T05:10:00,0.6968,0.6968,0.6968,0.6968,8
2026-03-23T05:11:00,0.6967,0.6967,0.6967,0.6967,3
2026-03-23T05:12:00,0.6968,0.6968,0.6968,0.6968,3
2026-03-23T05:14:00,0.6968,0.6968,0.6968,0.6968,1
2026-03-23T05:15:00,0.6968,0.6968,0.6967,0.6967,9
2026-03-23T05:16:00,0.6967,0.6967,0.6966,0.6966,15
2026-03-23T05:17:00,0.6966,0.6966,0.6966,0.6966,1
2026-03-23T05:18:00,0.6965,0.6965,0.6964,0.6965,10
2026-03-23T05:20:00,0.6964,0.6964,0.6963,0.6963,4
2026-03-23T05:21:00,0.6964,0.6964,0.6964,0.6964,11
2026-03-23T05:22:00,0.6964,0.6965,0.6963,0.6963,13
2026-03-23T05:23:00,0.6963,0.6963,0.6963,0.6963,7
2026-03-23T05:24:00,0.6962,0.6962,0.696,0.6961,68
2026-03-23T05:25:00,0.6961,0.6961,0.6961,0.6961,2
2026-03-23T05:26:00,0.6961,0.6961,0.6961,0.6961,4
2026-03-23T05:27:00,0.696,0.696,0.6959,0.696,23
2026-03-23T05:28:00,0.696,0.696,0.696,0.696,13
2026-03-23T05:29:00,0.696,0.696,0.6959,0.696,16
2026-03-23T05:30:00,0.6959,0.6959,0.6954,0.6956,48
2026-03-23T05:31:00,0.6956,0.6956,0.6956,0.6956,14
2026-03-23T05:32:00,0.6956,0.6956,0.6956,0.6956,5
2026-03-23T05:33:00,0.6955,0.6955,0.6954,0.6954,7
2026-03-23T05:34:00,0.6955,0.6959,0.6955,0.6959,20
2026-03-23T05:35:00,0.6958,0.696,0.6957,0.696,4
2026-03-23T05:36:00,0.6958,0.696,0.6958,0.696,10
2026-03-23T05:37:00,0.6961,0.6962,0.6961,0.6962,19
2026-03-23T05:38:00,0.6962,0.6962,0.696,0.696,5
2026-03-23T05:39:00,0.6959,0.6959,0.6959,0.6959,1
2026-03-23T05:40:00,0.6959,0.6959,0.6959,0.6959,20
2026-03-23T05:41:00,0.6959,0.6959,0.6958,0.6958,6
2026-03-23T05:42:00,0.6958,0.6958,0.6957,0.6957,8
2026-03-23T05:43:00,0.6958,0.6958,0.6958,0.6958,1
2026-03-23T05:44:00,0.6958,0.6958,0.6958,0.6958,1
2026-03-23T05:45:00,0.6957,0.6957,0.6957,0.6957,13
2026-03-23T05:46:00,0.6957,0.6957,0.6956,0.6956,7
2026-03-23T05:47:00,0.6957,0.6957,0.6957,0.6957,7
2026-03-23T05:48:00,0.6956,0.6956,0.6956,0.6956,1
2026-03-23T05:49:00,0.6956,0.6956,0.6955,0.6955,13
2026-03-23T05:50:00,0.6956,0.6956,0.6956,0.6956,4
2026-03-23T05:51:00,0.6956,0.6956,0.6955,0.6956,32
2026-03-23T05:52:00,0.6955,0.6955,0.6955,0.6955,5
2026-03-23T05:53:00,0.6954,0.6954,0.6953,0.6953,19
2026-03-23T05:54:00,0.6955,0.6955,0.6954,0.6955,11
2026-03-23T05:55:00,0.6957,0.6957,0.6955,0.6957,9
2026-03-23T05:56:00,0.6958,0.6958,0.6958,0.6958,1
2026-03-23T05:57:00,0.6958,0.6959,0.6957,0.6958,6
2026-03-23T05:58:00,0.6957,0.6957,0.6956,0.6956,20
2026-03-23T05:59:00,0.6955,0.6955,0.6955,0.6955,7
2026-03-23T06:00:00,0.6955,0.6955,0.6953,0.6953,50
2026-03-23T06:01:00,0.6954,0.6954,0.6954,0.6954,2
2026-03-23T06:02:00,0.6954,0.6955,0.6953,0.6953,6
2026-03-23T06:03:00,0.6952,0.6953,0.6952,0.6953,5
2026-03-23T06:04:00,0.6952,0.6952,0.6951,0.6952,33
2026-03-23T06:05:00,0.695,0.695,0.6949,0.6949,38
2026-03-23T06:06:00,0.6949,0.695,0.6949,0.695,17
2026-03-23T06:07:00,0.6949,0.695,0.6949,0.695,25
2026-03-23T06:08:00,0.695,0.695,0.695,0.695,8
2026-03-23T06:09:00,0.6949,0.695,0.6949,0.695,9
2026-03-23T06:10:00,0.695,0.695,0.695,0.695,9
2026-03-23T06:11:00,0.6948,0.6948,0.6947,0.6947,29
2026-03-23T06:13:00,0.6947,0.6947,0.6947,0.6947,2
2026-03-23T06:14:00,0.695,0.6953,0.695,0.6953,30
2026-03-23T06:15:00,0.6953,0.6955,0.6953,0.6955,17
2026-03-23T06:16:00,0.6954,0.6954,0.6953,0.6953,2
2026-03-23T06:17:00,0.6951,0.6951,0.695,0.695,14
2026-03-23T06:18:00,0.6951,0.6953,0.6951,0.6951,33
2026-03-23T06:19:00,0.695,0.695,0.695,0.695,1
2026-03-23T06:20:00,0.6951,0.6951,0.695,0.695,5
2026-03-23T06:21:00,0.6951,0.6951,0.695,0.695,50
2026-03-23T06:22:00,0.695,0.6952,0.695,0.6952,8
2026-03-23T06:23:00,0.6952,0.6952,0.6952,0.6952,1
2026-03-23T06:24:00,0.6951,0.6951,0.695,0.695,15
2026-03-23T06:25:00,0.6951,0.6951,0.695,0.695,48
2026-03-23T06:26:00,0.6951,0.6951,0.6951,0.6951,6
2026-03-23T06:28:00,0.6951,0.6951,0.695,0.6951,48
2026-03-23T06:29:00,0.6951,0.6952,0.695,0.695,16
2026-03-23T06:30:00,0.6949,0.695,0.6949,0.6949,13
2026-03-23T06:31:00,0.6949,0.6952,0.6949,0.6952,9
2026-03-23T06:32:00,0.6951,0.6951,0.695,0.6951,5
2026-03-23T06:33:00,0.695,0.695,0.695,0.695,4
2026-03-23T06:34:00,0.695,0.6951,0.6949,0.6949,6
2026-03-23T06:36:00,0.6948,0.6948,0.6948,0.6948,15
2026-03-23T06:37:00,0.6948,0.6948,0.6948,0.6948,1
2026-03-23T06:38:00,0.6948,0.6948,0.6948,0.6948,5
2026-03-23T06:39:00,0.6948,0.6948,0.6948,0.6948,5
2026-03-23T06:40:00,0.695,0.695,0.695,0.695,1
2026-03-23T06:41:00,0.6951,0.6951,0.695,0.695,8
2026-03-23T06:42:00,0.6949,0.6949,0.6949,0.6949,5
2026-03-23T06:43:00,0.6947,0.6947,0.6946,0.6946,9
2026-03-23T06:44:00,0.6947,0.6947,0.6947,0.6947,6
2026-03-23T06:45:00,0.6945,0.6945,0.6945,0.6945,19
2026-03-23T06:46:00,0.6946,0.6946,0.6946,0.6946,1
2026-03-23T06:47:00,0.6945,0.6946,0.6945,0.6945,8
2026-03-23T06:48:00,0.6945,0.6946,0.6945,0.6946,6
2026-03-23T06:49:00,0.6947,0.6947,0.6946,0.6946,27
2026-03-23T06:50:00,0.6948,0.6948,0.6948,0.6948,2
2026-03-23T06:51:00,0.6949,0.695,0.6949,0.695,6
2026-03-23T06:52:00,0.695,0.695,0.695,0.695,6
2026-03-23T06:53:00,0.6949,0.6949,0.6949,0.6949,2
2026-03-23T06:54:00,0.695,0.695,0.695,0.695,34
2026-03-23T06:55:00,0.6949,0.6951,0.6949,0.6951,6
2026-03-23T06:56:00,0.6949,0.6949,0.6949,0.6949,6
2026-03-23T06:57:00,0.6949,0.6949,0.6949,0.6949,6
2026-03-23T06:58:00,0.6949,0.6949,0.6948,0.6948,2
2026-03-23T06:59:00,0.6948,0.6949,0.6948,0.6949,13
2026-03-23T07:00:00,0.6948,0.6948,0.6948,0.6948,2
2026-03-23T07:01:00,0.6947,0.6947,0.6947,0.6947,5
2026-03-23T07:02:00,0.6946,0.6946,0.6944,0.6946,23
2026-03-23T07:03:00,0.6946,0.6948,0.6946,0.6948,10
2026-03-23T07:04:00,0.6947,0.6947,0.6946,0.6946,3
2026-03-23T07:05:00,0.6946,0.6946,0.6946,0.6946,3
2026-03-23T07:06:00,0.6944,0.6944,0.6944,0.6944,2
2026-03-23T07:07:00,0.6944,0.6947,0.6944,0.6947,14
2026-03-23T07:08:00,0.6945,0.6945,0.6944,0.6944,8
2026-03-23T07:09:00,0.6944,0.6944,0.6944,0.6944,3
2026-03-23T07:10:00,0.6945,0.6947,0.6945,0.6947,18
2026-03-23T07:11:00,0.6946,0.6946,0.6946,0.6946,1
2026-03-23T07:12:00,0.6946,0.6946,0.6946,0.6946,1
2026-03-23T07:14:00,0.6945,0.6945,0.6945,0.6945,12
2026-03-23T07:15:00,0.6943,0.6943,0.6943,0.6943,7
2026-03-23T07:17:00,0.6945,0.6946,0.6944,0.6944,10
2026-03-23T07:18:00,0.6944,0.6944,0.6944,0.6944,6
2026-03-23T07:19:00,0.6944,0.6944,0.6943,0.6943,9
2026-03-23T07:20:00,0.6942,0.6942,0.6942,0.6942,29
2026-03-23T07:21:00,0.6945,0.6946,0.6945,0.6945,6
2026-03-23T07:22:00,0.6945,0.6945,0.6944,0.6944,14
2026-03-23T07:23:00,0.6943,0.6945,0.6943,0.6945,14
2026-03-23T07:24:00,0.6945,0.6945,0.6944,0.6944,10
2026-03-23T07:26:00,0.6944,0.6945,0.6944,0.6945,14
2026-03-23T07:27:00,0.6946,0.6946,0.6945,0.6945,14
2026-03-23T07:28:00,0.6945,0.6945,0.6943,0.6945,10
2026-03-23T07:29:00,0.6945,0.6945,0.6944,0.6944,4
2026-03-23T07:30:00,0.6944,0.6944,0.6944,0.6944,3
2026-03-23T07:31:00,0.6945,0.6945,0.6945,0.6945,6
2026-03-23T07:32:00,0.6945,0.6945,0.6944,0.6944,16
2026-03-23T07:34:00,0.6944,0.6944,0.6944,0.6944,1
2026-03-23T07:35:00,0.6944,0.6944,0.6943,0.6943,6
2026-03-23T07:36:00,0.6946,0.6947,0.6946,0.6947,27
2026-03-23T07:37:00,0.6947,0.6947,0.6947,0.6947,7
2026-03-23T07:38:00,0.6947,0.6953,0.6947,0.6952,146
2026-03-23T07:39:00,0.6952,0.6952,0.6952,0.6952,12
2026-03-23T07:40:00,0.6949,0.6949,0.6949,0.6949,2
2026-03-23T07:41:00,0.6951,0.6951,0.695,0.695,7
2026-03-23T07:42:00,0.6949,0.695,0.6949,0.695,5
2026-03-23T07:43:00,0.6948,0.6951,0.6948,0.695,29
2026-03-23T07:44:00,0.6951,0.6952,0.6951,0.6952,6
2026-03-23T07:45:00,0.6953,0.6953,0.6951,0.6951,10
2026-03-23T07:46:00,0.6954,0.6954,0.6954,0.6954,12
2026-03-23T07:47:00,0.6954,0.6954,0.6954,0.6954,5
2026-03-23T07:48:00,0.6955,0.6957,0.6955,0.6957,67
2026-03-23T07:49:00,0.6956,0.6956,0.6955,0.6955,5
2026-03-23T07:50:00,0.6955,0.6956,0.6954,0.6954,3
2026-03-23T07:51:00,0.6955,0.6955,0.6955,0.6955,1
2026-03-23T07:52:00,0.6954,0.6954,0.6954,0.6954,9
2026-03-23T07:53:00,0.695,0.695,0.6948,0.6948,8
2026-03-23T07:54:00,0.6949,0.6949,0.6948,0.6948,8
2026-03-23T07:55:00,0.6947,0.6947,0.6945,0.6946,6
2026-03-23T07:56:00,0.6947,0.6947,0.6947,0.6947,3
2026-03-23T07:57:00,0.6949,0.6949,0.6948,0.6948,4
2026-03-23T07:58:00,0.6945,0.6945,0.6945,0.6945,9
2026-03-23T07:59:00,0.6945,0.6945,0.6945,0.6945,1
2026-03-23T08:00:00,0.6947,0.6949,0.6947,0.6949,52
2026-03-23T08:01:00,0.6948,0.6948,0.6947,0.6947,12
2026-03-23T08:02:00,0.6946,0.6947,0.6946,0.6947,7
2026-03-23T08:03:00,0.6947,0.6948,0.6947,0.6948,9
2026-03-23T08:04:00,0.6947,0.6948,0.6947,0.6948,8
2026-03-23T08:05:00,0.6948,0.695,0.6948,0.695,3
2026-03-23T08:06:00,0.6953,0.6953,0.6953,0.6953,1
2026-03-23T08:07:00,0.6954,0.6954,0.6952,0.6952,5
2026-03-23T08:08:00,0.6952,0.6952,0.6952,0.6952,5
2026-03-23T08:09:00,0.6952,0.6952,0.6952,0.6952,2
2026-03-23T08:10:00,0.6952,0.6952,0.6951,0.6951,6
2026-03-23T08:11:00,0.695,0.6952,0.695,0.6951,19
2026-03-23T08:12:00,0.6954,0.6956,0.6954,0.6955,10
2026-03-23T08:13:00,0.6955,0.6957,0.6955,0.6957,9
2026-03-23T08:14:00,0.6958,0.6959,0.6958,0.6958,15
2026-03-23T08:15:00,0.6958,0.6959,0.6957,0.6959,27
2026-03-23T08:16:00,0.6957,0.6958,0.6957,0.6957,27
2026-03-23T08:17:00,0.6956,0.6956,0.6956,0.6956,1
2026-03-23T08:18:00,0.6957,0.6957,0.6956,0.6956,23
2026-03-23T08:19:00,0.6956,0.6959,0.6955,0.6959,7
2026-03-23T08:20:00,0.696,0.6961,0.696,0.696,17
2026-03-23T08:21:00,0.6959,0.6959,0.6958,0.6958,5
2026-03-23T08:22:00,0.6958,0.6961,0.6958,0.6961,37
2026-03-23T08:23:00,0.6962,0.6962,0.6959,0.6959,44
2026-03-23T08:24:00,0.696,0.696,0.6959,0.6959,9
2026-03-23T08:27:00,0.696,0.6961,0.696,0.6961,10
2026-03-23T08:28:00,0.6961,0.6961,0.6959,0.696,15
2026-03-23T08:29:00,0.696,0.696,0.6958,0.6958,5
2026-03-23T08:30:00,0.6958,0.6959,0.6958,0.6959,14
2026-03-23T08:31:00,0.6959,0.6962,0.6959,0.6962,17
2026-03-23T08:32:00,0.6963,0.6964,0.6962,0.6964,18
2026-03-23T08:33:00,0.6964,0.6964,0.6964,0.6964,4
2026-03-23T08:34:00,0.6963,0.6963,0.6961,0.6962,56
2026-03-23T08:35:00,0.6961,0.6961,0.6961,0.6961,2
2026-03-23T08:36:00,0.6961,0.6961,0.6961,0.6961,7
2026-03-23T08:37:00,0.6961,0.6964,0.6961,0.6964,4
2026-03-23T08:38:00,0.6961,0.6961,0.6961,0.6961,1
2026-03-23T08:40:00,0.6964,0.6964,0.6964,0.6964,1
2026-03-23T08:41:00,0.6964,0.6966,0.6964,0.6966,15
2026-03-23T08:42:00,0.6966,0.6966,0.6963,0.6963,19
2026-03-23T08:43:00,0.6961,0.6962,0.6961,0.6961,32
2026-03-23T08:44:00,0.6961,0.6961,0.6961,0.6961,1
2026-03-23T08:45:00,0.6965,0.6965,0.6965,0.6965,5
2026-03-23T08:46:00,0.6964,0.6965,0.6964,0.6965,11
2026-03-23T08:47:00,0.6967,0.6968,0.6967,0.6967,42
2026-03-23T08:48:00,0.6967,0.6968,0.6967,0.6967,7
2026-03-23T08:49:00,0.6966,0.6966,0.6966,0.6966,1
2026-03-23T08:50:00,0.6963,0.6964,0.6963,0.6964,2
2026-03-23T08:51:00,0.6964,0.6965,0.6964,0.6964,11
2026-03-23T08:53:00,0.6965,0.6965,0.6965,0.6965,2
2026-03-23T08:55:00,0.6961,0.6961,0.6959,0.6959,6
2026-03-23T08:56:00,0.696,0.696,0.696,0.696,2
2026-03-23T08:57:00,0.696,0.6962,0.696,0.6962,19
2026-03-23T08:58:00,0.6959,0.6959,0.6959,0.6959,1
2026-03-23T08:59:00,0.696,0.696,0.696,0.696,39
2026-03-23T09:00:00,0.696,0.6961,0.6958,0.6958,100
2026-03-23T09:01:00,0.6957,0.6958,0.6957,0.6958,2
2026-03-23T09:02:00,0.6957,0.6957,0.6955,0.6955,5
2026-03-23T09:04:00,0.6958,0.6958,0.6957,0.6957,3
2026-03-23T09:05:00,0.6955,0.6955,0.6955,0.6955,2
2026-03-23T09:06:00,0.6955,0.6956,0.6955,0.6955,33
2026-03-23T09:07:00,0.6956,0.6956,0.6955,0.6956,14
2026-03-23T09:08:00,0.6954,0.6954,0.6953,0.6953,11
2026-03-23T09:09:00,0.6953,0.6953,0.6953,0.6953,5
2026-03-23T09:10:00,0.6953,0.6953,0.6953,0.6953,5
2026-03-23T09:11:00,0.6952,0.6952,0.6952,0.6952,44
2026-03-23T09:12:00,0.6952,0.6952,0.6952,0.6952,3
2026-03-23T09:13:00,0.6952,0.6952,0.6949,0.695,42
2026-03-23T09:14:00,0.6952,0.6952,0.6951,0.6951,8
2026-03-23T09:15:00,0.695,0.6951,0.695,0.695,4
2026-03-23T09:16:00,0.695,0.6952,0.695,0.6952,2
2026-03-23T09:17:00,0.6952,0.6952,0.6951,0.6951,12
2026-03-23T09:18:00,0.6951,0.6952,0.6951,0.6952,19
2026-03-23T09:19:00,0.6952,0.6952,0.6951,0.6951,4
2026-03-23T09:20:00,0.6952,0.6953,0.6951,0.6953,12
2026-03-23T09:21:00,0.6952,0.6955,0.6952,0.6955,13
2026-03-23T09:22:00,0.6953,0.6953,0.6953,0.6953,41
2026-03-23T09:23:00,0.6953,0.6953,0.6953,0.6953,2
2026-03-23T09:24:00,0.6951,0.6951,0.695,0.695,6
2026-03-23T09:25:00,0.695,0.695,0.695,0.695,2
2026-03-23T09:26:00,0.6951,0.6951,0.695,0.695,2
2026-03-23T09:27:00,0.6949,0.695,0.6948,0.6949,25
2026-03-23T09:28:00,0.6948,0.6948,0.6947,0.6947,7
2026-03-23T09:29:00,0.6946,0.6946,0.6945,0.6946,19
2026-03-23T09:31:00,0.6947,0.6947,0.6945,0.6946,29
2026-03-23T09:32:00,0.6946,0.6946,0.6946,0.6946,5
2026-03-23T09:33:00,0.6945,0.6945,0.6944,0.6944,3
2026-03-23T09:34:00,0.6943,0.6943,0.694,0.694,27
2026-03-23T09:35:00,0.694,0.694,0.6938,0.694,17
2026-03-23T09:36:00,0.694,0.694,0.6937,0.6937,63
2026-03-23T09:37:00,0.6938,0.6938,0.6937,0.6937,16
2026-03-23T09:38:00,0.6939,0.694,0.6938,0.6938,21
2026-03-23T09:39:00,0.6939,0.6939,0.6938,0.6938,7
2026-03-23T09:40:00,0.6937,0.6937,0.6936,0.6937,55
2026-03-23T09:41:00,0.6939,0.6941,0.6939,0.6941,4
2026-03-23T09:42:00,0.6941,0.6941,0.6938,0.6938,5
2026-03-23T09:43:00,0.6936,0.6936,0.6935,0.6935,11
2026-03-23T09:44:00,0.6936,0.6936,0.6933,0.6935,25
2026-03-23T09:46:00,0.6935,0.6936,0.6935,0.6936,23
2026-03-23T09:47:00,0.6935,0.6936,0.6935,0.6936,9
2026-03-23T09:48:00,0.6936,0.6937,0.6936,0.6937,12
2026-03-23T09:50:00,0.6935,0.6935,0.6935,0.6935,2
2026-03-23T09:51:00,0.6935,0.6936,0.6935,0.6936,7
2026-03-23T09:52:00,0.6935,0.6935,0.6935,0.6935,3
2026-03-23T09:53:00,0.6935,0.6936,0.6935,0.6936,19
2026-03-23T09:54:00,0.6935,0.6935,0.6935,0.6935,6
2026-03-23T09:55:00,0.6934,0.6934,0.6931,0.6932,12
2026-03-23T09:56:00,0.6934,0.6934,0.6933,0.6933,6
2026-03-23T09:57:00,0.6935,0.6935,0.6934,0.6934,4
2026-03-23T09:58:00,0.6934,0.6934,0.6934,0.6934,1
2026-03-23T09:59:00,0.6934,0.6935,0.6933,0.6935,9
2026-03-23T10:00:00,0.6936,0.6936,0.6933,0.6933,5
2026-03-23T10:01:00,0.6933,0.6933,0.6933,0.6933,1
2026-03-23T10:03:00,0.6932,0.6933,0.6931,0.6933,11
2026-03-23T10:04:00,0.6933,0.6934,0.6933,0.6934,10
2026-03-23T10:05:00,0.6933,0.6933,0.6932,0.6932,5
2026-03-23T10:06:00,0.6932,0.6932,0.6932,0.6932,1
2026-03-23T10:07:00,0.6931,0.6931,0.6931,0.6931,2
2026-03-23T10:08:00,0.6932,0.6932,0.6932,0.6932,7
2026-03-23T10:09:00,0.6933,0.6933,0.6933,0.6933,1
2026-03-23T10:12:00,0.6933,0.6933,0.6933,0.6933,2
2026-03-23T10:13:00,0.693,0.693,0.6928,0.6928,21
2026-03-23T10:14:00,0.6928,0.6929,0.6928,0.6928,9
2026-03-23T10:15:00,0.6927,0.6927,0.6926,0.6926,5
2026-03-23T10:16:00,0.6925,0.6926,0.6924,0.6926,32
2026-03-23T10:17:00,0.6925,0.6925,0.6924,0.6925,10
2026-03-23T10:18:00,0.6924,0.6924,0.6921,0.6922,20
2026-03-23T10:19:00,0.6921,0.6924,0.6921,0.6924,34
2026-03-23T10:20:00,0.6923,0.6923,0.6919,0.6919,34
2026-03-23T10:21:00,0.6921,0.6921,0.692,0.692,11
2026-03-23T10:22:00,0.692,0.692,0.6918,0.692,24
2026-03-23T10:23:00,0.6919,0.6919,0.6917,0.6917,41
2026-03-23T10:24:00,0.6918,0.6918,0.6918,0.6918,1
2026-03-23T10:25:00,0.6919,0.6919,0.6918,0.6919,32
2026-03-23T10:26:00,0.6917,0.6918,0.6917,0.6918,16
2026-03-23T10:27:00,0.6918,0.6918,0.6915,0.6915,19
2026-03-23T10:28:00,0.6916,0.6916,0.6915,0.6916,12
2026-03-23T10:29:00,0.6917,0.6917,0.6917,0.6917,2
2026-03-23T10:30:00,0.6916,0.6916,0.6915,0.6915,18
2026-03-23T10:31:00,0.6915,0.6915,0.6915,0.6915,27
2026-03-23T10:32:00,0.6916,0.6917,0.6916,0.6917,3
2026-03-23T10:33:00,0.6916,0.6916,0.6916,0.6916,12
2026-03-23T10:34:00,0.6914,0.6914,0.6913,0.6913,21
2026-03-23T10:35:00,0.6913,0.6913,0.6913,0.6913,1
2026-03-23T10:36:00,0.6914,0.6915,0.6912,0.6912,24
2026-03-23T10:37:00,0.6912,0.6914,0.691,0.6911,35
2026-03-23T10:38:00,0.6909,0.6909,0.6908,0.6908,7
2026-03-23T10:39:00,0.6908,0.6908,0.6905,0.6906,27
2026-03-23T10:40:00,0.6907,0.6907,0.6904,0.6904,12
2026-03-23T10:41:00,0.6905,0.6906,0.6904,0.6906,10
2026-03-23T10:42:00,0.6906,0.6908,0.6906,0.6907,33
2026-03-23T10:43:00,0.6907,0.6908,0.6906,0.6906,22
2026-03-23T10:44:00,0.6905,0.6906,0.6903,0.6906,19
2026-03-23T10:45:00,0.6907,0.6907,0.6905,0.6906,49
2026-03-23T10:46:00,0.6906,0.6907,0.6906,0.6907,6
2026-03-23T10:47:00,0.6907,0.6909,0.6907,0.6909,15
2026-03-23T10:48:00,0.6908,0.6908,0.6908,0.6908,1
2026-03-23T10:49:00,0.6906,0.6906,0.6906,0.6906,13
2026-03-23T10:50:00,0.6907,0.6921,0.6907,0.6918,159
2026-03-23T10:51:00,0.6913,0.6915,0.6911,0.6914,128
2026-03-23T10:52:00,0.6912,0.6915,0.6912,0.6914,21
2026-03-23T10:53:00,0.6915,0.6917,0.6913,0.6917,34
2026-03-23T10:54:00,0.6918,0.6918,0.6916,0.6916,9
2026-03-23T10:55:00,0.6914,0.6914,0.6912,0.6912,4
2026-03-23T10:56:00,0.6911,0.6912,0.691,0.6911,15
2026-03-23T10:58:00,0.6916,0.6916,0.6916,0.6916,9
2026-03-23T10:59:00,0.6915,0.6915,0.6915,0.6915,7
2026-03-23T11:00:00,0.6916,0.692,0.6916,0.6919,28
2026-03-23T11:01:00,0.6918,0.6921,0.6918,0.692,56
2026-03-23T11:02:00,0.6919,0.6919,0.6918,0.6919,5
2026-03-23T11:03:00,0.6917,0.6917,0.6916,0.6917,13
2026-03-23T11:04:00,0.6918,0.6918,0.6917,0.6917,12
2026-03-23T11:05:00,0.6918,0.699,0.6918,0.6976,1249
2026-03-23T11:06:00,0.6976,0.7021,0.6975,0.7011,943
2026-03-23T11:07:00,0.7009,0.7019,0.7002,0.7003,779
2026-03-23T11:08:00,0.7001,0.7016,0.6994,0.7015,621
2026-03-23T11:09:00,0.7014,0.7016,0.7007,0.7014,497
2026-03-23T11:10:00,0.7015,0.7033,0.7009,0.7029,644
2026-03-23T11:11:00,0.7029,0.7035,0.7017,0.702,529
2026-03-23T11:12:00,0.702,0.7025,0.7011,0.702,544
2026-03-23T11:13:00,0.7023,0.7026,0.7018,0.7019,391
2026-03-23T11:14:00,0.7019,0.7019,0.7008,0.7014,227
2026-03-23T11:15:00,0.7014,0.7014,0.7003,0.7005,145
2026-03-23T11:16:00,0.7005,0.7005,0.6997,0.7003,237
2026-03-23T11:17:00,0.7003,0.7015,0.7003,0.701,131
2026-03-23T11:18:00,0.7011,0.7014,0.7003,0.7005,300
2026-03-23T11:19:00,0.7005,0.7005,0.6998,0.6999,118
2026-03-23T11:20:00,0.7001,0.7001,0.6969,0.6969,279
2026-03-23T11:21:00,0.6968,0.6978,0.6948,0.6978,548
2026-03-23T11:22:00,0.6976,0.6981,0.6968,0.6978,199
2026-03-23T11:23:00,0.6976,0.6978,0.6968,0.6975,144
2026-03-23T11:24:00,0.6975,0.6983,0.6968,0.6983,212
2026-03-23T11:25:00,0.6982,0.6992,0.6982,0.6986,263
2026-03-23T11:26:00,0.6988,0.6997,0.6988,0.6995,179
2026-03-23T11:27:00,0.6995,0.6999,0.6985,0.6985,220
2026-03-23T11:28:00,0.6985,0.6994,0.698,0.6994,325
2026-03-23T11:29:00,0.699,0.7001,0.699,0.7,52
2026-03-23T11:30:00,0.7,0.701,0.6999,0.7009,156
2026-03-23T11:31:00,0.7009,0.7012,0.7006,0.7012,101
2026-03-23T11:32:00,0.7011,0.7015,0.701,0.7013,77
2026-03-23T11:33:00,0.7014,0.7023,0.7013,0.7022,129
2026-03-23T11:34:00,0.7021,0.7026,0.7018,0.702,152
2026-03-23T11:35:00,0.702,0.7024,0.7017,0.7021,126
2026-03-23T11:36:00,0.7021,0.7022,0.7013,0.7015,138
2026-03-23T11:37:00,0.7015,0.7021,0.7015,0.702,79
2026-03-23T11:38:00,0.702,0.702,0.7012,0.7015,104
2026-03-23T11:39:00,0.7012,0.7015,0.7008,0.7009,112
2026-03-23T11:40:00,0.7009,0.7009,0.7,0.7001,57
2026-03-23T11:41:00,0.7003,0.7004,0.6999,0.7,100
2026-03-23T11:42:00,0.7001,0.7003,0.6995,0.7001,74
2026-03-23T11:43:00,0.7002,0.7009,0.7,0.7007,96
2026-03-23T11:44:00,0.7007,0.7008,0.6998,0.6999,121
2026-03-23T11:45:00,0.7001,0.7004,0.6996,0.6999,75
2026-03-23T11:46:00,0.6999,0.7005,0.699,0.6991,355
2026-03-23T11:47:00,0.699,0.6991,0.6977,0.6979,311
2026-03-23T11:48:00,0.6982,0.6991,0.6978,0.6989,94
2026-03-23T11:49:00,0.6988,0.6994,0.6985,0.6994,137
2026-03-23T11:50:00,0.6992,0.6992,0.6979,0.6983,108
2026-03-23T11:51:00,0.6978,0.6981,0.6975,0.6981,83
2026-03-23T11:52:00,0.6983,0.6987,0.6982,0.6983,17
2026-03-23T11:53:00,0.6983,0.6992,0.6983,0.6992,64
2026-03-23T11:54:00,0.6992,0.6994,0.6988,0.6988,106
2026-03-23T11:55:00,0.6987,0.6988,0.6972,0.6972,153
2026-03-23T11:56:00,0.6974,0.6974,0.6969,0.6973,48
2026-03-23T11:57:00,0.6973,0.6975,0.6968,0.6971,117
2026-03-23T11:58:00,0.6972,0.6979,0.6972,0.6978,64
2026-03-23T11:59:00,0.6978,0.6979,0.6976,0.6977,31
2026-03-23T12:00:00,0.6977,0.6978,0.6972,0.6974,73
2026-03-23T12:01:00,0.697,0.6974,0.6965,0.6972,62
2026-03-23T12:02:00,0.6975,0.6978,0.6971,0.6972,39
2026-03-23T12:03:00,0.6975,0.698,0.6974,0.6976,79
2026-03-23T12:04:00,0.6976,0.6983,0.6976,0.6981,15
2026-03-23T12:05:00,0.6979,0.6979,0.6972,0.6972,64
2026-03-23T12:06:00,0.6971,0.6974,0.6971,0.6973,36
2026-03-23T12:07:00,0.6972,0.6973,0.6968,0.697,50
2026-03-23T12:08:00,0.6971,0.6978,0.6971,0.6978,49
2026-03-23T12:09:00,0.6978,0.6986,0.6978,0.6985,60
2026-03-23T12:10:00,0.6985,0.6988,0.6983,0.6988,38
2026-03-23T12:11:00,0.699,0.699,0.698,0.698,42
2026-03-23T12:12:00,0.698,0.6984,0.698,0.698,57
2026-03-23T12:13:00,0.698,0.6983,0.6978,0.6978,73
2026-03-23T12:14:00,0.6978,0.6978,0.6973,0.6973,36
2026-03-23T12:15:00,0.6974,0.6979,0.6974,0.6977,15
2026-03-23T12:16:00,0.6978,0.6985,0.6978,0.6983,51
2026-03-23T12:17:00,0.6983,0.6989,0.6983,0.6988,55
2026-03-23T12:18:00,0.6987,0.6989,0.6986,0.6989,30
2026-03-23T12:19:00,0.699,0.6996,0.699,0.6996,67
2026-03-23T12:20:00,0.6993,0.6997,0.6989,0.6997,61
2026-03-23T12:21:00,0.6996,0.6999,0.6995,0.6997,28
2026-03-23T12:22:00,0.6997,0.6998,0.6996,0.6997,71
2026-03-23T12:23:00,0.6997,0.7,0.6994,0.6994,49
2026-03-23T12:24:00,0.6996,0.6996,0.6991,0.6992,33
2026-03-23T12:25:00,0.6994,0.6998,0.6994,0.6997,18
2026-03-23T12:26:00,0.6993,0.6995,0.6993,0.6995,29
2026-03-23T12:27:00,0.6995,0.6995,0.6993,0.6993,21
2026-03-23T12:28:00,0.6994,0.6997,0.6994,0.6997,59
2026-03-23T12:29:00,0.6997,0.6997,0.6994,0.6996,38
2026-03-23T12:30:00,0.6994,0.6995,0.6986,0.6991,46
2026-03-23T12:31:00,0.6987,0.6988,0.6982,0.6982,14
2026-03-23T12:32:00,0.6981,0.6983,0.6978,0.6983,18
2026-03-23T12:33:00,0.6983,0.6989,0.6982,0.6982,63
2026-03-23T12:34:00,0.6983,0.6987,0.6983,0.6987,15
2026-03-23T12:35:00,0.6988,0.699,0.6984,0.6984,31
2026-03-23T12:36:00,0.6989,0.6991,0.6989,0.6991,25
2026-03-23T12:37:00,0.6993,0.6997,0.699,0.699,14
2026-03-23T12:38:00,0.6988,0.6988,0.6985,0.6987,37
2026-03-23T12:39:00,0.6986,0.6988,0.6985,0.6988,24
2026-03-23T12:40:00,0.699,0.699,0.6986,0.6987,32
2026-03-23T12:41:00,0.699,0.7009,0.699,0.7001,329
2026-03-23T12:42:00,0.7002,0.7012,0.7001,0.7008,159
2026-03-23T12:43:00,0.7008,0.7013,0.7006,0.701,73
2026-03-23T12:44:00,0.7012,0.7015,0.7009,0.7013,71
2026-03-23T12:45:00,0.7012,0.7015,0.7008,0.7009,94
2026-03-23T12:46:00,0.7012,0.7019,0.7012,0.7019,86
2026-03-23T12:47:00,0.7019,0.7021,0.7017,0.702,74
2026-03-23T12:48:00,0.7019,0.7022,0.7018,0.702,88
2026-03-23T12:49:00,0.702,0.7021,0.7019,0.7021,20
2026-03-23T12:50:00,0.7022,0.7026,0.702,0.7022,91
2026-03-23T12:51:00,0.7022,0.7025,0.7021,0.7024,31
2026-03-23T12:52:00,0.7025,0.7025,0.702,0.7024,49
2026-03-23T12:53:00,0.7024,0.7024,0.7019,0.7023,24
2026-03-23T12:54:00,0.7024,0.7024,0.7016,0.702,42
2026-03-23T12:55:00,0.702,0.7022,0.7017,0.7017,34
2026-03-23T12:56:00,0.7017,0.7024,0.7017,0.7022,32
2026-03-23T12:57:00,0.702,0.7021,0.7019,0.702,17
2026-03-23T12:58:00,0.702,0.7021,0.7019,0.7021,18
2026-03-23T12:59:00,0.7025,0.7025,0.7022,0.7022,24
2026-03-23T13:00:00,0.7023,0.7025,0.7021,0.7021,71
2026-03-23T13:01:00,0.7021,0.7022,0.7012,0.7012,47
2026-03-23T13:02:00,0.7009,0.701,0.7006,0.701,30
2026-03-23T13:03:00,0.701,0.7016,0.7009,0.7016,45
2026-03-23T13:04:00,0.7014,0.7019,0.7014,0.7019,6
2026-03-23T13:05:00,0.7013,0.7013,0.7008,0.7008,7
2026-03-23T13:06:00,0.7011,0.7011,0.7006,0.7006,22
2026-03-23T13:07:00,0.7008,0.7008,0.7006,0.7008,27
2026-03-23T13:08:00,0.7006,0.7009,0.7005,0.7008,24
2026-03-23T13:09:00,0.7008,0.701,0.7008,0.7009,36
2026-03-23T13:10:00,0.7008,0.7011,0.7008,0.7008,25
2026-03-23T13:11:00,0.7009,0.701,0.7006,0.701,19
2026-03-23T13:12:00,0.701,0.701,0.7008,0.7008,14
2026-03-23T13:13:00,0.7007,0.7007,0.7005,0.7005,11
2026-03-23T13:14:00,0.7006,0.7007,0.7006,0.7007,16
2026-03-23T13:15:00,0.7009,0.7009,0.7007,0.7007,21
2026-03-23T13:16:00,0.701,0.7012,0.7009,0.701,20
2026-03-23T13:17:00,0.7008,0.7008,0.7003,0.7003,15
2026-03-23T13:18:00,0.7003,0.7005,0.7003,0.7005,2
2026-03-23T13:19:00,0.7003,0.7003,0.6998,0.6998,28
2026-03-23T13:20:00,0.6999,0.7001,0.6999,0.7,19
2026-03-23T13:21:00,0.7003,0.7003,0.6997,0.6998,9
2026-03-23T13:22:00,0.6997,0.6998,0.6996,0.6997,15
2026-03-23T13:23:00,0.6996,0.6999,0.6995,0.6995,17
2026-03-23T13:24:00,0.6994,0.6995,0.6992,0.6995,20
2026-03-23T13:25:00,0.6995,0.6995,0.6992,0.6993,12
2026-03-23T13:26:00,0.6992,0.6995,0.6992,0.6992,14
2026-03-23T13:27:00,0.6994,0.6998,0.6994,0.6996,14
2026-03-23T13:28:00,0.6999,0.7,0.6997,0.7,20
2026-03-23T13:29:00,0.6996,0.6996,0.6996,0.6996,1
2026-03-23T13:30:00,0.6997,0.7,0.6994,0.6999,85
2026-03-23T13:31:00,0.6997,0.7001,0.6997,0.7001,33
2026-03-23T13:32:00,0.7,0.7003,0.6999,0.6999,44
2026-03-23T13:33:00,0.6998,0.7001,0.6998,0.7,20
2026-03-23T13:34:00,0.6997,0.6998,0.6995,0.6996,45
2026-03-23T13:35:00,0.6998,0.7001,0.6995,0.6996,21
2026-03-23T13:36:00,0.7001,0.7004,0.7001,0.7004,18
2026-03-23T13:37:00,0.7005,0.7012,0.7005,0.7005,60
2026-03-23T13:38:00,0.7005,0.7008,0.7005,0.7008,9
2026-03-23T13:39:00,0.7008,0.7011,0.7007,0.7011,13
2026-03-23T13:40:00,0.7011,0.7011,0.7006,0.7008,4
2026-03-23T13:41:00,0.7007,0.7015,0.7003,0.7015,67
2026-03-23T13:42:00,0.7012,0.7025,0.7012,0.7021,171
2026-03-23T13:43:00,0.7021,0.7021,0.7016,0.7017,37
2026-03-23T13:44:00,0.7015,0.7018,0.7006,0.7007,70
2026-03-23T13:45:00,0.7006,0.7013,0.7006,0.7013,25
2026-03-23T13:46:00,0.7014,0.7015,0.7012,0.7013,70
2026-03-23T13:47:00,0.7016,0.7016,0.7011,0.7013,46
2026-03-23T13:48:00,0.7013,0.7017,0.7012,0.7014,90
2026-03-23T13:49:00,0.7016,0.702,0.7015,0.702,34
2026-03-23T13:50:00,0.702,0.702,0.7018,0.702,19
2026-03-23T13:51:00,0.7018,0.702,0.7016,0.702,19
2026-03-23T13:52:00,0.7022,0.7022,0.702,0.702,90
2026-03-23T13:53:00,0.702,0.7023,0.702,0.7023,35
2026-03-23T13:54:00,0.7021,0.7021,0.7016,0.7016,36
2026-03-23T13:55:00,0.7014,0.7016,0.7011,0.7011,113
2026-03-23T13:56:00,0.7012,0.7016,0.7012,0.7016,31
2026-03-23T13:57:00,0.7014,0.7018,0.7014,0.7018,49
2026-03-23T13:58:00,0.7018,0.7019,0.7017,0.7019,11
2026-03-23T13:59:00,0.7019,0.7021,0.7019,0.7021,10
2026-03-23T14:00:00,0.702,0.7023,0.702,0.7022,85
2026-03-23T14:01:00,0.7019,0.7027,0.7019,0.7027,38
2026-03-23T14:02:00,0.7027,0.703,0.7024,0.703,120
2026-03-23T14:03:00,0.7031,0.7032,0.7027,0.7027,28
2026-03-23T14:04:00,0.7027,0.7027,0.7022,0.7023,54
2026-03-23T14:05:00,0.7022,0.7022,0.7017,0.7019,12
2026-03-23T14:06:00,0.702,0.7021,0.702,0.702,17
2026-03-23T14:07:00,0.7021,0.7023,0.7021,0.7023,32
2026-03-23T14:08:00,0.7024,0.7025,0.702,0.7021,36
2026-03-23T14:09:00,0.7021,0.7025,0.7019,0.7023,42
2026-03-23T14:10:00,0.7024,0.7024,0.702,0.702,52
2026-03-23T14:11:00,0.7019,0.7025,0.7018,0.7021,65
2026-03-23T14:12:00,0.7022,0.7026,0.7022,0.7024,23
2026-03-23T14:13:00,0.7024,0.7027,0.7023,0.7027,26
2026-03-23T14:14:00,0.7027,0.7027,0.7023,0.7024,27
2026-03-23T14:15:00,0.7027,0.7031,0.7026,0.7031,27
2026-03-23T14:16:00,0.703,0.7032,0.7028,0.7031,71
2026-03-23T14:17:00,0.703,0.7037,0.703,0.7037,101
2026-03-23T14:18:00,0.7037,0.7041,0.7036,0.7039,79
2026-03-23T14:19:00,0.704,0.7042,0.7038,0.7042,51
2026-03-23T14:20:00,0.7042,0.7044,0.7042,0.7044,68
2026-03-23T14:21:00,0.7044,0.7049,0.7044,0.7049,44
2026-03-23T14:22:00,0.7049,0.7049,0.7046,0.7048,63
2026-03-23T14:23:00,0.7047,0.7051,0.7047,0.7048,44
2026-03-23T14:24:00,0.705,0.7053,0.7048,0.7052,42
2026-03-23T14:25:00,0.7049,0.7052,0.7047,0.7051,22
2026-03-23T14:26:00,0.7049,0.705,0.7048,0.705,99
2026-03-23T14:27:00,0.7048,0.7049,0.7048,0.7048,26
2026-03-23T14:28:00,0.7047,0.7048,0.7044,0.7048,67
2026-03-23T14:29:00,0.7047,0.705,0.7047,0.7049,19
2026-03-23T14:30:00,0.7048,0.7048,0.7042,0.7045,25
2026-03-23T14:31:00,0.7045,0.705,0.7045,0.7048,44
2026-03-23T14:32:00,0.7047,0.7051,0.7047,0.7051,15
2026-03-23T14:33:00,0.7051,0.7055,0.7051,0.7054,40
2026-03-23T14:34:00,0.7051,0.7051,0.7048,0.7048,8
2026-03-23T14:35:00,0.7047,0.7049,0.7047,0.7049,5
2026-03-23T14:36:00,0.705,0.7051,0.7047,0.7047,31
2026-03-23T14:37:00,0.7045,0.7047,0.7045,0.7045,9
2026-03-23T14:38:00,0.7045,0.705,0.7045,0.705,4
2026-03-23T14:39:00,0.7047,0.7049,0.7046,0.7049,6
2026-03-23T14:40:00,0.7048,0.7048,0.7044,0.7046,15
2026-03-23T14:41:00,0.7043,0.7045,0.7043,0.7045,24
2026-03-23T14:42:00,0.7046,0.7049,0.7046,0.7049,7
2026-03-23T14:43:00,0.7047,0.7047,0.704,0.7045,104
2026-03-23T14:44:00,0.7045,0.7045,0.7041,0.7041,61
2026-03-23T14:45:00,0.704,0.7041,0.7038,0.7041,33
2026-03-23T14:46:00,0.704,0.7044,0.704,0.7043,52
2026-03-23T14:47:00,0.7043,0.7048,0.7042,0.7048,19
2026-03-23T14:48:00,0.7045,0.7047,0.7043,0.7046,121
2026-03-23T14:49:00,0.7045,0.7047,0.7045,0.7047,6
2026-03-23T14:50:00,0.7045,0.7045,0.7039,0.7043,16
2026-03-23T14:51:00,0.7042,0.7045,0.7042,0.7045,15
2026-03-23T14:52:00,0.7044,0.7044,0.7041,0.7043,68
2026-03-23T14:53:00,0.7043,0.7044,0.704,0.7043,34
2026-03-23T14:54:00,0.7043,0.7044,0.704,0.704,13
2026-03-23T14:55:00,0.7042,0.7044,0.7041,0.7041,14
2026-03-23T14:56:00,0.7042,0.7043,0.704,0.7043,10
2026-03-23T14:57:00,0.7045,0.7045,0.7041,0.7041,7
2026-03-23T14:59:00,0.7042,0.7042,0.704,0.704,8
2026-03-23T15:00:00,0.7039,0.704,0.7039,0.704,2
2026-03-23T15:01:00,0.704,0.7042,0.704,0.7042,11
2026-03-23T15:02:00,0.7044,0.7046,0.7043,0.7046,22
2026-03-23T15:03:00,0.7046,0.7047,0.7046,0.7046,21
2026-03-23T15:04:00,0.7045,0.7052,0.7045,0.705,29
2026-03-23T15:05:00,0.7049,0.705,0.7047,0.7049,17
2026-03-23T15:06:00,0.7049,0.705,0.7047,0.7049,23
2026-03-23T15:07:00,0.7047,0.7047,0.7045,0.7047,10
2026-03-23T15:08:00,0.7046,0.7048,0.7044,0.7044,9
2026-03-23T15:09:00,0.7046,0.7046,0.7046,0.7046,4
2026-03-23T15:10:00,0.7044,0.7047,0.7044,0.7046,13
2026-03-23T15:11:00,0.7046,0.7046,0.7043,0.7044,22
2026-03-23T15:12:00,0.7042,0.7042,0.7035,0.7037,41
2026-03-23T15:13:00,0.7036,0.7041,0.7036,0.7041,19
2026-03-23T15:14:00,0.7041,0.7041,0.7037,0.7037,11
2026-03-23T15:15:00,0.7038,0.7038,0.7034,0.7034,17
2026-03-23T15:16:00,0.7033,0.7033,0.7029,0.703,34
2026-03-23T15:17:00,0.703,0.703,0.7029,0.7029,5
2026-03-23T15:18:00,0.7031,0.7031,0.7029,0.703,3
2026-03-23T15:19:00,0.703,0.7031,0.703,0.703,5
2026-03-23T15:20:00,0.7029,0.7029,0.7023,0.7023,61
2026-03-23T15:21:00,0.7022,0.7025,0.702,0.7025,68
2026-03-23T15:22:00,0.7026,0.7027,0.7025,0.7027,109
2026-03-23T15:23:00,0.7029,0.7029,0.7024,0.7027,29
2026-03-23T15:24:00,0.7028,0.7028,0.7024,0.7028,58
2026-03-23T15:25:00,0.7025,0.7027,0.7024,0.7025,46
2026-03-23T15:26:00,0.7024,0.7024,0.702,0.702,21
2026-03-23T15:27:00,0.702,0.702,0.7016,0.7017,36
2026-03-23T15:28:00,0.7017,0.7017,0.7015,0.7015,16
2026-03-23T15:29:00,0.7016,0.7016,0.7013,0.7014,55
2026-03-23T15:30:00,0.7014,0.7015,0.7011,0.7014,167
2026-03-23T15:31:00,0.7015,0.7016,0.7013,0.7015,28
2026-03-23T15:32:00,0.7016,0.7016,0.7014,0.7014,39
2026-03-23T15:33:00,0.7013,0.7013,0.7011,0.7011,24
2026-03-23T15:34:00,0.7012,0.7012,0.7008,0.7008,31
2026-03-23T15:35:00,0.701,0.701,0.7006,0.7008,52
2026-03-23T15:36:00,0.7007,0.7007,0.7003,0.7003,68
2026-03-23T15:37:00,0.7002,0.7002,0.7002,0.7002,5
2026-03-23T15:38:00,0.7003,0.7003,0.6999,0.7,36
2026-03-23T15:39:00,0.7003,0.7003,0.7001,0.7001,43
2026-03-23T15:40:00,0.7002,0.7002,0.6998,0.6999,25
2026-03-23T15:41:00,0.7003,0.7008,0.7002,0.7002,61
2026-03-23T15:42:00,0.7002,0.7002,0.7001,0.7002,14
2026-03-23T15:43:00,0.7002,0.7002,0.6998,0.6998,27
2026-03-23T15:44:00,0.7,0.7001,0.7,0.7001,4
2026-03-23T15:45:00,0.6999,0.6999,0.6999,0.6999,8
2026-03-23T15:46:00,0.6998,0.6998,0.6996,0.6997,62
2026-03-23T15:47:00,0.6998,0.7002,0.6997,0.7,34
2026-03-23T15:48:00,0.7001,0.7003,0.7,0.7002,18
2026-03-23T15:49:00,0.7001,0.7002,0.7,0.7,64
2026-03-23T15:50:00,0.7,0.7,0.6999,0.6999,10
2026-03-23T15:51:00,0.7001,0.7001,0.6998,0.6998,12
2026-03-23T15:52:00,0.6999,0.7,0.6987,0.6994,223
2026-03-23T15:53:00,0.6995,0.6996,0.6991,0.6996,96
2026-03-23T15:54:00,0.6996,0.6996,0.6988,0.6989,49
2026-03-23T15:55:00,0.6989,0.699,0.6984,0.6986,138
2026-03-23T15:56:00,0.6987,0.6989,0.6985,0.6987,41
2026-03-23T15:57:00,0.6988,0.6988,0.6987,0.6987,27
2026-03-23T15:58:00,0.6988,0.6988,0.6985,0.6985,26
2026-03-23T15:59:00,0.6985,0.6986,0.6985,0.6985,18
2026-03-23T16:00:00,0.6985,0.6988,0.6985,0.6985,65
2026-03-23T16:01:00,0.6986,0.6991,0.6986,0.699,38
2026-03-23T16:02:00,0.6991,0.6992,0.699,0.6991,27
2026-03-23T16:03:00,0.6992,0.6993,0.6984,0.6984,23
2026-03-23T16:04:00,0.6986,0.6989,0.6985,0.6986,26
2026-03-23T16:05:00,0.6986,0.6989,0.6985,0.6986,64
2026-03-23T16:06:00,0.6985,0.6988,0.6984,0.6988,28
2026-03-23T16:07:00,0.699,0.6992,0.699,0.6992,9
2026-03-23T16:08:00,0.6992,0.6992,0.6989,0.699,36
2026-03-23T16:09:00,0.6988,0.6988,0.6985,0.6985,26
2026-03-23T16:10:00,0.6983,0.6984,0.6981,0.6984,22
2026-03-23T16:11:00,0.6984,0.6985,0.6982,0.6983,11
2026-03-23T16:12:00,0.6984,0.6989,0.6984,0.6986,104
2026-03-23T16:13:00,0.6985,0.6985,0.6983,0.6985,42
2026-03-23T16:14:00,0.6983,0.6985,0.6982,0.6985,9
2026-03-23T16:15:00,0.6984,0.6984,0.6983,0.6983,8
2026-03-23T16:16:00,0.698,0.6985,0.6978,0.6985,64
2026-03-23T16:17:00,0.6981,0.6981,0.6981,0.6981,9
2026-03-23T16:18:00,0.698,0.6982,0.698,0.6982,7
2026-03-23T16:19:00,0.6983,0.6983,0.6983,0.6983,4
2026-03-23T16:20:00,0.6983,0.6983,0.698,0.698,15
2026-03-23T16:21:00,0.698,0.698,0.698,0.698,17
2026-03-23T16:22:00,0.6981,0.6981,0.6981,0.6981,9
2026-03-23T16:23:00,0.6984,0.6984,0.698,0.698,8
2026-03-23T16:24:00,0.6982,0.6984,0.6982,0.6982,20
2026-03-23T16:25:00,0.6981,0.6981,0.6975,0.6979,49
2026-03-23T16:26:00,0.6979,0.698,0.6978,0.6978,10
2026-03-23T16:27:00,0.6977,0.6977,0.6977,0.6977,12
2026-03-23T16:28:00,0.6977,0.698,0.6977,0.698,22
2026-03-23T16:29:00,0.6978,0.6978,0.6976,0.6976,17
2026-03-23T16:30:00,0.6976,0.6978,0.6976,0.6977,14
2026-03-23T16:31:00,0.6977,0.6981,0.6977,0.6981,13
2026-03-23T16:32:00,0.6982,0.6982,0.698,0.698,55
2026-03-23T16:33:00,0.698,0.6982,0.698,0.6982,8
2026-03-23T16:34:00,0.6983,0.6986,0.6983,0.6986,15
2026-03-23T16:35:00,0.6988,0.6988,0.6988,0.6988,12
2026-03-23T16:36:00,0.699,0.6991,0.699,0.699,7
2026-03-23T16:37:00,0.6991,0.6993,0.6989,0.6993,20
2026-03-23T16:38:00,0.6992,0.6992,0.6991,0.6991,8
2026-03-23T16:39:00,0.6989,0.699,0.6989,0.6989,8
2026-03-23T16:40:00,0.6991,0.6991,0.6991,0.6991,1
2026-03-23T16:41:00,0.699,0.699,0.699,0.699,1
2026-03-23T16:42:00,0.6988,0.6988,0.6988,0.6988,28
2026-03-23T16:43:00,0.6991,0.6993,0.6991,0.6992,13
2026-03-23T16:44:00,0.6992,0.6994,0.6989,0.6994,168
2026-03-23T16:45:00,0.6993,0.6997,0.6992,0.6996,67
2026-03-23T16:46:00,0.6994,0.6994,0.6993,0.6993,14
2026-03-23T16:47:00,0.6993,0.6995,0.6992,0.6995,13
2026-03-23T16:48:00,0.6993,0.6994,0.6993,0.6994,8
2026-03-23T16:49:00,0.6993,0.6998,0.6993,0.6998,18
2026-03-23T16:50:00,0.6998,0.7002,0.6998,0.7001,46
2026-03-23T16:51:00,0.7,0.7001,0.6997,0.7001,29
2026-03-23T16:52:00,0.6998,0.7,0.6998,0.6999,6
2026-03-23T16:53:00,0.7,0.7002,0.6998,0.7002,9
2026-03-23T16:54:00,0.7001,0.7001,0.6999,0.7001,8
2026-03-23T16:55:00,0.7001,0.7001,0.7,0.7,7
2026-03-23T16:56:00,0.7,0.7,0.7,0.7,1
2026-03-23T16:57:00,0.7,0.7001,0.6995,0.6996,34
2026-03-23T16:58:00,0.6996,0.6997,0.6996,0.6996,3
2026-03-23T16:59:00,0.6995,0.6996,0.6995,0.6996,4
2026-03-23T17:00:00,0.6997,0.7,0.6997,0.7,11
2026-03-23T17:01:00,0.6998,0.6998,0.6998,0.6998,4
2026-03-23T17:02:00,0.7,0.7,0.6993,0.6993,17
2026-03-23T17:03:00,0.6995,0.6995,0.6995,0.6995,1
2026-03-23T17:04:00,0.6996,0.6996,0.6995,0.6995,3
2026-03-23T17:05:00,0.6994,0.6996,0.6994,0.6996,6
2026-03-23T17:06:00,0.6998,0.6998,0.6995,0.6996,59
2026-03-23T17:07:00,0.6997,0.7,0.6997,0.7,10
2026-03-23T17:08:00,0.7002,0.7003,0.7002,0.7003,11
2026-03-23T17:09:00,0.7004,0.7004,0.7003,0.7003,4
2026-03-23T17:10:00,0.7003,0.7004,0.7003,0.7004,10
2026-03-23T17:11:00,0.7005,0.7006,0.7005,0.7005,11
2026-03-23T17:12:00,0.7004,0.7004,0.7004,0.7004,3
2026-03-23T17:13:00,0.7003,0.7003,0.7003,0.7003,1
2026-03-23T17:14:00,0.7001,0.7001,0.7001,0.7001,7
2026-03-23T17:15:00,0.7,0.7,0.7,0.7,4
2026-03-23T17:16:00,0.6999,0.6999,0.6996,0.6997,6
2026-03-23T17:17:00,0.6998,0.6999,0.6998,0.6999,2
2026-03-23T17:18:00,0.7002,0.7003,0.7002,0.7003,6
2026-03-23T17:19:00,0.7003,0.7003,0.7002,0.7002,4
2026-03-23T17:20:00,0.6999,0.6999,0.6997,0.6997,2
2026-03-23T17:21:00,0.6997,0.6997,0.6997,0.6997,4
2026-03-23T17:22:00,0.6999,0.6999,0.6999,0.6999,3
2026-03-23T17:23:00,0.7001,0.7001,0.7001,0.7001,1
2026-03-23T17:24:00,0.6999,0.6999,0.6999,0.6999,2
2026-03-23T17:25:00,0.7002,0.7003,0.7002,0.7003,10
2026-03-23T17:26:00,0.7001,0.7002,0.7001,0.7002,4
2026-03-23T17:27:00,0.7001,0.7003,0.7001,0.7003,3
2026-03-23T17:28:00,0.7001,0.7001,0.7001,0.7001,2
2026-03-23T17:30:00,0.7003,0.7004,0.7003,0.7004,7
2026-03-23T17:31:00,0.7004,0.7004,0.7004,0.7004,3
2026-03-23T17:32:00,0.7003,0.7003,0.7003,0.7003,1
2026-03-23T17:33:00,0.7005,0.7008,0.7005,0.7008,25
2026-03-23T17:34:00,0.7006,0.7008,0.7006,0.7007,24
2026-03-23T17:35:00,0.701,0.7018,0.701,0.7018,60
2026-03-23T17:36:00,0.7016,0.7017,0.7015,0.7017,7
2026-03-23T17:37:00,0.7018,0.7019,0.7017,0.7017,99
2026-03-23T17:38:00,0.7016,0.7016,0.7016,0.7016,13
2026-03-23T17:39:00,0.7015,0.7015,0.7014,0.7014,9
2026-03-23T17:40:00,0.7015,0.7015,0.7015,0.7015,2
2026-03-23T17:41:00,0.7015,0.7015,0.7011,0.7011,12
2026-03-23T17:42:00,0.7009,0.7009,0.7009,0.7009,6
2026-03-23T17:43:00,0.701,0.701,0.7006,0.7006,9
2026-03-23T17:44:00,0.7008,0.7008,0.7007,0.7008,6
2026-03-23T17:45:00,0.7008,0.7008,0.7004,0.7004,4
2026-03-23T17:46:00,0.7004,0.7004,0.7003,0.7003,2
2026-03-23T17:47:00,0.7002,0.7002,0.7001,0.7001,38
2026-03-23T17:48:00,0.7001,0.7001,0.7,0.7,9
2026-03-23T17:49:00,0.7001,0.7001,0.6999,0.6999,20
2026-03-23T17:50:00,0.7,0.7002,0.7,0.7002,11
2026-03-23T17:52:00,0.7001,0.7003,0.7001,0.7002,14
2026-03-23T17:53:00,0.7001,0.7003,0.7001,0.7003,3
2026-03-23T17:56:00,0.7006,0.7006,0.7006,0.7006,2
2026-03-23T17:57:00,0.7007,0.7007,0.7007,0.7007,2
2026-03-23T17:58:00,0.7007,0.7007,0.7007,0.7007,2
2026-03-23T17:59:00,0.7006,0.7006,0.7006,0.7006,1
2026-03-23T18:00:00,0.7006,0.7006,0.7006,0.7006,12
2026-03-23T18:01:00,0.7006,0.7006,0.7006,0.7006,1
2026-03-23T18:02:00,0.7005,0.7006,0.7004,0.7004,8
2026-03-23T18:04:00,0.7007,0.7007,0.7006,0.7007,11
2026-03-23T18:05:00,0.7007,0.7007,0.7007,0.7007,12
2026-03-23T18:06:00,0.7006,0.7006,0.7006,0.7006,1
2026-03-23T18:07:00,0.7003,0.7003,0.6996,0.6997,235
2026-03-23T18:08:00,0.6998,0.7004,0.6998,0.7003,160
2026-03-23T18:09:00,0.7003,0.7004,0.7003,0.7004,20
2026-03-23T18:10:00,0.7006,0.7007,0.7006,0.7007,9
2026-03-23T18:11:00,0.7007,0.7008,0.7007,0.7008,2
2026-03-23T18:12:00,0.7008,0.7008,0.7005,0.7005,5
2026-03-23T18:13:00,0.7005,0.7008,0.7005,0.7007,4
2026-03-23T18:14:00,0.7006,0.7006,0.7004,0.7004,10
2026-03-23T18:15:00,0.7003,0.7004,0.7001,0.7004,7
2026-03-23T18:18:00,0.7002,0.7002,0.7002,0.7002,1
2026-03-23T18:20:00,0.6999,0.7001,0.6999,0.7,45
2026-03-23T18:21:00,0.7002,0.7002,0.7001,0.7001,11
2026-03-23T18:22:00,0.7,0.7,0.6999,0.6999,28
2026-03-23T18:23:00,0.7,0.7,0.7,0.7,1
2026-03-23T18:24:00,0.6999,0.6999,0.6999,0.6999,1
2026-03-23T18:25:00,0.7001,0.7001,0.7001,0.7001,5
2026-03-23T18:27:00,0.7004,0.7004,0.7003,0.7003,11
2026-03-23T18:28:00,0.7,0.7,0.7,0.7,1
2026-03-23T18:30:00,0.7005,0.7007,0.7005,0.7007,8
2026-03-23T18:31:00,0.7007,0.7007,0.7007,0.7007,1
2026-03-23T18:33:00,0.7008,0.7011,0.7008,0.701,13
2026-03-23T18:34:00,0.7014,0.7015,0.7014,0.7015,18
2026-03-23T18:35:00,0.7016,0.7018,0.7016,0.7017,31
2026-03-23T18:36:00,0.7015,0.7018,0.7015,0.7018,32
2026-03-23T18:37:00,0.7019,0.7021,0.7019,0.702,18
2026-03-23T18:38:00,0.702,0.7021,0.7019,0.702,7
2026-03-23T18:39:00,0.7019,0.7019,0.7012,0.7016,235
2026-03-23T18:40:00,0.7016,0.7017,0.7016,0.7017,5
2026-03-23T18:41:00,0.7014,0.7014,0.7014,0.7014,3
2026-03-23T18:42:00,0.7015,0.7016,0.7015,0.7016,20
2026-03-23T18:43:00,0.7016,0.7017,0.7016,0.7017,2
2026-03-23T18:44:00,0.7016,0.7016,0.7015,0.7015,7
2026-03-23T18:45:00,0.7016,0.7016,0.7016,0.7016,2
2026-03-23T18:47:00,0.7017,0.7017,0.7017,0.7017,1
2026-03-23T18:49:00,0.7018,0.7019,0.7018,0.7019,11
2026-03-23T18:50:00,0.702,0.7021,0.7019,0.7019,71
2026-03-23T18:51:00,0.7018,0.7018,0.7018,0.7018,7
2026-03-23T18:52:00,0.7018,0.7018,0.7018,0.7018,1
2026-03-23T18:53:00,0.7017,0.7017,0.7017,0.7017,1
2026-03-23T18:54:00,0.7018,0.7018,0.7018,0.7018,1
2026-03-23T18:55:00,0.702,0.7021,0.702,0.702,10
2026-03-23T18:56:00,0.702,0.702,0.702,0.702,1
2026-03-23T18:57:00,0.7018,0.702,0.7018,0.702,6
2026-03-23T18:59:00,0.702,0.702,0.7019,0.7019,34
2026-03-23T19:00:00,0.7017,0.7017,0.7016,0.7016,21
2026-03-23T19:02:00,0.7017,0.7018,0.7017,0.7018,2
2026-03-23T19:03:00,0.702,0.702,0.7016,0.7016,2
2026-03-23T19:04:00,0.7017,0.7017,0.7016,0.7016,8
2026-03-23T19:05:00,0.7016,0.7016,0.7016,0.7016,1
2026-03-23T19:07:00,0.7016,0.7016,0.7016,0.7016,5
2026-03-23T19:08:00,0.7016,0.7016,0.7016,0.7016,3
2026-03-23T19:09:00,0.7017,0.7017,0.7017,0.7017,1
2026-03-23T19:11:00,0.7013,0.7013,0.7013,0.7013,4
2026-03-23T19:12:00,0.7014,0.7014,0.7014,0.7014,3
2026-03-23T19:13:00,0.7014,0.7014,0.7014,0.7014,1
2026-03-23T19:14:00,0.701,0.701,0.701,0.701,6
2026-03-23T19:15:00,0.701,0.701,0.701,0.701,2
2026-03-23T19:16:00,0.7009,0.7009,0.7007,0.7007,4
2026-03-23T19:17:00,0.7007,0.7007,0.7007,0.7007,1
2026-03-23T19:18:00,0.7009,0.7009,0.7009,0.7009,1
2026-03-23T19:19:00,0.7009,0.7009,0.7009,0.7009,1
2026-03-23T19:21:00,0.7009,0.7009,0.7009,0.7009,5
2026-03-23T19:22:00,0.7009,0.7009,0.7009,0.7009,1
2026-03-23T19:23:00,0.7009,0.7009,0.7008,0.7008,4
2026-03-23T19:25:00,0.7009,0.701,0.7008,0.701,48
2026-03-23T19:26:00,0.7007,0.7009,0.7006,0.7009,17
2026-03-23T19:27:00,0.7008,0.7009,0.7008,0.7008,10
2026-03-23T19:31:00,0.7007,0.7007,0.7007,0.7007,13
2026-03-23T19:33:00,0.7008,0.7008,0.7008,0.7008,3
2026-03-23T19:34:00,0.7009,0.7009,0.7009,0.7009,1
2026-03-23T19:35:00,0.7009,0.7009,0.7007,0.7007,28
2026-03-23T19:37:00,0.7008,0.7008,0.7007,0.7007,10
2026-03-23T19:38:00,0.7009,0.7009,0.7009,0.7009,3
2026-03-23T19:39:00,0.7008,0.7008,0.7008,0.7008,1
2026-03-23T19:41:00,0.7008,0.7008,0.7008,0.7008,16
2026-03-23T19:43:00,0.7006,0.7006,0.7005,0.7005,8
2026-03-23T19:44:00,0.7007,0.7007,0.7007,0.7007,3
2026-03-23T19:45:00,0.7008,0.7008,0.7008,0.7008,9
2026-03-23T19:46:00,0.7009,0.701,0.7009,0.7009,4
2026-03-23T19:47:00,0.7007,0.7007,0.7007,0.7007,3
2026-03-23T19:48:00,0.7007,0.7007,0.7006,0.7007,11
2026-03-23T19:50:00,0.7007,0.7007,0.7004,0.7004,7
2026-03-23T19:51:00,0.7006,0.7006,0.7004,0.7004,4
2026-03-23T19:52:00,0.7006,0.7006,0.7006,0.7006,3
2026-03-23T19:53:00,0.7005,0.7006,0.7005,0.7006,15
2026-03-23T19:54:00,0.7005,0.7005,0.7004,0.7004,11
2026-03-23T19:55:00,0.7005,0.7005,0.7003,0.7004,4
2026-03-23T19:56:00,0.7003,0.7003,0.7003,0.7003,1
2026-03-23T19:57:00,0.7002,0.7004,0.7001,0.7004,3
2026-03-23T19:59:00,0.7004,0.7005,0.7004,0.7005,20
2026-03-23T20:00:00,0.7003,0.7003,0.7003,0.7003,4
2026-03-23T20:01:00,0.7002,0.7002,0.7,0.7,12
2026-03-23T20:02:00,0.7004,0.7004,0.7003,0.7003,12
2026-03-23T20:03:00,0.7001,0.7001,0.7001,0.7001,3
2026-03-23T20:04:00,0.7,0.7,0.7,0.7,1
2026-03-23T20:05:00,0.7,0.7,0.7,0.7,3
2026-03-23T20:07:00,0.7002,0.7003,0.7002,0.7002,4
2026-03-23T20:10:00,0.7005,0.7005,0.7005,0.7005,10
2026-03-23T20:12:00,0.7003,0.7003,0.7003,0.7003,3
2026-03-23T20:13:00,0.7003,0.7003,0.7002,0.7002,5
2026-03-23T20:15:00,0.7004,0.7004,0.7004,0.7004,1
2026-03-23T20:16:00,0.7005,0.7005,0.7005,0.7005,5
2026-03-23T20:17:00,0.7004,0.7004,0.7004,0.7004,4
2026-03-23T20:19:00,0.7003,0.7003,0.7003,0.7003,1
2026-03-23T20:21:00,0.7003,0.7004,0.7003,0.7004,2
2026-03-23T20:22:00,0.7004,0.7004,0.7003,0.7003,6
2026-03-23T20:24:00,0.7003,0.7003,0.7003,0.7003,4
2026-03-23T20:25:00,0.7002,0.7002,0.7002,0.7002,6
2026-03-23T20:26:00,0.7002,0.7003,0.7002,0.7002,3
2026-03-23T20:27:00,0.7003,0.7003,0.7003,0.7003,2
2026-03-23T20:28:00,0.7002,0.7003,0.7002,0.7003,5
2026-03-23T20:29:00,0.7002,0.7002,0.7001,0.7002,7
2026-03-23T20:30:00,0.7001,0.7001,0.7001,0.7001,3
2026-03-23T20:31:00,0.7001,0.7001,0.7,0.7001,25
2026-03-23T20:32:00,0.7001,0.7001,0.7001,0.7001,1
2026-03-23T20:34:00,0.7003,0.7003,0.7003,0.7003,1
2026-03-23T20:35:00,0.7002,0.7002,0.7002,0.7002,2
2026-03-23T20:36:00,0.7002,0.7002,0.7002,0.7002,3
2026-03-23T20:37:00,0.7004,0.7004,0.7004,0.7004,1
2026-03-23T20:41:00,0.7003,0.7003,0.7003,0.7003,3
2026-03-23T20:43:00,0.7003,0.7003,0.7003,0.7003,1
2026-03-23T20:44:00,0.7004,0.7004,0.7003,0.7004,6
2026-03-23T20:45:00,0.7004,0.7004,0.7004,0.7004,1
2026-03-23T20:47:00,0.7004,0.7004,0.7004,0.7004,1
2026-03-23T20:48:00,0.7004,0.7004,0.7004,0.7004,2
2026-03-23T20:51:00,0.7005,0.7006,0.7005,0.7005,14
2026-03-23T20:52:00,0.7004,0.7004,0.7004,0.7004,3
2026-03-23T20:53:00,0.7003,0.7003,0.7003,0.7003,1
2026-03-23T20:54:00,0.7003,0.7003,0.7003,0.7003,1
2026-03-23T20:55:00,0.7004,0.7004,0.7004,0.7004,1
2026-03-23T20:56:00,0.7003,0.7003,0.7003,0.7003,4
2026-03-23T20:57:00,0.7003,0.7003,0.7003,0.7003,1
2026-03-23T20:58:00,0.7001,0.7001,0.7,0.7,19
2026-03-23T20:59:00,0.7002,0.7003,0.7002,0.7003,7
2026-03-23T22:00:00,0.6981,0.7003,0.6981,0.6998,211
2026-03-23T22:01:00,0.6999,0.7,0.6999,0.7,5
2026-03-23T22:03:00,0.6999,0.7,0.6995,0.6995,23
2026-03-23T22:04:00,0.6996,0.6996,0.6996,0.6996,3
2026-03-23T22:05:00,0.6995,0.6996,0.6994,0.6996,34
2026-03-23T22:06:00,0.6996,0.6997,0.6996,0.6997,16
2026-03-23T22:07:00,0.6999,0.6999,0.6999,0.6999,4
2026-03-23T22:08:00,0.7001,0.7001,0.7001,0.7001,1
2026-03-23T22:09:00,0.7001,0.7001,0.6999,0.6999,4
2026-03-23T22:10:00,0.7,0.7,0.7,0.7,3
2026-03-23T22:11:00,0.6999,0.6999,0.6999,0.6999,4
2026-03-23T22:12:00,0.6999,0.6999,0.6999,0.6999,1
2026-03-23T22:15:00,0.7002,0.7002,0.7002,0.7002,27
2026-03-23T22:16:00,0.7001,0.7001,0.7001,0.7001,1
2026-03-23T22:17:00,0.7001,0.7001,0.7001,0.7001,4
2026-03-23T22:18:00,0.7,0.7,0.7,0.7,1
2026-03-23T22:20:00,0.7001,0.7001,0.7001,0.7001,3
2026-03-23T22:22:00,0.7002,0.7002,0.7002,0.7002,2
2026-03-23T22:23:00,0.7001,0.7002,0.7001,0.7002,4
2026-03-23T22:24:00,0.7004,0.7005,0.7004,0.7005,4
2026-03-23T22:25:00,0.7005,0.7005,0.7005,0.7005,6
2026-03-23T22:26:00,0.7005,0.7005,0.7005,0.7005,1
2026-03-23T22:27:00,0.7006,0.7006,0.7006,0.7006,5
2026-03-23T22:29:00,0.7006,0.7006,0.7006,0.7006,3
2026-03-23T22:30:00,0.7007,0.7007,0.7007,0.7007,2
2026-03-23T22:32:00,0.7006,0.7006,0.7005,0.7005,4
2026-03-23T22:33:00,0.7005,0.7005,0.7005,0.7005,17
2026-03-23T22:34:00,0.7005,0.7005,0.7005,0.7005,3
2026-03-23T22:35:00,0.7006,0.7006,0.7006,0.7006,1
2026-03-23T22:36:00,0.7007,0.7007,0.7007,0.7007,4
2026-03-23T22:37:00,0.7006,0.7006,0.7006,0.7006,2
2026-03-23T22:38:00,0.7006,0.7006,0.7006,0.7006,1
2026-03-23T22:39:00,0.7007,0.7007,0.7007,0.7007,1
2026-03-23T22:40:00,0.7005,0.7005,0.7005,0.7005,2
2026-03-23T22:42:00,0.7006,0.7006,0.7005,0.7006,3
2026-03-23T22:43:00,0.7007,0.7007,0.7007,0.7007,1
2026-03-23T22:44:00,0.7007,0.7007,0.7007,0.7007,12
2026-03-23T22:46:00,0.7007,0.7008,0.7007,0.7007,7
2026-03-23T22:48:00,0.7009,0.7009,0.7009,0.7009,18
2026-03-23T22:50:00,0.7008,0.7008,0.7008,0.7008,1
2026-03-23T22:51:00,0.7008,0.7009,0.7008,0.7009,3
2026-03-23T22:52:00,0.701,0.7015,0.701,0.7012,72
2026-03-23T22:53:00,0.7012,0.7013,0.7011,0.7012,26
2026-03-23T22:54:00,0.7012,0.7013,0.7012,0.7013,6
2026-03-23T22:55:00,0.7012,0.7012,0.7012,0.7012,10
2026-03-23T22:56:00,0.7011,0.7011,0.7011,0.7011,7
2026-03-23T22:57:00,0.7012,0.7012,0.7012,0.7012,2
2026-03-23T22:58:00,0.7012,0.7012,0.7012,0.7012,5
2026-03-23T22:59:00,0.7011,0.7011,0.7011,0.7011,1
2026-03-23T23:00:00,0.701,0.701,0.701,0.701,8
2026-03-23T23:01:00,0.701,0.7011,0.701,0.7011,5
2026-03-23T23:02:00,0.701,0.701,0.701,0.701,8
2026-03-23T23:04:00,0.7009,0.7009,0.7008,0.7008,10
2026-03-23T23:05:00,0.7008,0.7008,0.7008,0.7008,6
2026-03-23T23:07:00,0.7008,0.7008,0.7008,0.7008,2
2026-03-23T23:08:00,0.7007,0.7007,0.7007,0.7007,1
2026-03-23T23:10:00,0.7006,0.7006,0.7005,0.7006,23
2026-03-23T23:11:00,0.7005,0.7005,0.7004,0.7005,21
2026-03-23T23:12:00,0.7005,0.7005,0.7004,0.7004,4
2026-03-23T23:15:00,0.7005,0.7005,0.7005,0.7005,4
2026-03-23T23:16:00,0.7006,0.7006,0.7006,0.7006,16
2026-03-23T23:17:00,0.7007,0.7007,0.7007,0.7007,2
2026-03-23T23:19:00,0.7008,0.7008,0.7006,0.7006,5
2026-03-23T23:20:00,0.7005,0.7005,0.7005,0.7005,3
2026-03-23T23:22:00,0.7006,0.7006,0.7006,0.7006,2
2026-03-23T23:23:00,0.7006,0.7007,0.7006,0.7007,4
2026-03-23T23:24:00,0.7007,0.7009,0.7007,0.7009,59
2026-03-23T23:25:00,0.7009,0.7009,0.7008,0.7008,2
2026-03-23T23:26:00,0.7007,0.7008,0.7007,0.7008,5
2026-03-23T23:27:00,0.7008,0.7009,0.7008,0.7009,5
2026-03-23T23:28:00,0.7008,0.7008,0.7007,0.7007,9
2026-03-23T23:30:00,0.7006,0.7006,0.7005,0.7005,4
2026-03-23T23:31:00,0.7005,0.7005,0.7004,0.7004,5
2026-03-23T23:32:00,0.7004,0.7005,0.7004,0.7005,9
2026-03-23T23:35:00,0.7004,0.7004,0.7004,0.7004,3
2026-03-23T23:37:00,0.7003,0.7003,0.7003,0.7003,9
2026-03-23T23:39:00,0.7003,0.7003,0.7002,0.7003,6
2026-03-23T23:40:00,0.7003,0.7003,0.7003,0.7003,1
2026-03-23T23:41:00,0.7002,0.7002,0.7002,0.7002,1
2026-03-23T23:43:00,0.7002,0.7002,0.7002,0.7002,1
2026-03-23T23:44:00,0.7002,0.7004,0.7002,0.7004,10
2026-03-23T23:45:00,0.7006,0.7006,0.7,0.7,18
2026-03-23T23:46:00,0.7001,0.7001,0.7001,0.7001,33
2026-03-23T23:47:00,0.7001,0.7001,0.7,0.7,4
2026-03-23T23:48:00,0.7,0.7,0.7,0.7,2
2026-03-23T23:49:00,0.6999,0.7001,0.6999,0.7001,16
2026-03-23T23:50:00,0.7002,0.7002,0.7,0.7,8
2026-03-23T23:52:00,0.7,0.7,0.7,0.7,1
2026-03-23T23:53:00,0.7001,0.7001,0.7001,0.7001,2
2026-03-23T23:54:00,0.7001,0.7001,0.7001,0.7001,2
2026-03-23T23:55:00,0.7,0.7,0.6998,0.6998,6
2026-03-23T23:56:00,0.6998,0.6998,0.6998,0.6998,1
2026-03-23T23:57:00,0.6998,0.6998,0.6998,0.6998,2
2026-03-23T23:58:00,0.6998,0.6998,0.6998,0.6998,9
2026-03-23T23:59:00,0.6999,0.7,0.6999,0.7,6
2026-03-24T00:00:00,0.7,0.7,0.6998,0.6999,61
2026-03-24T00:01:00,0.6998,0.6999,0.6994,0.6994,29
2026-03-24T00:02:00,0.6993,0.6993,0.699,0.6992,71
2026-03-24T00:03:00,0.699,0.699,0.6989,0.6989,5
2026-03-24T00:04:00,0.6989,0.699,0.6988,0.6988,8
2026-03-24T00:05:00,0.6988,0.6988,0.6987,0.6987,4
2026-03-24T00:06:00,0.6989,0.6989,0.6989,0.6989,5
2026-03-24T00:07:00,0.699,0.699,0.699,0.699,1
2026-03-24T00:08:00,0.699,0.699,0.6989,0.6989,10
2026-03-24T00:09:00,0.6989,0.6989,0.6989,0.6989,16
2026-03-24T00:11:00,0.6988,0.6988,0.6988,0.6988,3
2026-03-24T00:12:00,0.6987,0.6987,0.6985,0.6985,48
2026-03-24T00:13:00,0.6985,0.6986,0.6985,0.6985,3
2026-03-24T00:14:00,0.6983,0.6983,0.6982,0.6982,21
2026-03-24T00:15:00,0.6982,0.6982,0.698,0.6981,47
2026-03-24T00:16:00,0.6981,0.6984,0.6981,0.6982,7
2026-03-24T00:17:00,0.6981,0.6981,0.6981,0.6981,6
2026-03-24T00:18:00,0.6979,0.6979,0.6979,0.6979,2
2026-03-24T00:19:00,0.698,0.698,0.698,0.698,3
2026-03-24T00:20:00,0.6979,0.6981,0.6978,0.698,20
2026-03-24T00:21:00,0.6982,0.6986,0.6982,0.6985,22
2026-03-24T00:22:00,0.6988,0.6988,0.6987,0.6987,23
2026-03-24T00:23:00,0.6988,0.6988,0.6988,0.6988,3
2026-03-24T00:24:00,0.6988,0.6989,0.6988,0.6989,14
2026-03-24T00:25:00,0.6988,0.6989,0.6988,0.6989,6
2026-03-24T00:26:00,0.699,0.6991,0.6988,0.6988,7
2026-03-24T00:27:00,0.6988,0.6988,0.6987,0.6987,6
2026-03-24T00:28:00,0.6987,0.6987,0.6986,0.6986,28
2026-03-24T00:29:00,0.6986,0.6986,0.6986,0.6986,19
2026-03-24T00:30:00,0.6986,0.6986,0.6986,0.6986,3
2026-03-24T00:31:00,0.6986,0.6987,0.6986,0.6986,4
2026-03-24T00:32:00,0.6984,0.6984,0.6983,0.6983,10
2026-03-24T00:33:00,0.6982,0.6982,0.698,0.698,9
2026-03-24T00:34:00,0.6981,0.6985,0.6981,0.6985,31
2026-03-24T00:35:00,0.6983,0.6983,0.6982,0.6982,4
2026-03-24T00:36:00,0.6982,0.6984,0.6982,0.6984,2
2026-03-24T00:37:00,0.6983,0.6983,0.6983,0.6983,1
2026-03-24T00:38:00,0.6982,0.6982,0.6976,0.6977,59
2026-03-24T00:39:00,0.6978,0.6979,0.6961,0.6969,327
2026-03-24T00:40:00,0.697,0.6975,0.6969,0.6975,23
2026-03-24T00:41:00,0.6976,0.6977,0.6975,0.6977,32
2026-03-24T00:42:00,0.6976,0.6977,0.6974,0.6974,25
2026-03-24T00:43:00,0.6975,0.6975,0.6975,0.6975,3
2026-03-24T00:44:00,0.6976,0.6978,0.6974,0.6977,14
2026-03-24T00:45:00,0.6978,0.698,0.6978,0.6979,6
2026-03-24T00:46:00,0.6981,0.6981,0.6979,0.6979,10
2026-03-24T00:47:00,0.6979,0.698,0.6979,0.698,11
2026-03-24T00:48:00,0.6979,0.6979,0.6979,0.6979,8
2026-03-24T00:49:00,0.698,0.698,0.6979,0.6979,22
2026-03-24T00:50:00,0.6981,0.6981,0.6981,0.6981,15
2026-03-24T00:51:00,0.698,0.6982,0.698,0.6982,2
2026-03-24T00:52:00,0.698,0.698,0.6979,0.698,15
2026-03-24T00:53:00,0.6982,0.6984,0.6982,0.6984,20
2026-03-24T00:54:00,0.6981,0.6981,0.698,0.698,7
2026-03-24T00:55:00,0.6979,0.6982,0.6979,0.6981,27
2026-03-24T00:56:00,0.6981,0.6981,0.6981,0.6981,7
2026-03-24T00:57:00,0.698,0.698,0.698,0.698,4
2026-03-24T00:58:00,0.6981,0.6982,0.698,0.6982,13
2026-03-24T00:59:00,0.6982,0.6982,0.6982,0.6982,19
2026-03-24T01:00:00,0.698,0.6981,0.6979,0.6981,18
2026-03-24T01:01:00,0.698,0.698,0.6979,0.698,21
2026-03-24T01:02:00,0.6981,0.6981,0.6978,0.6978,8
2026-03-24T01:03:00,0.6977,0.6978,0.6976,0.6977,19
2026-03-24T01:04:00,0.6978,0.6981,0.6978,0.698,14
2026-03-24T01:05:00,0.6978,0.6982,0.6978,0.6982,4
2026-03-24T01:06:00,0.698,0.698,0.698,0.698,4
2026-03-24T01:07:00,0.6979,0.6979,0.6979,0.6979,6
2026-03-24T01:08:00,0.6978,0.698,0.6978,0.698,13
2026-03-24T01:09:00,0.698,0.6981,0.698,0.698,9
2026-03-24T01:10:00,0.6983,0.6984,0.6983,0.6984,3
2026-03-24T01:11:00,0.6985,0.6985,0.6985,0.6985,2
2026-03-24T01:14:00,0.6985,0.6985,0.6982,0.6982,5
2026-03-24T01:15:00,0.6983,0.6983,0.698,0.698,14
2026-03-24T01:16:00,0.6981,0.6981,0.698,0.698,5
2026-03-24T01:17:00,0.6976,0.6976,0.6976,0.6976,12
2026-03-24T01:18:00,0.6976,0.698,0.6976,0.698,15
2026-03-24T01:19:00,0.6979,0.698,0.6978,0.698,14
2026-03-24T01:20:00,0.6983,0.6983,0.6983,0.6983,4
2026-03-24T01:21:00,0.6983,0.6984,0.6983,0.6984,4
2026-03-24T01:22:00,0.6983,0.6985,0.6983,0.6985,9
2026-03-24T01:23:00,0.6986,0.6986,0.6983,0.6983,2
2026-03-24T01:26:00,0.6983,0.6983,0.6981,0.6981,4
2026-03-24T01:27:00,0.698,0.698,0.698,0.698,4
2026-03-24T01:29:00,0.698,0.698,0.698,0.698,2
2026-03-24T01:30:00,0.6979,0.6979,0.6979,0.6979,4
2026-03-24T01:31:00,0.6976,0.6976,0.6974,0.6975,25
2026-03-24T01:32:00,0.6973,0.6973,0.6973,0.6973,1
2026-03-24T01:33:00,0.6973,0.6975,0.6973,0.6974,21
2026-03-24T01:34:00,0.6974,0.6974,0.6973,0.6973,6
2026-03-24T01:35:00,0.6971,0.6972,0.6971,0.6972,13
2026-03-24T01:36:00,0.6971,0.6971,0.6968,0.6968,18
2026-03-24T01:37:00,0.6968,0.6968,0.6965,0.6965,9
2026-03-24T01:38:00,0.6965,0.6966,0.6963,0.6964,25
2026-03-24T01:39:00,0.6964,0.6965,0.6964,0.6964,5
2026-03-24T01:40:00,0.6964,0.6964,0.6963,0.6963,12
2026-03-24T01:41:00,0.6962,0.6962,0.6959,0.6959,31
2026-03-24T01:42:00,0.696,0.6962,0.696,0.6962,11
2026-03-24T01:43:00,0.6962,0.6962,0.6962,0.6962,10
2026-03-24T01:44:00,0.6962,0.6962,0.696,0.696,16
2026-03-24T01:45:00,0.6961,0.6962,0.6961,0.6962,9
2026-03-24T01:46:00,0.6962,0.6962,0.6962,0.6962,2
2026-03-24T01:47:00,0.6962,0.6962,0.696,0.6961,11
2026-03-24T01:49:00,0.6961,0.6961,0.696,0.696,8
2026-03-24T01:50:00,0.6961,0.6963,0.6961,0.6963,7
2026-03-24T01:51:00,0.6964,0.6966,0.6964,0.6966,22
2026-03-24T01:52:00,0.6967,0.6968,0.6967,0.6968,5
2026-03-24T01:53:00,0.6967,0.6967,0.6964,0.6964,2
2026-03-24T01:54:00,0.6964,0.6964,0.6961,0.6961,6
2026-03-24T01:55:00,0.6963,0.6963,0.6962,0.6962,4
2026-03-24T01:56:00,0.6962,0.6962,0.6962,0.6962,12
2026-03-24T01:57:00,0.6963,0.6963,0.6963,0.6963,2
2026-03-24T01:59:00,0.6962,0.6962,0.6962,0.6962,3
2026-03-24T02:00:00,0.6963,0.6963,0.6961,0.6961,6
2026-03-24T02:01:00,0.696,0.6963,0.696,0.6962,32
2026-03-24T02:02:00,0.6964,0.6964,0.6964,0.6964,2
2026-03-24T02:03:00,0.6964,0.6964,0.6962,0.6962,9
2026-03-24T02:05:00,0.6964,0.6964,0.6962,0.6962,7
2026-03-24T02:06:00,0.6962,0.6962,0.6962,0.6962,1
2026-03-24T02:07:00,0.6963,0.6963,0.6963,0.6963,1
2026-03-24T02:08:00,0.6963,0.6963,0.6961,0.6961,4
2026-03-24T02:10:00,0.6961,0.6961,0.6959,0.6959,212
2026-03-24T02:11:00,0.696,0.696,0.6957,0.6957,267
2026-03-24T02:12:00,0.6958,0.6959,0.6958,0.6959,9
2026-03-24T02:13:00,0.6959,0.696,0.6959,0.696,26
2026-03-24T02:14:00,0.6958,0.6958,0.6957,0.6957,2
2026-03-24T02:15:00,0.6958,0.6958,0.6958,0.6958,1
2026-03-24T02:16:00,0.6959,0.6963,0.6959,0.6962,4
2026-03-24T02:17:00,0.6962,0.6962,0.6962,0.6962,1
2026-03-24T02:18:00,0.6959,0.6959,0.6958,0.6958,2
2026-03-24T02:19:00,0.6957,0.6961,0.6957,0.6961,8
2026-03-24T02:20:00,0.6962,0.6963,0.6962,0.6963,3
2026-03-24T02:21:00,0.6963,0.6965,0.6963,0.6965,5
2026-03-24T02:22:00,0.6967,0.6967,0.6966,0.6967,8
2026-03-24T02:23:00,0.6967,0.6968,0.6967,0.6967,5
2026-03-24T02:24:00,0.6966,0.6967,0.6966,0.6967,2
2026-03-24T02:25:00,0.6969,0.697,0.6969,0.697,5
2026-03-24T02:26:00,0.6967,0.6967,0.6967,0.6967,3
2026-03-24T02:27:00,0.6965,0.6965,0.6965,0.6965,1
2026-03-24T02:29:00,0.6968,0.697,0.6968,0.697,3
2026-03-24T02:30:00,0.697,0.6971,0.697,0.6971,7
2026-03-24T02:32:00,0.6972,0.6972,0.6972,0.6972,6
2026-03-24T02:33:00,0.6971,0.6972,0.697,0.697,5
2026-03-24T02:35:00,0.697,0.6971,0.697,0.6971,6
2026-03-24T02:37:00,0.6971,0.6971,0.6971,0.6971,5
2026-03-24T02:38:00,0.6972,0.6972,0.697,0.697,3
2026-03-24T02:40:00,0.6968,0.6968,0.6968,0.6968,2
2026-03-24T02:43:00,0.6966,0.6966,0.6966,0.6966,10
2026-03-24T02:44:00,0.6968,0.6969,0.6967,0.6968,11
2026-03-24T02:46:00,0.6969,0.6969,0.6969,0.6969,4
2026-03-24T02:47:00,0.6969,0.6969,0.6968,0.6968,7
2026-03-24T02:48:00,0.6966,0.6966,0.6966,0.6966,7
2026-03-24T02:49:00,0.6966,0.6966,0.6966,0.6966,4
2026-03-24T02:50:00,0.6964,0.6964,0.6962,0.6962,23
2026-03-24T02:51:00,0.6962,0.6962,0.6962,0.6962,2
2026-03-24T02:52:00,0.6963,0.6963,0.6963,0.6963,2
2026-03-24T02:53:00,0.6963,0.6963,0.6963,0.6963,2
2026-03-24T02:54:00,0.6962,0.6962,0.6962,0.6962,2
2026-03-24T02:55:00,0.6964,0.6964,0.6964,0.6964,1
2026-03-24T02:56:00,0.6964,0.6964,0.6963,0.6963,2
2026-03-24T02:57:00,0.6962,0.6962,0.6962,0.6962,3
2026-03-24T02:58:00,0.6961,0.6961,0.696,0.696,10
2026-03-24T02:59:00,0.6961,0.6961,0.6961,0.6961,6
2026-03-24T03:00:00,0.696,0.696,0.696,0.696,1
2026-03-24T03:01:00,0.6961,0.6961,0.6961,0.6961,2
2026-03-24T03:02:00,0.6961,0.6961,0.696,0.696,7
2026-03-24T03:04:00,0.6962,0.6962,0.696,0.696,4
2026-03-24T03:05:00,0.696,0.6963,0.696,0.6963,2
2026-03-24T03:06:00,0.6964,0.6964,0.6964,0.6964,1
2026-03-24T03:07:00,0.6963,0.6963,0.6963,0.6963,1
2026-03-24T03:08:00,0.6961,0.6961,0.6961,0.6961,1
2026-03-24T03:10:00,0.6962,0.6962,0.6962,0.6962,1
2026-03-24T03:12:00,0.6962,0.6962,0.6961,0.6961,11
2026-03-24T03:16:00,0.6966,0.6966,0.6966,0.6966,1
2026-03-24T03:17:00,0.6967,0.6967,0.6967,0.6967,3
2026-03-24T03:19:00,0.6966,0.6966,0.6966,0.6966,1
2026-03-24T03:20:00,0.6966,0.6966,0.6966,0.6966,4
2026-03-24T03:21:00,0.6967,0.6967,0.6967,0.6967,4
2026-03-24T03:23:00,0.6966,0.6967,0.6966,0.6967,2
2026-03-24T03:24:00,0.6966,0.6967,0.6966,0.6966,4
2026-03-24T03:25:00,0.6965,0.6965,0.6965,0.6965,2
2026-03-24T03:26:00,0.6964,0.6964,0.6964,0.6964,2
2026-03-24T03:27:00,0.6964,0.6964,0.6964,0.6964,3
2026-03-24T03:29:00,0.6965,0.6965,0.6965,0.6965,5
2026-03-24T03:30:00,0.6963,0.6963,0.6962,0.6962,3
2026-03-24T03:31:00,0.6959,0.6959,0.6957,0.6957,6
2026-03-24T03:33:00,0.6958,0.696,0.6958,0.696,4
2026-03-24T03:34:00,0.6959,0.6959,0.6959,0.6959,4
2026-03-24T03:35:00,0.6959,0.6959,0.6959,0.6959,1
2026-03-24T03:37:00,0.6957,0.6958,0.6957,0.6958,4
2026-03-24T03:45:00,0.6961,0.6962,0.6961,0.6962,10
2026-03-24T03:46:00,0.6961,0.6961,0.6961,0.6961,6
2026-03-24T03:47:00,0.6961,0.6961,0.6961,0.6961,1
2026-03-24T03:48:00,0.6963,0.6963,0.6962,0.6962,2
2026-03-24T03:50:00,0.696,0.696,0.696,0.696,2
2026-03-24T03:51:00,0.696,0.696,0.6959,0.6959,3
2026-03-24T03:52:00,0.6959,0.6959,0.6959,0.6959,1
2026-03-24T03:53:00,0.6958,0.6958,0.6958,0.6958,4
2026-03-24T03:54:00,0.6958,0.6959,0.6958,0.6959,6
2026-03-24T03:55:00,0.6958,0.6958,0.6958,0.6958,6
2026-03-24T03:56:00,0.6959,0.6959,0.6959,0.6959,1
2026-03-24T03:57:00,0.696,0.696,0.696,0.696,1
2026-03-24T03:58:00,0.696,0.696,0.696,0.696,2
2026-03-24T03:59:00,0.6961,0.6961,0.696,0.696,7
2026-03-24T04:01:00,0.6961,0.6961,0.696,0.696,6
2026-03-24T04:02:00,0.6959,0.6959,0.6956,0.6956,14
2026-03-24T04:03:00,0.6957,0.6958,0.6957,0.6958,2
2026-03-24T04:04:00,0.696,0.696,0.696,0.696,15
2026-03-24T04:05:00,0.6961,0.6961,0.6961,0.6961,2
2026-03-24T04:06:00,0.6959,0.6959,0.6959,0.6959,49
2026-03-24T04:07:00,0.6959,0.6959,0.6959,0.6959,4
2026-03-24T04:09:00,0.6958,0.6958,0.6958,0.6958,1
2026-03-24T04:10:00,0.6959,0.6959,0.6959,0.6959,2
2026-03-24T04:12:00,0.6958,0.6958,0.6958,0.6958,4
2026-03-24T04:15:00,0.6957,0.6957,0.6955,0.6955,19
2026-03-24T04:16:00,0.6954,0.6954,0.6952,0.6952,6
2026-03-24T04:17:00,0.6954,0.6954,0.6953,0.6953,3
2026-03-24T04:18:00,0.6954,0.6954,0.6954,0.6954,2
2026-03-24T04:19:00,0.6954,0.6954,0.6954,0.6954,4
2026-03-24T04:20:00,0.6955,0.6955,0.6955,0.6955,1
2026-03-24T04:22:00,0.6955,0.6955,0.6955,0.6955,3
2026-03-24T04:23:00,0.6955,0.6956,0.6955,0.6956,5
2026-03-24T04:24:00,0.6956,0.6956,0.6956,0.6956,2
2026-03-24T04:25:00,0.6955,0.6955,0.6955,0.6955,1
2026-03-24T04:26:00,0.6955,0.6955,0.6955,0.6955,9
2026-03-24T04:27:00,0.6954,0.6954,0.6954,0.6954,6
2026-03-24T04:28:00,0.6955,0.6956,0.6955,0.6955,6
2026-03-24T04:30:00,0.6955,0.6956,0.6955,0.6956,2
2026-03-24T04:32:00,0.6955,0.6955,0.6955,0.6955,1
2026-03-24T04:34:00,0.6956,0.6956,0.6956,0.6956,2
2026-03-24T04:35:00,0.6956,0.6956,0.6955,0.6955,11
2026-03-24T04:36:00,0.6955,0.6955,0.6955,0.6955,1
2026-03-24T04:38:00,0.6956,0.6956,0.6956,0.6956,1
2026-03-24T04:39:00,0.6956,0.6956,0.6956,0.6956,2
2026-03-24T04:41:00,0.6957,0.6957,0.6957,0.6957,4
2026-03-24T04:43:00,0.6956,0.6956,0.6956,0.6956,1
2026-03-24T04:44:00,0.6956,0.6956,0.6956,0.6956,2
2026-03-24T04:45:00,0.6957,0.6957,0.6957,0.6957,1
2026-03-24T04:47:00,0.6957,0.6957,0.6957,0.6957,2
2026-03-24T04:50:00,0.6957,0.6957,0.6957,0.6957,1
2026-03-24T04:52:00,0.696,0.6961,0.696,0.696,6
2026-03-24T04:53:00,0.6961,0.6961,0.6961,0.6961,7
2026-03-24T04:54:00,0.6961,0.6961,0.6961,0.6961,1
2026-03-24T04:55:00,0.696,0.696,0.6959,0.6959,7
2026-03-24T04:56:00,0.6959,0.6959,0.6957,0.6957,3
2026-03-24T04:57:00,0.6958,0.6959,0.6958,0.6959,10
2026-03-24T04:58:00,0.6958,0.6958,0.6958,0.6958,2
2026-03-24T05:00:00,0.6959,0.6959,0.6958,0.6958,3
2026-03-24T05:01:00,0.6957,0.6958,0.6956,0.6956,21
2026-03-24T05:02:00,0.6956,0.6956,0.6956,0.6956,1
2026-03-24T05:03:00,0.6955,0.6955,0.6953,0.6953,18
2026-03-24T05:04:00,0.6953,0.6953,0.6953,0.6953,1
2026-03-24T05:05:00,0.6952,0.6952,0.695,0.695,11
2026-03-24T05:06:00,0.6951,0.6951,0.6949,0.6949,48
2026-03-24T05:07:00,0.695,0.695,0.695,0.695,2
2026-03-24T05:08:00,0.695,0.695,0.6949,0.6949,6
2026-03-24T05:09:00,0.6949,0.6949,0.6948,0.6949,8
2026-03-24T05:10:00,0.695,0.695,0.6949,0.6949,6
2026-03-24T05:11:00,0.6951,0.6951,0.6951,0.6951,7
2026-03-24T05:12:00,0.695,0.695,0.695,0.695,1
2026-03-24T05:14:00,0.6955,0.6955,0.6953,0.6953,11
2026-03-24T05:15:00,0.6953,0.6953,0.6953,0.6953,1
2026-03-24T05:16:00,0.6953,0.6954,0.6953,0.6954,8
2026-03-24T05:18:00,0.6955,0.6961,0.6955,0.6961,72
2026-03-24T05:19:00,0.6958,0.6958,0.6958,0.6958,2
2026-03-24T05:20:00,0.6957,0.6957,0.6957,0.6957,2
2026-03-24T05:22:00,0.6954,0.6954,0.6953,0.6953,4
2026-03-24T05:23:00,0.6954,0.6955,0.6953,0.6954,4
2026-03-24T05:24:00,0.6955,0.6955,0.6955,0.6955,5
2026-03-24T05:26:00,0.6955,0.6955,0.6955,0.6955,3
2026-03-24T05:27:00,0.6955,0.6955,0.6955,0.6955,1
2026-03-24T05:28:00,0.6952,0.6952,0.695,0.695,7
2026-03-24T05:29:00,0.695,0.695,0.695,0.695,1
2026-03-24T05:30:00,0.6952,0.6952,0.6952,0.6952,9
2026-03-24T05:31:00,0.6954,0.6954,0.6953,0.6953,2
2026-03-24T05:32:00,0.6953,0.6954,0.6953,0.6954,2
2026-03-24T05:35:00,0.6955,0.6955,0.6955,0.6955,2
2026-03-24T05:36:00,0.6958,0.6958,0.6956,0.6956,4
2026-03-24T05:38:00,0.6957,0.6957,0.6957,0.6957,1
2026-03-24T05:39:00,0.6958,0.6959,0.6958,0.6959,4
2026-03-24T05:40:00,0.696,0.6961,0.6959,0.6959,20
2026-03-24T05:41:00,0.6962,0.6962,0.6962,0.6962,9
2026-03-24T05:42:00,0.6962,0.6962,0.6961,0.6962,12
2026-03-24T05:43:00,0.6962,0.6963,0.6961,0.6961,8
2026-03-24T05:44:00,0.696,0.696,0.696,0.696,1
2026-03-24T05:45:00,0.696,0.696,0.696,0.696,2
2026-03-24T05:46:00,0.6963,0.6963,0.6963,0.6963,5
2026-03-24T05:49:00,0.6962,0.6962,0.6962,0.6962,2
2026-03-24T05:51:00,0.696,0.696,0.696,0.696,1
2026-03-24T05:54:00,0.696,0.696,0.696,0.696,5
2026-03-24T05:55:00,0.6958,0.6958,0.6958,0.6958,3
2026-03-24T05:57:00,0.6957,0.6957,0.6957,0.6957,2
2026-03-24T06:03:00,0.6963,0.6964,0.6963,0.6964,5
2026-03-24T06:04:00,0.6963,0.6964,0.6962,0.6964,8
2026-03-24T06:05:00,0.6963,0.6966,0.6963,0.6965,16
2026-03-24T06:06:00,0.6965,0.6965,0.6963,0.6963,8
2026-03-24T06:07:00,0.6964,0.6964,0.6964,0.6964,1
2026-03-24T06:08:00,0.6964,0.6964,0.6964,0.6964,1
2026-03-24T06:10:00,0.6964,0.6964,0.6964,0.6964,1
2026-03-24T06:11:00,0.6964,0.6964,0.6964,0.6964,5
2026-03-24T06:12:00,0.6963,0.6964,0.6963,0.6964,50
2026-03-24T06:15:00,0.6965,0.6965,0.6965,0.6965,1
2026-03-24T06:16:00,0.6966,0.6968,0.6966,0.6968,4
2026-03-24T06:17:00,0.6966,0.6967,0.6966,0.6967,10
2026-03-24T06:18:00,0.6967,0.6967,0.6966,0.6966,8
2026-03-24T06:19:00,0.6967,0.6967,0.6965,0.6965,6
2026-03-24T06:20:00,0.6963,0.6964,0.6962,0.6964,9
2026-03-24T06:21:00,0.6964,0.6964,0.6964,0.6964,1
2026-03-24T06:22:00,0.6965,0.6965,0.6965,0.6965,24
2026-03-24T06:23:00,0.6965,0.6965,0.6965,0.6965,1
2026-03-24T06:24:00,0.6966,0.6966,0.6966,0.6966,1
2026-03-24T06:25:00,0.6965,0.697,0.6965,0.697,15
2026-03-24T06:26:00,0.6971,0.6971,0.6969,0.6969,4
2026-03-24T06:27:00,0.6969,0.697,0.6969,0.697,10
2026-03-24T06:28:00,0.6969,0.697,0.6968,0.6968,13
2026-03-24T06:31:00,0.6969,0.6969,0.6968,0.6968,6
2026-03-24T06:32:00,0.6968,0.6968,0.6968,0.6968,3
2026-03-24T06:33:00,0.6968,0.6968,0.6968,0.6968,1
2026-03-24T06:34:00,0.697,0.697,0.697,0.697,1
2026-03-24T06:35:00,0.6969,0.6969,0.6969,0.6969,12
2026-03-24T06:36:00,0.6966,0.6968,0.6965,0.6968,8
2026-03-24T06:38:00,0.6968,0.6968,0.6967,0.6967,13
2026-03-24T06:40:00,0.697,0.697,0.6969,0.6969,3
2026-03-24T06:43:00,0.6969,0.6969,0.6968,0.6968,16
2026-03-24T06:46:00,0.6967,0.6971,0.6967,0.6971,13
2026-03-24T06:47:00,0.697,0.697,0.697,0.697,14
2026-03-24T06:48:00,0.6971,0.6972,0.6971,0.6971,29
2026-03-24T06:49:00,0.697,0.697,0.697,0.697,10
2026-03-24T06:51:00,0.6971,0.6971,0.6971,0.6971,1
2026-03-24T06:52:00,0.6972,0.6972,0.6972,0.6972,6
2026-03-24T06:53:00,0.6972,0.6974,0.6972,0.6973,31
2026-03-24T06:54:00,0.6975,0.6977,0.6975,0.6977,34
2026-03-24T06:55:00,0.6977,0.6977,0.6977,0.6977,41
2026-03-24T06:56:00,0.6975,0.6975,0.6975,0.6975,5
2026-03-24T06:57:00,0.6976,0.6976,0.6976,0.6976,5
2026-03-24T06:58:00,0.6976,0.6976,0.6976,0.6976,6
2026-03-24T06:59:00,0.6977,0.6979,0.6977,0.6979,94
2026-03-24T07:00:00,0.6977,0.6981,0.6977,0.6981,24
2026-03-24T07:01:00,0.698,0.6982,0.698,0.6982,18
2026-03-24T07:02:00,0.6983,0.6987,0.6983,0.6987,38
2026-03-24T07:03:00,0.6988,0.6989,0.6986,0.6987,40
2026-03-24T07:04:00,0.6986,0.6986,0.6986,0.6986,1
2026-03-24T07:05:00,0.6987,0.6988,0.6987,0.6988,12
2026-03-24T07:06:00,0.6989,0.6989,0.6989,0.6989,21
2026-03-24T07:07:00,0.699,0.6991,0.6987,0.6988,51
2026-03-24T07:08:00,0.6988,0.6988,0.6987,0.6987,7
2026-03-24T07:09:00,0.6988,0.6992,0.6988,0.6992,40
2026-03-24T07:10:00,0.6993,0.6999,0.6993,0.6999,100
2026-03-24T07:11:00,0.6998,0.6999,0.6996,0.6999,37
2026-03-24T07:12:00,0.6998,0.7007,0.6998,0.7006,120
2026-03-24T07:13:00,0.7003,0.7003,0.7003,0.7003,1
2026-03-24T07:14:00,0.6998,0.6999,0.6998,0.6999,12
2026-03-24T07:15:00,0.6995,0.6995,0.6994,0.6995,26
2026-03-24T07:16:00,0.6994,0.6996,0.6994,0.6995,61
2026-03-24T07:17:00,0.6996,0.6997,0.6992,0.6992,19
2026-03-24T07:18:00,0.6991,0.6991,0.6989,0.6989,18
2026-03-24T07:19:00,0.6988,0.6988,0.6987,0.6987,5
2026-03-24T07:20:00,0.6987,0.6987,0.6984,0.6984,11
2026-03-24T07:21:00,0.6985,0.6988,0.6985,0.6988,5
2026-03-24T07:22:00,0.6988,0.6988,0.6988,0.6988,2
2026-03-24T07:23:00,0.6989,0.6989,0.6988,0.6988,2
2026-03-24T07:24:00,0.6988,0.6988,0.6987,0.6987,7
2026-03-24T07:25:00,0.6985,0.6985,0.6984,0.6984,11
2026-03-24T07:26:00,0.6985,0.6985,0.6983,0.6983,13
2026-03-24T07:27:00,0.6984,0.6984,0.6984,0.6984,12
2026-03-24T07:28:00,0.6984,0.6985,0.6984,0.6984,15
2026-03-24T07:29:00,0.6984,0.6984,0.6981,0.6981,31
2026-03-24T07:30:00,0.698,0.698,0.6978,0.6978,12
2026-03-24T07:31:00,0.6978,0.6978,0.6977,0.6977,20
2026-03-24T07:32:00,0.6977,0.6977,0.6975,0.6975,17
2026-03-24T07:33:00,0.6975,0.6975,0.6974,0.6974,14
2026-03-24T07:34:00,0.6975,0.6975,0.6974,0.6974,5
2026-03-24T07:35:00,0.6976,0.6977,0.6976,0.6977,10
2026-03-24T07:36:00,0.6977,0.6978,0.6977,0.6978,3
2026-03-24T07:37:00,0.6978,0.6978,0.6978,0.6978,3
2026-03-24T07:39:00,0.6979,0.698,0.6979,0.698,8
2026-03-24T07:40:00,0.6981,0.6981,0.6979,0.6979,10
2026-03-24T07:41:00,0.6979,0.698,0.6978,0.698,12
2026-03-24T07:43:00,0.698,0.698,0.698,0.698,3
2026-03-24T07:44:00,0.6984,0.6984,0.6984,0.6984,2
2026-03-24T07:45:00,0.6981,0.6981,0.698,0.698,2
2026-03-24T07:46:00,0.698,0.6981,0.698,0.698,10
2026-03-24T07:50:00,0.6979,0.6982,0.6979,0.6982,5
2026-03-24T07:52:00,0.6984,0.6984,0.6984,0.6984,4
2026-03-24T07:53:00,0.6985,0.6985,0.6985,0.6985,3
2026-03-24T07:54:00,0.6985,0.6985,0.6984,0.6984,2
2026-03-24T07:55:00,0.6983,0.6983,0.6983,0.6983,2
2026-03-24T07:57:00,0.6981,0.6981,0.6981,0.6981,4
2026-03-24T07:58:00,0.6983,0.6983,0.6983,0.6983,7
2026-03-24T07:59:00,0.6982,0.6982,0.6982,0.6982,10
2026-03-24T08:00:00,0.6981,0.6982,0.698,0.698,36
2026-03-24T08:01:00,0.6979,0.6979,0.6976,0.6976,7
2026-03-24T08:03:00,0.6977,0.6977,0.6972,0.6972,43
2026-03-24T08:04:00,0.6973,0.6974,0.6973,0.6974,6
2026-03-24T08:05:00,0.6976,0.6979,0.6976,0.6979,6
2026-03-24T08:06:00,0.6979,0.6981,0.6979,0.6981,11
2026-03-24T08:07:00,0.6981,0.6981,0.698,0.698,2
2026-03-24T08:08:00,0.6978,0.6978,0.6978,0.6978,6
2026-03-24T08:09:00,0.698,0.698,0.698,0.698,13
2026-03-24T08:10:00,0.698,0.698,0.6978,0.6978,15
2026-03-24T08:11:00,0.6978,0.6978,0.6978,0.6978,5
2026-03-24T08:12:00,0.698,0.698,0.698,0.698,1
2026-03-24T08:13:00,0.698,0.698,0.698,0.698,10
2026-03-24T08:14:00,0.6978,0.6978,0.6978,0.6978,1
2026-03-24T08:15:00,0.6977,0.6977,0.6977,0.6977,1
2026-03-24T08:16:00,0.698,0.698,0.6979,0.6979,4
2026-03-24T08:17:00,0.6977,0.6977,0.6974,0.6974,2
2026-03-24T08:18:00,0.6975,0.6975,0.6973,0.6973,4
2026-03-24T08:19:00,0.6971,0.6971,0.6968,0.6968,24
2026-03-24T08:20:00,0.6969,0.697,0.6968,0.6968,4
2026-03-24T08:21:00,0.6969,0.6969,0.6968,0.6969,8
2026-03-24T08:22:00,0.697,0.6971,0.6969,0.6969,8
2026-03-24T08:24:00,0.6969,0.6969,0.6968,0.6968,7
2026-03-24T08:25:00,0.6967,0.6967,0.6966,0.6966,10
2026-03-24T08:26:00,0.6967,0.6968,0.6965,0.6965,19
2026-03-24T08:27:00,0.6965,0.6965,0.6963,0.6964,38
2026-03-24T08:29:00,0.6964,0.6964,0.6962,0.6962,9
2026-03-24T08:30:00,0.6961,0.6961,0.6959,0.6961,59
2026-03-24T08:31:00,0.6961,0.6963,0.696,0.696,17
2026-03-24T08:32:00,0.6962,0.6962,0.6962,0.6962,1
2026-03-24T08:34:00,0.6962,0.6962,0.6962,0.6962,2
2026-03-24T08:35:00,0.6962,0.6963,0.6961,0.6963,12
2026-03-24T08:37:00,0.6965,0.6965,0.6965,0.6965,1
2026-03-24T08:38:00,0.6964,0.6964,0.6962,0.6962,4
2026-03-24T08:39:00,0.6962,0.6963,0.6962,0.6963,5
2026-03-24T08:40:00,0.6962,0.6962,0.6962,0.6962,1
2026-03-24T08:41:00,0.6964,0.6964,0.6964,0.6964,1
2026-03-24T08:42:00,0.6963,0.6963,0.6963,0.6963,4
2026-03-24T08:43:00,0.6961,0.6961,0.6961,0.6961,4
2026-03-24T08:44:00,0.6961,0.6961,0.6961,0.6961,1
2026-03-24T08:45:00,0.6962,0.6962,0.6961,0.6961,5
2026-03-24T08:46:00,0.6961,0.6961,0.6961,0.6961,1
2026-03-24T08:47:00,0.6964,0.6964,0.6964,0.6964,1
2026-03-24T08:49:00,0.6962,0.6962,0.696,0.696,30
2026-03-24T08:50:00,0.6958,0.6959,0.6951,0.6953,260
2026-03-24T08:51:00,0.6954,0.6956,0.6952,0.6953,29
2026-03-24T08:52:00,0.6954,0.6958,0.6954,0.6958,5
2026-03-24T08:53:00,0.6959,0.6959,0.6956,0.6956,7
2026-03-24T08:54:00,0.6958,0.6959,0.6956,0.6956,17
2026-03-24T08:55:00,0.6958,0.6958,0.6957,0.6957,10
2026-03-24T08:56:00,0.6957,0.6957,0.6954,0.6955,8
2026-03-24T08:57:00,0.6954,0.6954,0.6954,0.6954,1
2026-03-24T08:58:00,0.6955,0.6955,0.6955,0.6955,1
2026-03-24T08:59:00,0.6957,0.6957,0.6957,0.6957,1
2026-03-24T09:00:00,0.6955,0.6955,0.6955,0.6955,10
2026-03-24T09:02:00,0.6955,0.6955,0.6955,0.6955,3
2026-03-24T09:03:00,0.6957,0.6957,0.6954,0.6954,13
2026-03-24T09:04:00,0.6956,0.6956,0.6955,0.6955,5
2026-03-24T09:05:00,0.6956,0.6956,0.6956,0.6956,3
2026-03-24T09:06:00,0.6955,0.6955,0.695,0.6951,32
2026-03-24T09:07:00,0.695,0.6951,0.695,0.6951,16
2026-03-24T09:08:00,0.6951,0.6951,0.6951,0.6951,1
2026-03-24T09:09:00,0.6951,0.6951,0.6951,0.6951,1
2026-03-24T09:10:00,0.6953,0.6953,0.6953,0.6953,4
2026-03-24T09:11:00,0.6953,0.6953,0.6953,0.6953,8
2026-03-24T09:13:00,0.695,0.695,0.695,0.695,1
2026-03-24T09:14:00,0.6949,0.6949,0.6947,0.6948,30
2026-03-24T09:15:00,0.6947,0.6948,0.6947,0.6948,18
2026-03-24T09:16:00,0.6946,0.6948,0.6945,0.6948,17
2026-03-24T09:17:00,0.6951,0.6951,0.6951,0.6951,1
2026-03-24T09:18:00,0.695,0.6951,0.695,0.695,17
2026-03-24T09:19:00,0.695,0.695,0.695,0.695,17
2026-03-24T09:20:00,0.695,0.695,0.695,0.695,1
2026-03-24T09:21:00,0.695,0.695,0.6948,0.6948,4
2026-03-24T09:22:00,0.6947,0.6947,0.6947,0.6947,2
2026-03-24T09:23:00,0.6947,0.6947,0.6947,0.6947,4
2026-03-24T09:24:00,0.6947,0.6948,0.6947,0.6947,22
2026-03-24T09:25:00,0.6947,0.6949,0.6947,0.6948,15
2026-03-24T09:26:00,0.6948,0.6948,0.6947,0.6947,2
2026-03-24T09:27:00,0.6948,0.6948,0.6948,0.6948,2
2026-03-24T09:29:00,0.695,0.6951,0.695,0.6951,3
2026-03-24T09:30:00,0.6948,0.6949,0.6948,0.6949,10
2026-03-24T09:31:00,0.6949,0.6949,0.6949,0.6949,3
2026-03-24T09:32:00,0.6952,0.6952,0.6952,0.6952,1
2026-03-24T09:33:00,0.6954,0.6954,0.6952,0.6952,13
2026-03-24T09:34:00,0.6952,0.6954,0.6952,0.6953,22
2026-03-24T09:35:00,0.6954,0.6954,0.6954,0.6954,1
2026-03-24T09:37:00,0.6954,0.6956,0.6954,0.6956,11
2026-03-24T09:38:00,0.6956,0.6956,0.6956,0.6956,1
2026-03-24T09:39:00,0.6955,0.6957,0.6955,0.6957,2
2026-03-24T09:40:00,0.6958,0.696,0.6958,0.696,9
2026-03-24T09:41:00,0.696,0.696,0.696,0.696,7
2026-03-24T09:42:00,0.6961,0.6961,0.6961,0.6961,1
2026-03-24T09:43:00,0.6959,0.6961,0.6959,0.6961,2
2026-03-24T09:44:00,0.696,0.6961,0.696,0.6961,14
2026-03-24T09:45:00,0.6962,0.6962,0.6962,0.6962,4
2026-03-24T09:46:00,0.6963,0.6963,0.696,0.696,11
2026-03-24T09:48:00,0.6962,0.6962,0.6962,0.6962,9
2026-03-24T09:49:00,0.6962,0.6963,0.6961,0.6963,31
2026-03-24T09:50:00,0.6963,0.6963,0.6963,0.6963,2
2026-03-24T09:51:00,0.6962,0.6962,0.696,0.696,6
2026-03-24T09:52:00,0.696,0.6961,0.696,0.6961,2
2026-03-24T09:53:00,0.6962,0.6962,0.6962,0.6962,1
2026-03-24T09:55:00,0.6963,0.6965,0.6963,0.6965,6
2026-03-24T09:56:00,0.6966,0.6966,0.6965,0.6965,10
2026-03-24T09:59:00,0.6967,0.6967,0.6965,0.6965,18
2026-03-24T10:01:00,0.6963,0.6963,0.6961,0.6961,34
2026-03-24T10:02:00,0.696,0.696,0.6958,0.6958,10
2026-03-24T10:03:00,0.6958,0.6958,0.6957,0.6958,18
2026-03-24T10:04:00,0.6959,0.6959,0.6959,0.6959,4
2026-03-24T10:06:00,0.6961,0.6961,0.6961,0.6961,5
2026-03-24T10:07:00,0.6961,0.6961,0.6961,0.6961,8
2026-03-24T10:08:00,0.6964,0.6964,0.6963,0.6963,8
2026-03-24T10:11:00,0.6964,0.6964,0.6963,0.6963,5
2026-03-24T10:13:00,0.6964,0.6964,0.6964,0.6964,6
2026-03-24T10:14:00,0.6965,0.6965,0.6964,0.6964,3
2026-03-24T10:17:00,0.6965,0.6966,0.6965,0.6966,2
2026-03-24T10:18:00,0.6966,0.6966,0.6966,0.6966,2
2026-03-24T10:19:00,0.6968,0.697,0.6968,0.697,56
2026-03-24T10:20:00,0.6967,0.6969,0.6967,0.6969,6
2026-03-24T10:21:00,0.6969,0.6969,0.6969,0.6969,4
2026-03-24T10:22:00,0.6969,0.6969,0.6969,0.6969,1
2026-03-24T10:23:00,0.6969,0.697,0.6969,0.697,6
2026-03-24T10:24:00,0.6967,0.6967,0.6967,0.6967,10
2026-03-24T10:26:00,0.6966,0.6966,0.6966,0.6966,10
2026-03-24T10:27:00,0.6966,0.6966,0.6965,0.6966,10
2026-03-24T10:28:00,0.6964,0.6964,0.6964,0.6964,1
2026-03-24T10:29:00,0.6964,0.6964,0.6964,0.6964,2
2026-03-24T10:30:00,0.6963,0.6963,0.6963,0.6963,11
2026-03-24T10:31:00,0.6961,0.6961,0.6961,0.6961,3
2026-03-24T10:32:00,0.6963,0.6963,0.6963,0.6963,1
2026-03-24T10:34:00,0.6961,0.6961,0.696,0.696,7
2026-03-24T10:35:00,0.696,0.6961,0.696,0.6961,4
2026-03-24T10:36:00,0.6962,0.6962,0.6962,0.6962,4
2026-03-24T10:37:00,0.6962,0.6962,0.6962,0.6962,1
2026-03-24T10:39:00,0.6963,0.6963,0.6963,0.6963,2
2026-03-24T10:40:00,0.6965,0.6965,0.6964,0.6964,8
2026-03-24T10:41:00,0.6963,0.6963,0.6963,0.6963,2
2026-03-24T10:42:00,0.6963,0.6964,0.6963,0.6964,4
2026-03-24T10:43:00,0.6963,0.6965,0.6963,0.6963,36
2026-03-24T10:44:00,0.6965,0.6965,0.6964,0.6965,29
2026-03-24T10:46:00,0.6966,0.6966,0.6966,0.6966,5
2026-03-24T10:48:00,0.6961,0.6961,0.6959,0.6959,9
2026-03-24T10:49:00,0.6959,0.696,0.6959,0.6959,5
2026-03-24T10:50:00,0.696,0.6961,0.696,0.6961,7
2026-03-24T10:51:00,0.6963,0.6963,0.6963,0.6963,1
2026-03-24T10:52:00,0.6965,0.6965,0.6964,0.6964,3
2026-03-24T10:54:00,0.6964,0.6964,0.6964,0.6964,2
2026-03-24T10:55:00,0.6963,0.6963,0.6963,0.6963,12
2026-03-24T10:56:00,0.6966,0.6966,0.6966,0.6966,4
2026-03-24T10:57:00,0.6966,0.6966,0.6966,0.6966,1
2026-03-24T10:59:00,0.6968,0.6968,0.6968,0.6968,2
2026-03-24T11:00:00,0.6968,0.6971,0.6967,0.6971,18
2026-03-24T11:01:00,0.6971,0.6971,0.6964,0.6965,18
2026-03-24T11:02:00,0.6965,0.6965,0.6964,0.6964,10
2026-03-24T11:03:00,0.6965,0.6966,0.6965,0.6966,6
2026-03-24T11:04:00,0.6969,0.6969,0.6967,0.6967,8
2026-03-24T11:05:00,0.6967,0.6967,0.6967,0.6967,1
2026-03-24T11:06:00,0.6969,0.6969,0.6968,0.6968,5
2026-03-24T11:07:00,0.6971,0.6971,0.697,0.697,8
2026-03-24T11:08:00,0.6971,0.6972,0.6971,0.6971,22
2026-03-24T11:10:00,0.6972,0.6972,0.6971,0.6972,9
2026-03-24T11:11:00,0.6971,0.6971,0.6971,0.6971,1
2026-03-24T11:12:00,0.697,0.697,0.697,0.697,7
2026-03-24T11:13:00,0.6969,0.6969,0.6969,0.6969,1
2026-03-24T11:14:00,0.697,0.697,0.697,0.697,1
2026-03-24T11:16:00,0.6966,0.6966,0.6963,0.6963,14
2026-03-24T11:17:00,0.6963,0.6963,0.6961,0.6961,3
2026-03-24T11:18:00,0.6962,0.6964,0.6962,0.6963,12
2026-03-24T11:19:00,0.6965,0.6965,0.6965,0.6965,1
2026-03-24T11:20:00,0.6966,0.6966,0.6966,0.6966,4
2026-03-24T11:21:00,0.6966,0.6966,0.6965,0.6965,6
2026-03-24T11:22:00,0.6965,0.6967,0.6965,0.6967,2
2026-03-24T11:23:00,0.6965,0.6966,0.6965,0.6966,2
2026-03-24T11:25:00,0.6963,0.6963,0.6963,0.6963,4
2026-03-24T11:27:00,0.6962,0.6963,0.6962,0.6963,12
2026-03-24T11:28:00,0.6964,0.6965,0.6964,0.6965,5
2026-03-24T11:32:00,0.6962,0.6962,0.6962,0.6962,1
2026-03-24T11:42:00,0.6967,0.6967,0.6966,0.6966,6
2026-03-24T11:44:00,0.6967,0.6967,0.6967,0.6967,4
2026-03-24T11:45:00,0.6966,0.6966,0.6966,0.6966,4
2026-03-24T11:46:00,0.6966,0.6968,0.6966,0.6966,36
2026-03-24T11:47:00,0.6966,0.6967,0.6966,0.6967,4
2026-03-24T11:48:00,0.6967,0.6967,0.6967,0.6967,1
2026-03-24T11:49:00,0.6967,0.6967,0.6967,0.6967,6
2026-03-24T11:52:00,0.696,0.696,0.6957,0.6957,10
2026-03-24T11:53:00,0.6957,0.6957,0.6949,0.6951,111
2026-03-24T11:54:00,0.6951,0.6958,0.6951,0.6956,35
2026-03-24T11:55:00,0.6956,0.6959,0.6956,0.6958,60
2026-03-24T11:56:00,0.6958,0.6961,0.6957,0.696,145
2026-03-24T11:57:00,0.696,0.696,0.696,0.696,3
2026-03-24T11:58:00,0.6961,0.6961,0.696,0.6961,6
2026-03-24T11:59:00,0.6962,0.6962,0.6961,0.6961,37
2026-03-24T12:00:00,0.6963,0.6963,0.696,0.696,13
2026-03-24T12:01:00,0.6961,0.6961,0.6961,0.6961,4
2026-03-24T12:03:00,0.6961,0.6961,0.696,0.6961,3
2026-03-24T12:04:00,0.696,0.696,0.6958,0.6958,7
2026-03-24T12:07:00,0.6954,0.6954,0.6954,0.6954,1
2026-03-24T12:08:00,0.6954,0.6954,0.6952,0.6952,6
2026-03-24T12:09:00,0.6953,0.6955,0.6953,0.6955,5
2026-03-24T12:13:00,0.6957,0.6957,0.6957,0.6957,7
2026-03-24T12:14:00,0.6955,0.6955,0.6954,0.6954,5
2026-03-24T12:15:00,0.6954,0.6954,0.6954,0.6954,1
2026-03-24T12:16:00,0.6954,0.6954,0.6953,0.6953,2
2026-03-24T12:17:00,0.6953,0.6953,0.6953,0.6953,11
2026-03-24T12:18:00,0.6953,0.6953,0.6953,0.6953,1
2026-03-24T12:19:00,0.6954,0.6954,0.6953,0.6953,4
2026-03-24T12:20:00,0.6953,0.6953,0.6953,0.6953,7
2026-03-24T12:21:00,0.6952,0.6952,0.6952,0.6952,8
2026-03-24T12:22:00,0.6951,0.6951,0.6951,0.6951,2
2026-03-24T12:23:00,0.6953,0.6953,0.6953,0.6953,4
2026-03-24T12:24:00,0.6955,0.6955,0.6955,0.6955,2
2026-03-24T12:25:00,0.6954,0.6954,0.6954,0.6954,7
2026-03-24T12:26:00,0.6956,0.6958,0.6956,0.6958,5
2026-03-24T12:27:00,0.6958,0.6958,0.6958,0.6958,2
2026-03-24T12:28:00,0.6958,0.6958,0.6957,0.6957,14
2026-03-24T12:29:00,0.6957,0.6957,0.6957,0.6957,2
2026-03-24T12:30:00,0.6956,0.6956,0.6954,0.6954,13
2026-03-24T12:31:00,0.6955,0.6955,0.6953,0.6953,4
2026-03-24T12:32:00,0.6954,0.6954,0.6954,0.6954,1
2026-03-24T12:33:00,0.6953,0.6953,0.6949,0.6949,14
2026-03-24T12:34:00,0.6949,0.695,0.6948,0.695,16
2026-03-24T12:35:00,0.6949,0.6949,0.6949,0.6949,4
2026-03-24T12:36:00,0.695,0.6951,0.695,0.6951,2
2026-03-24T12:37:00,0.6948,0.6949,0.6946,0.6946,10
2026-03-24T12:38:00,0.6945,0.6945,0.6944,0.6945,42
2026-03-24T12:39:00,0.6945,0.6945,0.6945,0.6945,15
2026-03-24T12:40:00,0.6945,0.6946,0.6945,0.6946,5
2026-03-24T12:41:00,0.6946,0.6946,0.6945,0.6945,5
2026-03-24T12:42:00,0.6944,0.6945,0.6944,0.6945,13
2026-03-24T12:44:00,0.6944,0.6945,0.6944,0.6945,7
2026-03-24T12:45:00,0.6946,0.6946,0.6946,0.6946,9
2026-03-24T12:46:00,0.6948,0.6949,0.6948,0.6949,3
2026-03-24T12:47:00,0.6949,0.6949,0.6949,0.6949,1
2026-03-24T12:48:00,0.695,0.695,0.6949,0.695,12
2026-03-24T12:49:00,0.6948,0.6948,0.6947,0.6947,3
2026-03-24T12:50:00,0.6947,0.6947,0.6946,0.6946,3
2026-03-24T12:51:00,0.6947,0.6947,0.6947,0.6947,2
2026-03-24T12:52:00,0.6948,0.6956,0.6948,0.6956,29
2026-03-24T12:53:00,0.6956,0.6956,0.6951,0.6952,27
2026-03-24T12:54:00,0.6952,0.6952,0.6952,0.6952,2
2026-03-24T12:55:00,0.6953,0.6953,0.6951,0.6951,6
2026-03-24T12:56:00,0.695,0.695,0.6949,0.695,3
2026-03-24T12:57:00,0.695,0.695,0.6949,0.695,9
2026-03-24T12:58:00,0.6949,0.6949,0.6949,0.6949,10
2026-03-24T12:59:00,0.6948,0.6948,0.6948,0.6948,5
2026-03-24T13:00:00,0.6948,0.6948,0.6947,0.6947,2
2026-03-24T13:01:00,0.6948,0.6948,0.6948,0.6948,1
2026-03-24T13:02:00,0.6951,0.6954,0.6951,0.6954,7
2026-03-24T13:03:00,0.6954,0.6956,0.6953,0.6956,23
2026-03-24T13:04:00,0.6955,0.6955,0.6953,0.6954,15
2026-03-24T13:05:00,0.6955,0.6955,0.6954,0.6954,10
2026-03-24T13:06:00,0.6954,0.6954,0.6951,0.6951,11
2026-03-24T13:07:00,0.6949,0.695,0.6947,0.6948,53
2026-03-24T13:08:00,0.6948,0.6948,0.6942,0.6944,96
2026-03-24T13:09:00,0.6944,0.6944,0.6938,0.6942,74
2026-03-24T13:10:00,0.6941,0.6944,0.694,0.6944,8
2026-03-24T13:11:00,0.6943,0.6945,0.6943,0.6945,15
2026-03-24T13:12:00,0.6946,0.6947,0.6946,0.6946,7
2026-03-24T13:13:00,0.6945,0.6947,0.6945,0.6947,19
2026-03-24T13:14:00,0.6945,0.6946,0.6945,0.6946,5
2026-03-24T13:15:00,0.6948,0.6948,0.6946,0.6946,3
2026-03-24T13:16:00,0.6947,0.6947,0.6947,0.6947,1
2026-03-24T13:17:00,0.6947,0.6948,0.6946,0.6946,13
2026-03-24T13:18:00,0.6946,0.6946,0.6944,0.6944,8
2026-03-24T13:19:00,0.6943,0.6944,0.6942,0.6944,9
2026-03-24T13:20:00,0.6943,0.6943,0.6943,0.6943,1
2026-03-24T13:21:00,0.6943,0.6945,0.6943,0.6945,11
2026-03-24T13:22:00,0.6945,0.6946,0.6944,0.6946,4
2026-03-24T13:23:00,0.6946,0.6949,0.6946,0.6949,7
2026-03-24T13:24:00,0.6949,0.6949,0.6948,0.6948,6
2026-03-24T13:25:00,0.6947,0.6951,0.6947,0.6951,175
2026-03-24T13:26:00,0.695,0.695,0.6944,0.6945,47
2026-03-24T13:27:00,0.6945,0.6945,0.6944,0.6944,11
2026-03-24T13:28:00,0.6944,0.6944,0.6944,0.6944,5
2026-03-24T13:29:00,0.6945,0.6945,0.6945,0.6945,1
2026-03-24T13:30:00,0.6943,0.6945,0.6942,0.6944,28
2026-03-24T13:31:00,0.6942,0.6951,0.6942,0.6951,16
2026-03-24T13:32:00,0.6948,0.6949,0.6947,0.6948,12
2026-03-24T13:33:00,0.6948,0.6949,0.6948,0.6948,9
2026-03-24T13:34:00,0.6946,0.6949,0.6946,0.6948,6
2026-03-24T13:35:00,0.6947,0.6947,0.6945,0.6945,3
2026-03-24T13:36:00,0.6945,0.6945,0.6944,0.6944,3
2026-03-24T13:37:00,0.6946,0.6949,0.6946,0.6949,2
2026-03-24T13:38:00,0.6949,0.6949,0.6949,0.6949,1
2026-03-24T13:39:00,0.6947,0.6947,0.6947,0.6947,1
2026-03-24T13:40:00,0.6947,0.6947,0.6947,0.6947,4
2026-03-24T13:41:00,0.6945,0.6945,0.6942,0.6942,15
2026-03-24T13:42:00,0.6944,0.6947,0.6944,0.6947,9
2026-03-24T13:43:00,0.6945,0.6945,0.6943,0.6943,5
2026-03-24T13:44:00,0.6944,0.6944,0.6944,0.6944,11
2026-03-24T13:45:00,0.6942,0.6946,0.6942,0.6946,8
2026-03-24T13:46:00,0.6945,0.6945,0.6945,0.6945,2
2026-03-24T13:47:00,0.6945,0.6945,0.6945,0.6945,5
2026-03-24T13:48:00,0.6945,0.6945,0.6945,0.6945,2
2026-03-24T13:49:00,0.6944,0.6944,0.6942,0.6942,4
2026-03-24T13:51:00,0.6945,0.6945,0.6942,0.6942,6
2026-03-24T13:52:00,0.6942,0.6948,0.6941,0.6948,78
2026-03-24T13:53:00,0.6948,0.695,0.6948,0.6949,25
2026-03-24T13:54:00,0.6949,0.6951,0.6948,0.6949,14
2026-03-24T13:55:00,0.6949,0.695,0.6949,0.695,2
2026-03-24T13:56:00,0.6951,0.6951,0.6951,0.6951,3
2026-03-24T13:57:00,0.6952,0.6954,0.6952,0.6952,6
2026-03-24T13:58:00,0.6951,0.6951,0.695,0.695,11
2026-03-24T13:59:00,0.6954,0.6955,0.6954,0.6955,10
2026-03-24T14:00:00,0.6955,0.696,0.6955,0.6958,85
2026-03-24T14:01:00,0.6958,0.6958,0.6957,0.6957,12
2026-03-24T14:02:00,0.6955,0.6958,0.6955,0.6958,12
2026-03-24T14:03:00,0.6959,0.6961,0.6959,0.696,15
2026-03-24T14:04:00,0.696,0.696,0.696,0.696,14
2026-03-24T14:05:00,0.696,0.696,0.6958,0.6958,15
2026-03-24T14:06:00,0.6954,0.6956,0.6953,0.6956,157
2026-03-24T14:07:00,0.6956,0.6962,0.6956,0.6961,29
2026-03-24T14:08:00,0.6962,0.6962,0.696,0.696,4
2026-03-24T14:09:00,0.6959,0.6959,0.6959,0.6959,4
2026-03-24T14:10:00,0.6961,0.6963,0.6961,0.6962,14
2026-03-24T14:11:00,0.6962,0.6962,0.696,0.696,10
2026-03-24T14:12:00,0.696,0.696,0.6958,0.6958,2
2026-03-24T14:13:00,0.6957,0.6958,0.6955,0.6958,15
2026-03-24T14:14:00,0.6959,0.6961,0.6959,0.6961,3
2026-03-24T14:15:00,0.6962,0.6962,0.696,0.6962,19
2026-03-24T14:16:00,0.6959,0.6959,0.6959,0.6959,6
2026-03-24T14:17:00,0.696,0.696,0.696,0.696,1
2026-03-24T14:18:00,0.6961,0.6962,0.6961,0.6962,65
2026-03-24T14:19:00,0.6963,0.6964,0.6963,0.6964,18
2026-03-24T14:20:00,0.6964,0.6964,0.6962,0.6963,9
2026-03-24T14:22:00,0.6964,0.6964,0.6964,0.6964,1
2026-03-24T14:23:00,0.6962,0.6962,0.6962,0.6962,2
2026-03-24T14:24:00,0.6964,0.6965,0.6963,0.6963,19
2026-03-24T14:25:00,0.6961,0.6963,0.6961,0.6963,12
2026-03-24T14:26:00,0.6963,0.6966,0.6963,0.6965,11
2026-03-24T14:27:00,0.6965,0.6965,0.6965,0.6965,8
2026-03-24T14:28:00,0.6964,0.6967,0.6964,0.6964,18
2026-03-24T14:29:00,0.6964,0.6964,0.6962,0.6962,7
2026-03-24T14:30:00,0.6962,0.6964,0.6962,0.6964,3
2026-03-24T14:31:00,0.6964,0.6964,0.6964,0.6964,20
2026-03-24T14:32:00,0.6964,0.6964,0.6963,0.6963,20
2026-03-24T14:34:00,0.6965,0.6965,0.6965,0.6965,5
2026-03-24T14:35:00,0.6964,0.6965,0.6964,0.6965,5
2026-03-24T14:36:00,0.6961,0.6961,0.696,0.696,18
2026-03-24T14:37:00,0.696,0.696,0.6959,0.6959,10
2026-03-24T14:38:00,0.6956,0.6956,0.6956,0.6956,1
2026-03-24T14:39:00,0.6957,0.6957,0.6956,0.6956,11
2026-03-24T14:40:00,0.6957,0.696,0.6957,0.696,5
2026-03-24T14:41:00,0.696,0.696,0.696,0.696,2
2026-03-24T14:42:00,0.6959,0.696,0.6959,0.696,2
2026-03-24T14:43:00,0.6961,0.6961,0.6956,0.6956,4
2026-03-24T14:45:00,0.6959,0.696,0.6956,0.6956,20
2026-03-24T14:46:00,0.6956,0.6963,0.6956,0.6963,68
2026-03-24T14:47:00,0.6963,0.6963,0.6959,0.696,31
2026-03-24T14:48:00,0.696,0.696,0.6959,0.6959,2
2026-03-24T14:49:00,0.6957,0.6957,0.6955,0.6955,3
2026-03-24T14:50:00,0.6954,0.6954,0.6952,0.6952,11
2026-03-24T14:51:00,0.6954,0.6965,0.6954,0.6964,73
2026-03-24T14:52:00,0.6965,0.698,0.6965,0.6971,263
2026-03-24T14:53:00,0.6972,0.6976,0.6968,0.6976,161
2026-03-24T14:54:00,0.6974,0.6975,0.6967,0.6968,72
2026-03-24T14:55:00,0.6967,0.6967,0.6964,0.6966,27
2026-03-24T14:56:00,0.6966,0.6969,0.6966,0.6969,26
2026-03-24T14:57:00,0.6968,0.6968,0.6967,0.6967,6
2026-03-24T14:58:00,0.6965,0.6965,0.6962,0.6964,35
2026-03-24T14:59:00,0.696,0.696,0.6951,0.6957,232
2026-03-24T15:00:00,0.6959,0.6964,0.6959,0.6962,99
2026-03-24T15:01:00,0.696,0.6962,0.696,0.6962,10
2026-03-24T15:02:00,0.6959,0.6959,0.6955,0.6957,18
2026-03-24T15:03:00,0.6957,0.6959,0.6957,0.6959,45
2026-03-24T15:04:00,0.6955,0.6956,0.6955,0.6956,24
2026-03-24T15:05:00,0.6955,0.6955,0.6954,0.6954,15
2026-03-24T15:06:00,0.6954,0.6954,0.6954,0.6954,6
2026-03-24T15:07:00,0.6956,0.6956,0.6955,0.6955,3
2026-03-24T15:08:00,0.6958,0.6958,0.6954,0.6954,6
2026-03-24T15:09:00,0.6958,0.6958,0.6955,0.6955,3
2026-03-24T15:10:00,0.6955,0.6955,0.6953,0.6953,4
2026-03-24T15:11:00,0.6958,0.6958,0.6958,0.6958,1
2026-03-24T15:13:00,0.6955,0.6956,0.6955,0.6955,7
2026-03-24T15:14:00,0.6955,0.6957,0.6955,0.6957,5
2026-03-24T15:15:00,0.6955,0.6955,0.6955,0.6955,5
2026-03-24T15:16:00,0.6955,0.6956,0.6955,0.6956,7
2026-03-24T15:17:00,0.6954,0.6954,0.6953,0.6953,5
2026-03-24T15:18:00,0.6956,0.6957,0.6956,0.6957,7
2026-03-24T15:19:00,0.6956,0.6956,0.6956,0.6956,6
2026-03-24T15:20:00,0.6955,0.6955,0.6955,0.6955,1
2026-03-24T15:21:00,0.6955,0.6957,0.6955,0.6957,11
2026-03-24T15:23:00,0.696,0.696,0.6959,0.696,6
2026-03-24T15:24:00,0.6961,0.6962,0.6961,0.6962,16
2026-03-24T15:25:00,0.6963,0.6964,0.6963,0.6964,4
2026-03-24T15:26:00,0.6965,0.6965,0.6964,0.6964,6
2026-03-24T15:27:00,0.6963,0.6963,0.6962,0.6962,2
2026-03-24T15:28:00,0.696,0.696,0.696,0.696,3
2026-03-24T15:30:00,0.6962,0.6962,0.6962,0.6962,1
2026-03-24T15:31:00,0.6962,0.6962,0.6962,0.6962,1
2026-03-24T15:32:00,0.696,0.696,0.696,0.696,11
2026-03-24T15:33:00,0.6958,0.6958,0.6958,0.6958,4
2026-03-24T15:34:00,0.6958,0.6959,0.6958,0.6959,15
2026-03-24T15:35:00,0.696,0.6964,0.696,0.6964,13
2026-03-24T15:36:00,0.6964,0.6964,0.6963,0.6963,6
2026-03-24T15:37:00,0.6964,0.6964,0.6964,0.6964,2
2026-03-24T15:38:00,0.6964,0.6965,0.6964,0.6965,8
2026-03-24T15:39:00,0.6965,0.6966,0.6964,0.6964,3
2026-03-24T15:40:00,0.6963,0.6963,0.6963,0.6963,6
2026-03-24T15:41:00,0.696,0.696,0.696,0.696,2
2026-03-24T15:42:00,0.6963,0.6964,0.6963,0.6964,13
2026-03-24T15:43:00,0.6964,0.6964,0.6964,0.6964,4
2026-03-24T15:46:00,0.6961,0.6961,0.6961,0.6961,6
2026-03-24T15:48:00,0.696,0.696,0.696,0.696,1
2026-03-24T15:49:00,0.696,0.696,0.696,0.696,2
2026-03-24T15:50:00,0.6962,0.6962,0.6962,0.6962,1
2026-03-24T15:52:00,0.6962,0.6963,0.6962,0.6962,11
2026-03-24T15:53:00,0.6963,0.6963,0.6962,0.6962,23
2026-03-24T15:54:00,0.6961,0.6961,0.6961,0.6961,1
2026-03-24T15:55:00,0.6961,0.6961,0.6958,0.6958,20
2026-03-24T15:56:00,0.6958,0.696,0.6953,0.6954,23
2026-03-24T15:57:00,0.6953,0.6956,0.6953,0.6955,33
2026-03-24T15:58:00,0.6955,0.6955,0.6955,0.6955,1
2026-03-24T15:59:00,0.6956,0.6957,0.6956,0.6957,19
2026-03-24T16:00:00,0.6956,0.6956,0.6955,0.6955,13
2026-03-24T16:01:00,0.6955,0.6955,0.6955,0.6955,11
2026-03-24T16:02:00,0.6954,0.6954,0.6951,0.6951,24
2026-03-24T16:03:00,0.6955,0.6955,0.6955,0.6955,2
2026-03-24T16:04:00,0.6956,0.6956,0.6953,0.6954,4
2026-03-24T16:06:00,0.6953,0.6953,0.6953,0.6953,1
2026-03-24T16:07:00,0.6955,0.6955,0.6955,0.6955,9
2026-03-24T16:08:00,0.6954,0.6954,0.6954,0.6954,1
2026-03-24T16:10:00,0.6957,0.6957,0.6957,0.6957,1
2026-03-24T16:11:00,0.6956,0.6956,0.6955,0.6955,5
2026-03-24T16:12:00,0.6958,0.6958,0.6958,0.6958,4
2026-03-24T16:14:00,0.6958,0.6959,0.6958,0.6959,5
2026-03-24T16:15:00,0.6959,0.696,0.6959,0.696,2
2026-03-24T16:16:00,0.6962,0.6962,0.6962,0.6962,2
2026-03-24T16:17:00,0.6962,0.6962,0.6962,0.6962,1
2026-03-24T16:20:00,0.6962,0.6962,0.6962,0.6962,4
2026-03-24T16:21:00,0.6961,0.6962,0.6961,0.6962,14
2026-03-24T16:22:00,0.6964,0.6964,0.6964,0.6964,4
2026-03-24T16:23:00,0.6963,0.6963,0.6963,0.6963,1
2026-03-24T16:26:00,0.6963,0.6963,0.6963,0.6963,8
2026-03-24T16:27:00,0.6963,0.6963,0.6963,0.6963,1
2026-03-24T16:28:00,0.6965,0.6965,0.6965,0.6965,1
2026-03-24T16:29:00,0.6964,0.6964,0.6964,0.6964,1
2026-03-24T16:30:00,0.6965,0.6966,0.6965,0.6965,8
2026-03-24T16:32:00,0.6964,0.6964,0.6964,0.6964,1
2026-03-24T16:33:00,0.6963,0.6963,0.6963,0.6963,2
2026-03-24T16:34:00,0.6963,0.6964,0.6963,0.6964,6
2026-03-24T16:35:00,0.696,0.696,0.6959,0.6959,7
2026-03-24T16:40:00,0.6952,0.6953,0.6952,0.6953,6
2026-03-24T16:43:00,0.6956,0.6956,0.6956,0.6956,1
2026-03-24T16:46:00,0.6961,0.6961,0.6961,0.6961,1
2026-03-24T16:48:00,0.6959,0.6959,0.6958,0.6958,2
2026-03-24T16:50:00,0.696,0.6961,0.696,0.6961,5
2026-03-24T16:51:00,0.6961,0.6962,0.6961,0.6962,2
2026-03-24T16:53:00,0.6961,0.6961,0.6961,0.6961,5
2026-03-24T16:54:00,0.696,0.696,0.696,0.696,6
2026-03-24T16:55:00,0.6958,0.6958,0.6957,0.6957,75
2026-03-24T16:56:00,0.6961,0.6961,0.6961,0.6961,1
2026-03-24T16:57:00,0.6958,0.6958,0.6958,0.6958,2
2026-03-24T16:59:00,0.6957,0.6957,0.6957,0.6957,16
2026-03-24T17:02:00,0.6957,0.6957,0.6953,0.6953,29
2026-03-24T17:03:00,0.6952,0.6952,0.6948,0.6948,30
2026-03-24T17:04:00,0.6948,0.6948,0.6943,0.6944,33
2026-03-24T17:05:00,0.6943,0.6943,0.6934,0.6937,291
2026-03-24T17:06:00,0.6936,0.6941,0.6935,0.694,66
2026-03-24T17:07:00,0.6939,0.694,0.6938,0.6938,33
2026-03-24T17:08:00,0.694,0.694,0.6936,0.6936,33
2026-03-24T17:09:00,0.6937,0.6938,0.6933,0.6934,65
2026-03-24T17:10:00,0.6933,0.6934,0.6932,0.6932,13
2026-03-24T17:11:00,0.6938,0.6938,0.6938,0.6938,1
2026-03-24T17:12:00,0.6932,0.6932,0.6932,0.6932,5
2026-03-24T17:13:00,0.6931,0.6935,0.6931,0.6935,9
2026-03-24T17:14:00,0.6934,0.6934,0.6934,0.6934,1
2026-03-24T17:15:00,0.6936,0.6938,0.6936,0.6936,71
2026-03-24T17:16:00,0.6934,0.6935,0.6934,0.6935,6
2026-03-24T17:17:00,0.6937,0.6937,0.6935,0.6935,2
2026-03-24T17:18:00,0.6935,0.6935,0.6935,0.6935,18
2026-03-24T17:19:00,0.6935,0.6936,0.6934,0.6934,11
2026-03-24T17:20:00,0.6935,0.6935,0.6935,0.6935,1
2026-03-24T17:21:00,0.6937,0.6938,0.6937,0.6938,8
2026-03-24T17:22:00,0.6936,0.6937,0.6935,0.6935,3
2026-03-24T17:23:00,0.6938,0.6938,0.6936,0.6936,5
2026-03-24T17:24:00,0.6938,0.6938,0.6937,0.6937,39
2026-03-24T17:25:00,0.6936,0.6938,0.6936,0.6938,2
2026-03-24T17:26:00,0.6936,0.6937,0.6936,0.6937,23
2026-03-24T17:27:00,0.6935,0.6936,0.6935,0.6936,15
2026-03-24T17:28:00,0.6935,0.6937,0.6935,0.6937,2
2026-03-24T17:29:00,0.6937,0.6937,0.6937,0.6937,1
2026-03-24T17:30:00,0.6937,0.6943,0.6937,0.6943,16
2026-03-24T17:31:00,0.6943,0.6943,0.6941,0.6942,13
2026-03-24T17:32:00,0.6941,0.6941,0.694,0.6941,28
2026-03-24T17:33:00,0.694,0.694,0.6936,0.6936,29
2026-03-24T17:34:00,0.6937,0.6937,0.6937,0.6937,4
2026-03-24T17:35:00,0.6937,0.6937,0.6936,0.6936,2
2026-03-24T17:36:00,0.6938,0.6939,0.6938,0.6939,3
2026-03-24T17:37:00,0.694,0.694,0.694,0.694,3
2026-03-24T17:38:00,0.6941,0.6941,0.694,0.694,2
2026-03-24T17:40:00,0.6941,0.6941,0.6941,0.6941,6
2026-03-24T17:44:00,0.6932,0.6932,0.6932,0.6932,2
2026-03-24T17:46:00,0.6932,0.6932,0.6932,0.6932,2
2026-03-24T17:47:00,0.6932,0.6932,0.6931,0.6931,23
2026-03-24T17:48:00,0.6932,0.6933,0.6932,0.6933,5
2026-03-24T17:49:00,0.6933,0.6934,0.6933,0.6934,18
2026-03-24T17:50:00,0.6933,0.6933,0.6933,0.6933,16
2026-03-24T17:52:00,0.6934,0.6937,0.6933,0.6935,64
2026-03-24T17:55:00,0.6932,0.6949,0.6932,0.6944,328
2026-03-24T17:56:00,0.6945,0.6948,0.6944,0.6944,64
2026-03-24T17:57:00,0.6944,0.6944,0.6942,0.6944,18
2026-03-24T17:58:00,0.6945,0.6946,0.6944,0.6944,23
2026-03-24T17:59:00,0.6943,0.6943,0.6943,0.6943,4
2026-03-24T18:00:00,0.6949,0.695,0.6946,0.6946,7
2026-03-24T18:01:00,0.6945,0.6945,0.6943,0.6943,8
2026-03-24T18:02:00,0.6943,0.6943,0.6943,0.6943,2
2026-03-24T18:03:00,0.6942,0.6942,0.6942,0.6942,5
2026-03-24T18:04:00,0.6944,0.6944,0.6944,0.6944,4
2026-03-24T18:05:00,0.6944,0.6944,0.6944,0.6944,4
2026-03-24T18:06:00,0.6944,0.6944,0.6944,0.6944,4
2026-03-24T18:07:00,0.6944,0.6944,0.6942,0.6943,9
2026-03-24T18:08:00,0.6945,0.6945,0.6943,0.6943,6
2026-03-24T18:10:00,0.6941,0.6941,0.6941,0.6941,1
2026-03-24T18:11:00,0.6941,0.6943,0.6941,0.6943,8
2026-03-24T18:12:00,0.6942,0.6942,0.6942,0.6942,4
2026-03-24T18:13:00,0.6943,0.6943,0.6943,0.6943,1
2026-03-24T18:14:00,0.6942,0.6942,0.6942,0.6942,1
2026-03-24T18:16:00,0.6943,0.6943,0.6943,0.6943,1
2026-03-24T18:17:00,0.6943,0.6943,0.6943,0.6943,5
2026-03-24T18:18:00,0.6943,0.6945,0.6943,0.6945,10
2026-03-24T18:19:00,0.6946,0.6949,0.6946,0.6949,92
2026-03-24T18:20:00,0.695,0.6953,0.6949,0.6949,38
2026-03-24T18:21:00,0.695,0.695,0.695,0.695,5
2026-03-24T18:22:00,0.6948,0.6948,0.6948,0.6948,3
2026-03-24T18:23:00,0.6949,0.695,0.6949,0.695,13
2026-03-24T18:24:00,0.6951,0.6952,0.6951,0.6952,2
2026-03-24T18:25:00,0.6951,0.6951,0.6951,0.6951,1
2026-03-24T18:27:00,0.6955,0.6956,0.6955,0.6955,4
2026-03-24T18:28:00,0.6954,0.6954,0.6953,0.6954,11
2026-03-24T18:29:00,0.6955,0.6955,0.6955,0.6955,20
2026-03-24T18:30:00,0.6954,0.6954,0.6954,0.6954,9
2026-03-24T18:31:00,0.6958,0.6959,0.6958,0.6959,13
2026-03-24T18:32:00,0.6961,0.6961,0.696,0.696,5
2026-03-24T18:33:00,0.696,0.696,0.6958,0.6958,7
2026-03-24T18:34:00,0.6957,0.6957,0.6957,0.6957,1
2026-03-24T18:35:00,0.6957,0.6958,0.6957,0.6958,2
2026-03-24T18:36:00,0.6958,0.6958,0.6958,0.6958,1
2026-03-24T18:37:00,0.6959,0.6959,0.6958,0.6959,5
2026-03-24T18:38:00,0.6961,0.6964,0.696,0.6964,44
2026-03-24T18:39:00,0.6965,0.6965,0.6965,0.6965,42
2026-03-24T18:40:00,0.6965,0.6966,0.6964,0.6964,8
2026-03-24T18:41:00,0.6963,0.6963,0.6963,0.6963,4
2026-03-24T18:42:00,0.696,0.696,0.6958,0.6959,19
2026-03-24T18:43:00,0.6959,0.6959,0.6959,0.6959,6
2026-03-24T18:44:00,0.6959,0.6959,0.6959,0.6959,2
2026-03-24T18:45:00,0.696,0.696,0.696,0.696,1
2026-03-24T18:46:00,0.6958,0.6959,0.6958,0.6959,5
2026-03-24T18:47:00,0.6959,0.6959,0.6959,0.6959,6
2026-03-24T18:48:00,0.6958,0.6958,0.6958,0.6958,1
2026-03-24T18:49:00,0.6958,0.6958,0.6958,0.6958,2
2026-03-24T18:50:00,0.6958,0.6958,0.6958,0.6958,1
2026-03-24T18:51:00,0.6959,0.6959,0.6959,0.6959,2
2026-03-24T18:52:00,0.6958,0.696,0.6958,0.696,5
2026-03-24T18:53:00,0.6961,0.6962,0.696,0.696,26
2026-03-24T18:55:00,0.6957,0.6957,0.6957,0.6957,1
2026-03-24T18:58:00,0.6958,0.6958,0.6958,0.6958,3
2026-03-24T19:00:00,0.696,0.6962,0.696,0.6962,16
2026-03-24T19:01:00,0.6963,0.6963,0.6962,0.6962,4
2026-03-24T19:03:00,0.6962,0.6962,0.6962,0.6962,4
2026-03-24T19:04:00,0.6964,0.6964,0.6964,0.6964,6
2026-03-24T19:05:00,0.6963,0.6963,0.6963,0.6963,9
2026-03-24T19:06:00,0.6965,0.6965,0.6965,0.6965,7
2026-03-24T19:07:00,0.6966,0.6966,0.6966,0.6966,1
2026-03-24T19:08:00,0.6966,0.6966,0.6966,0.6966,5
2026-03-24T19:09:00,0.6966,0.697,0.6966,0.6969,12
2026-03-24T19:10:00,0.6969,0.6969,0.6968,0.6968,38
2026-03-24T19:11:00,0.6968,0.6968,0.6968,0.6968,3
2026-03-24T19:12:00,0.697,0.697,0.6969,0.697,10
2026-03-24T19:13:00,0.6968,0.6968,0.6968,0.6968,1
2026-03-24T19:14:00,0.6967,0.6969,0.6967,0.6969,13
2026-03-24T19:15:00,0.6968,0.6968,0.6968,0.6968,1
2026-03-24T19:16:00,0.6967,0.6967,0.6967,0.6967,2
2026-03-24T19:17:00,0.6967,0.6967,0.6967,0.6967,1
2026-03-24T19:18:00,0.6968,0.6968,0.6968,0.6968,3
2026-03-24T19:19:00,0.6968,0.6968,0.6968,0.6968,2
2026-03-24T19:20:00,0.6968,0.6968,0.6968,0.6968,1
2026-03-24T19:23:00,0.6968,0.6968,0.6968,0.6968,2
2026-03-24T19:24:00,0.6967,0.6968,0.6967,0.6968,10
2026-03-24T19:26:00,0.6967,0.6967,0.6967,0.6967,3
2026-03-24T19:27:00,0.6967,0.6967,0.6967,0.6967,3
2026-03-24T19:28:00,0.6966,0.6966,0.6965,0.6966,12
2026-03-24T19:29:00,0.6966,0.6966,0.6965,0.6965,5
2026-03-24T19:30:00,0.6965,0.6965,0.6963,0.6965,8
2026-03-24T19:31:00,0.6964,0.6966,0.6964,0.6966,2
2026-03-24T19:32:00,0.6963,0.6963,0.6963,0.6963,4
2026-03-24T19:33:00,0.6963,0.6963,0.6963,0.6963,4
2026-03-24T19:34:00,0.6963,0.6963,0.6963,0.6963,1
2026-03-24T19:35:00,0.6962,0.6962,0.6962,0.6962,1
2026-03-24T19:36:00,0.6963,0.6963,0.6963,0.6963,3
2026-03-24T19:38:00,0.6963,0.6963,0.6963,0.6963,5
2026-03-24T19:40:00,0.6962,0.6962,0.6961,0.6961,2
2026-03-24T19:41:00,0.6962,0.6962,0.6962,0.6962,5
2026-03-24T19:45:00,0.6962,0.6962,0.6962,0.6962,1
2026-03-24T19:46:00,0.6963,0.6963,0.6962,0.6962,6
2026-03-24T19:47:00,0.6962,0.6962,0.6962,0.6962,1
2026-03-24T19:50:00,0.6962,0.6962,0.6962,0.6962,4
2026-03-24T19:51:00,0.6962,0.6962,0.6961,0.6961,3
2026-03-24T19:54:00,0.6961,0.6962,0.696,0.6962,6
2026-03-24T19:55:00,0.6962,0.6962,0.696,0.696,2
2026-03-24T19:56:00,0.696,0.696,0.696,0.696,6
2026-03-24T19:57:00,0.696,0.696,0.696,0.696,1
2026-03-24T19:58:00,0.696,0.696,0.696,0.696,8
2026-03-24T19:59:00,0.696,0.6961,0.696,0.6961,9
2026-03-24T20:02:00,0.6961,0.6961,0.6961,0.6961,5
2026-03-24T20:03:00,0.696,0.696,0.696,0.696,1
2026-03-24T20:04:00,0.6961,0.6961,0.6961,0.6961,1
2026-03-24T20:06:00,0.6961,0.6961,0.6961,0.6961,10
2026-03-24T20:07:00,0.6961,0.6961,0.6961,0.6961,1
2026-03-24T20:09:00,0.6961,0.6961,0.6961,0.6961,2
2026-03-24T20:12:00,0.6959,0.6959,0.6958,0.6958,14
2026-03-24T20:13:00,0.6961,0.6961,0.6961,0.6961,3
2026-03-24T20:14:00,0.6959,0.6959,0.6959,0.6959,7
2026-03-24T20:19:00,0.6961,0.6963,0.6961,0.6963,21
2026-03-24T20:20:00,0.6965,0.6977,0.6965,0.6977,212
2026-03-24T20:21:00,0.6978,0.6981,0.6974,0.6981,34
2026-03-24T20:22:00,0.6981,0.6988,0.6981,0.6988,61
2026-03-24T20:23:00,0.6988,0.6994,0.6987,0.6994,353
2026-03-24T20:24:00,0.6993,0.6999,0.6993,0.6998,156
2026-03-24T20:25:00,0.6997,0.6999,0.6995,0.6995,98
2026-03-24T20:26:00,0.6996,0.7003,0.6996,0.7003,67
2026-03-24T20:27:00,0.7005,0.7005,0.6994,0.6996,182
2026-03-24T20:28:00,0.6995,0.6995,0.6984,0.6985,201
2026-03-24T20:29:00,0.6987,0.6987,0.6985,0.6985,126
2026-03-24T20:30:00,0.6987,0.6989,0.6985,0.6985,27
2026-03-24T20:31:00,0.6986,0.6986,0.6982,0.6982,47
2026-03-24T20:32:00,0.6982,0.6985,0.6981,0.6985,4
2026-03-24T20:33:00,0.6984,0.6985,0.6983,0.6985,15
2026-03-24T20:34:00,0.6985,0.6985,0.6985,0.6985,5
2026-03-24T20:35:00,0.6987,0.6987,0.6985,0.6985,3
2026-03-24T20:36:00,0.6985,0.6989,0.6985,0.6989,19
2026-03-24T20:37:00,0.6989,0.6989,0.6984,0.6987,17
2026-03-24T20:38:00,0.699,0.6991,0.699,0.6991,5
2026-03-24T20:39:00,0.6991,0.7,0.6991,0.7,151
2026-03-24T20:40:00,0.7001,0.7001,0.699,0.6992,85
2026-03-24T20:41:00,0.6991,0.6991,0.6984,0.6985,21
2026-03-24T20:42:00,0.6985,0.6986,0.6984,0.6984,10
2026-03-24T20:43:00,0.6987,0.6987,0.6983,0.6983,15
2026-03-24T20:44:00,0.6985,0.6985,0.6984,0.6985,14
2026-03-24T20:45:00,0.6985,0.6988,0.6984,0.6988,10
2026-03-24T20:46:00,0.6983,0.6983,0.698,0.6982,29
2026-03-24T20:47:00,0.6979,0.6981,0.6977,0.6979,26
2026-03-24T20:48:00,0.698,0.6981,0.698,0.6981,6
2026-03-24T20:49:00,0.6983,0.6984,0.6983,0.6983,13
2026-03-24T20:50:00,0.6983,0.6983,0.6983,0.6983,16
2026-03-24T20:51:00,0.6984,0.6986,0.6984,0.6986,18
2026-03-24T20:52:00,0.6987,0.6989,0.6985,0.6985,25
2026-03-24T20:53:00,0.6985,0.6986,0.6985,0.6986,9
2026-03-24T20:54:00,0.6987,0.6987,0.6987,0.6987,1
2026-03-24T20:55:00,0.6988,0.6991,0.6986,0.6991,56
2026-03-24T20:56:00,0.699,0.699,0.6989,0.6989,12
2026-03-24T20:57:00,0.6989,0.699,0.6989,0.699,33
2026-03-24T20:58:00,0.6988,0.6988,0.6988,0.6988,4
2026-03-24T20:59:00,0.6988,0.6988,0.6988,0.6988,1
2026-03-24T22:00:00,0.6988,0.6989,0.6988,0.6988,17
2026-03-24T22:01:00,0.6986,0.6986,0.6985,0.6985,5
2026-03-24T22:02:00,0.6984,0.6987,0.6984,0.6987,8
2026-03-24T22:03:00,0.6985,0.6985,0.6984,0.6984,20
2026-03-24T22:04:00,0.6985,0.6985,0.6985,0.6985,2
2026-03-24T22:05:00,0.6985,0.6985,0.6985,0.6985,26
2026-03-24T22:06:00,0.6985,0.6987,0.6985,0.6987,18
2026-03-24T22:07:00,0.6986,0.6987,0.6986,0.6987,6
2026-03-24T22:08:00,0.6987,0.6988,0.6987,0.6988,23
2026-03-24T22:09:00,0.6988,0.6988,0.6988,0.6988,7
2026-03-24T22:11:00,0.6988,0.6988,0.6986,0.6986,10
2026-03-24T22:12:00,0.6986,0.6988,0.6986,0.6988,7
2026-03-24T22:13:00,0.6989,0.6989,0.6989,0.6989,3
2026-03-24T22:14:00,0.6988,0.6988,0.6987,0.6987,9
2026-03-24T22:15:00,0.6986,0.6986,0.6986,0.6986,5
2026-03-24T22:16:00,0.6987,0.6989,0.6987,0.6988,28
2026-03-24T22:17:00,0.6987,0.6988,0.6985,0.6986,19
2026-03-24T22:18:00,0.6988,0.6988,0.6988,0.6988,17
2026-03-24T22:19:00,0.699,0.6991,0.699,0.6991,8
2026-03-24T22:20:00,0.699,0.699,0.699,0.699,4
2026-03-24T22:21:00,0.699,0.699,0.6989,0.6989,10
2026-03-24T22:23:00,0.6988,0.6989,0.6988,0.6989,12
2026-03-24T22:25:00,0.6985,0.6985,0.6985,0.6985,22
2026-03-24T22:26:00,0.6986,0.6987,0.6986,0.6987,8
2026-03-24T22:27:00,0.6987,0.6987,0.6987,0.6987,5
2026-03-24T22:28:00,0.6988,0.6988,0.6988,0.6988,5
2026-03-24T22:29:00,0.6987,0.6987,0.6987,0.6987,5
2026-03-24T22:30:00,0.6987,0.6988,0.6987,0.6988,4
2026-03-24T22:32:00,0.6987,0.6987,0.6987,0.6987,2
2026-03-24T22:33:00,0.6987,0.6987,0.6986,0.6986,8
2026-03-24T22:35:00,0.6987,0.6987,0.6986,0.6986,3
2026-03-24T22:36:00,0.6985,0.6985,0.6985,0.6985,6
2026-03-24T22:37:00,0.6985,0.6986,0.6985,0.6986,4
2026-03-24T22:38:00,0.6986,0.6986,0.6986,0.6986,3
2026-03-24T22:42:00,0.6985,0.6985,0.6985,0.6985,2
2026-03-24T22:43:00,0.6986,0.6988,0.6986,0.6988,8
2026-03-24T22:44:00,0.6985,0.6985,0.6985,0.6985,12
2026-03-24T22:45:00,0.6986,0.6986,0.6986,0.6986,2
2026-03-24T22:46:00,0.6986,0.6986,0.6985,0.6985,2
2026-03-24T22:47:00,0.6987,0.6987,0.6987,0.6987,1
2026-03-24T22:50:00,0.6986,0.6988,0.6986,0.6988,4
2026-03-24T22:51:00,0.6989,0.6989,0.6989,0.6989,6
2026-03-24T22:52:00,0.699,0.6991,0.699,0.6991,10
2026-03-24T22:54:00,0.6988,0.6988,0.6988,0.6988,4
2026-03-24T22:55:00,0.6988,0.6988,0.6988,0.6988,6
2026-03-24T22:57:00,0.6988,0.6988,0.6988,0.6988,17
2026-03-24T22:58:00,0.6989,0.699,0.6989,0.699,7
2026-03-24T22:59:00,0.699,0.699,0.699,0.699,1
2026-03-24T23:00:00,0.699,0.699,0.699,0.699,1
2026-03-24T23:01:00,0.699,0.699,0.699,0.699,12
2026-03-24T23:02:00,0.6988,0.6988,0.6986,0.6986,6
2026-03-24T23:03:00,0.6985,0.6985,0.6984,0.6984,11
2026-03-24T23:04:00,0.6984,0.6984,0.6983,0.6983,4
2026-03-24T23:05:00,0.6983,0.6984,0.6983,0.6984,10
2026-03-24T23:06:00,0.6985,0.6985,0.6985,0.6985,11
2026-03-24T23:07:00,0.6985,0.6985,0.6985,0.6985,1
2026-03-24T23:08:00,0.6985,0.6985,0.6985,0.6985,2
2026-03-24T23:09:00,0.6985,0.6985,0.6985,0.6985,2
2026-03-24T23:10:00,0.6986,0.6988,0.6986,0.6988,6
2026-03-24T23:13:00,0.6985,0.6985,0.6985,0.6985,3
2026-03-24T23:14:00,0.6987,0.6987,0.6986,0.6986,2
2026-03-24T23:16:00,0.6987,0.6991,0.6987,0.6991,601
2026-03-24T23:17:00,0.6989,0.6989,0.6988,0.6988,10
2026-03-24T23:18:00,0.6988,0.6988,0.6988,0.6988,4
2026-03-24T23:19:00,0.6988,0.6989,0.6988,0.6989,10
2026-03-24T23:20:00,0.6989,0.6989,0.6989,0.6989,3
2026-03-24T23:21:00,0.6989,0.699,0.6989,0.699,15
2026-03-24T23:22:00,0.6991,0.6991,0.6991,0.6991,2
2026-03-24T23:23:00,0.6991,0.6991,0.6991,0.6991,3
2026-03-24T23:24:00,0.6991,0.6991,0.6991,0.6991,1
2026-03-24T23:25:00,0.6992,0.6992,0.6991,0.6992,48
2026-03-24T23:26:00,0.6992,0.6992,0.6992,0.6992,3
2026-03-24T23:27:00,0.6992,0.6993,0.6992,0.6993,8
2026-03-24T23:28:00,0.6992,0.6992,0.6991,0.6991,11
2026-03-24T23:29:00,0.6992,0.6994,0.6992,0.6994,11
2026-03-24T23:30:00,0.6993,0.6993,0.6992,0.6992,6
2026-03-24T23:31:00,0.6991,0.6991,0.699,0.699,5
2026-03-24T23:33:00,0.699,0.6991,0.699,0.6991,3
2026-03-24T23:34:00,0.6991,0.6992,0.6991,0.6992,6
2026-03-24T23:35:00,0.6991,0.6991,0.6991,0.6991,7
2026-03-24T23:36:00,0.6992,0.6992,0.6992,0.6992,17
2026-03-24T23:37:00,0.6992,0.6992,0.6992,0.6992,7
2026-03-24T23:38:00,0.6993,0.6993,0.6993,0.6993,1
2026-03-24T23:39:00,0.6992,0.6992,0.6992,0.6992,1
2026-03-24T23:40:00,0.6992,0.6992,0.6992,0.6992,7
2026-03-24T23:41:00,0.699,0.699,0.699,0.699,14
2026-03-24T23:42:00,0.699,0.699,0.699,0.699,1
2026-03-24T23:43:00,0.6989,0.6989,0.6989,0.6989,5
2026-03-24T23:44:00,0.6989,0.6989,0.6989,0.6989,1
2026-03-24T23:45:00,0.6989,0.6989,0.6988,0.6988,6
2026-03-24T23:46:00,0.6988,0.6988,0.6988,0.6988,5
2026-03-24T23:48:00,0.6988,0.6988,0.6988,0.6988,1
2026-03-24T23:49:00,0.6988,0.699,0.6988,0.699,7
2026-03-24T23:52:00,0.6988,0.6988,0.6987,0.6987,6
2026-03-24T23:53:00,0.6988,0.6988,0.6988,0.6988,2
2026-03-24T23:54:00,0.6988,0.6988,0.6988,0.6988,2
2026-03-24T23:55:00,0.6989,0.6989,0.6989,0.6989,1
2026-03-24T23:56:00,0.699,0.699,0.699,0.699,2
2026-03-24T23:57:00,0.6988,0.6989,0.6988,0.6989,26
2026-03-24T23:58:00,0.6988,0.6988,0.6988,0.6988,1
2026-03-24T23:59:00,0.6987,0.6987,0.6987,0.6987,2
2026-03-25T00:00:00,0.6986,0.6986,0.6985,0.6985,12
2026-03-25T00:01:00,0.6985,0.6986,0.6985,0.6986,8
2026-03-25T00:02:00,0.6986,0.6986,0.6986,0.6986,5
2026-03-25T00:03:00,0.6985,0.6986,0.6985,0.6986,13
2026-03-25T00:04:00,0.6985,0.6987,0.6985,0.6987,4
2026-03-25T00:05:00,0.6988,0.699,0.6988,0.6988,27
2026-03-25T00:06:00,0.6986,0.6988,0.6986,0.6988,16
2026-03-25T00:07:00,0.6988,0.6989,0.6988,0.6989,9
2026-03-25T00:08:00,0.699,0.6991,0.699,0.6991,5
2026-03-25T00:09:00,0.6991,0.6991,0.6991,0.6991,2
2026-03-25T00:10:00,0.6991,0.6993,0.6991,0.6993,10
2026-03-25T00:11:00,0.6993,0.6996,0.6993,0.6996,21
2026-03-25T00:12:00,0.6995,0.6996,0.6995,0.6995,18
2026-03-25T00:13:00,0.6996,0.6996,0.6995,0.6996,6
2026-03-25T00:14:00,0.6994,0.6995,0.6994,0.6995,2
2026-03-25T00:15:00,0.6993,0.6994,0.6993,0.6993,11
2026-03-25T00:16:00,0.6993,0.6993,0.6991,0.6991,4
2026-03-25T00:17:00,0.6991,0.6991,0.699,0.699,10
2026-03-25T00:18:00,0.6988,0.699,0.6988,0.699,8
2026-03-25T00:19:00,0.6988,0.6988,0.6988,0.6988,7
2026-03-25T00:20:00,0.6987,0.6989,0.6987,0.6988,6
2026-03-25T00:21:00,0.6986,0.6986,0.6985,0.6985,2
2026-03-25T00:22:00,0.6988,0.6988,0.6988,0.6988,3
2026-03-25T00:23:00,0.6988,0.699,0.6988,0.699,5
2026-03-25T00:24:00,0.699,0.699,0.699,0.699,9
2026-03-25T00:25:00,0.699,0.6992,0.699,0.6992,14
2026-03-25T00:26:00,0.6993,0.6993,0.6992,0.6992,2
2026-03-25T00:27:00,0.699,0.699,0.699,0.699,1
2026-03-25T00:28:00,0.6991,0.6991,0.6989,0.699,31
2026-03-25T00:30:00,0.6989,0.6989,0.6973,0.6983,226
2026-03-25T00:31:00,0.6985,0.6988,0.6984,0.6986,10
2026-03-25T00:32:00,0.6987,0.6987,0.6987,0.6987,2
2026-03-25T00:33:00,0.6989,0.6989,0.6988,0.6988,5
2026-03-25T00:34:00,0.699,0.6993,0.699,0.6992,15
2026-03-25T00:35:00,0.699,0.6992,0.699,0.6992,11
2026-03-25T00:36:00,0.6993,0.6996,0.6993,0.6994,75
2026-03-25T00:37:00,0.6995,0.6996,0.6993,0.6993,7
2026-03-25T00:38:00,0.6993,0.6994,0.6993,0.6993,21
2026-03-25T00:39:00,0.6994,0.6994,0.6994,0.6994,7
2026-03-25T00:40:00,0.6992,0.6993,0.6991,0.6993,10
2026-03-25T00:41:00,0.6992,0.6993,0.6992,0.6993,17
2026-03-25T00:42:00,0.6993,0.6994,0.6993,0.6994,6
2026-03-25T00:43:00,0.6994,0.6996,0.6994,0.6996,14
2026-03-25T00:44:00,0.6995,0.6996,0.6994,0.6994,10
2026-03-25T00:45:00,0.6995,0.6995,0.6995,0.6995,4
2026-03-25T00:46:00,0.6994,0.6994,0.6994,0.6994,4
2026-03-25T00:47:00,0.6993,0.6994,0.6993,0.6994,17
2026-03-25T00:48:00,0.6994,0.6995,0.6994,0.6995,7
2026-03-25T00:49:00,0.6995,0.6995,0.6992,0.6992,43
2026-03-25T00:50:00,0.6993,0.6993,0.6992,0.6993,15
2026-03-25T00:51:00,0.6993,0.6993,0.6993,0.6993,9
2026-03-25T00:52:00,0.6993,0.6993,0.6992,0.6992,5
2026-03-25T00:53:00,0.6992,0.6993,0.6992,0.6992,11
2026-03-25T00:54:00,0.6991,0.6991,0.699,0.6991,29
2026-03-25T00:56:00,0.6992,0.6992,0.6992,0.6992,5
2026-03-25T00:57:00,0.699,0.699,0.699,0.699,5
2026-03-25T00:58:00,0.6989,0.6989,0.6988,0.6988,15
2026-03-25T01:00:00,0.6986,0.6989,0.6986,0.6988,22
2026-03-25T01:01:00,0.6988,0.6988,0.6987,0.6987,4
2026-03-25T01:02:00,0.699,0.699,0.699,0.699,3
2026-03-25T01:03:00,0.6987,0.6988,0.6987,0.6988,10
2026-03-25T01:04:00,0.6989,0.699,0.6989,0.699,9
2026-03-25T01:05:00,0.699,0.6991,0.699,0.699,8
2026-03-25T01:06:00,0.6988,0.6988,0.6986,0.6986,10
2026-03-25T01:07:00,0.6987,0.6988,0.6987,0.6988,7
2026-03-25T01:08:00,0.6987,0.6987,0.6986,0.6986,10
2026-03-25T01:09:00,0.6986,0.6987,0.6985,0.6987,4
2026-03-25T01:10:00,0.6988,0.6988,0.6987,0.6987,2
2026-03-25T01:11:00,0.6989,0.6989,0.6987,0.6987,22
2026-03-25T01:12:00,0.6986,0.6987,0.6986,0.6987,2
2026-03-25T01:13:00,0.6986,0.6986,0.6985,0.6985,3
2026-03-25T01:14:00,0.6984,0.6984,0.6982,0.6982,7
2026-03-25T01:15:00,0.6984,0.6985,0.6983,0.6984,11
2026-03-25T01:16:00,0.6983,0.6983,0.6983,0.6983,17
2026-03-25T01:17:00,0.6984,0.6984,0.6984,0.6984,7
2026-03-25T01:18:00,0.6985,0.6985,0.698,0.698,34
2026-03-25T01:19:00,0.6982,0.6982,0.698,0.698,12
2026-03-25T01:20:00,0.698,0.6982,0.698,0.6982,61
2026-03-25T01:21:00,0.6981,0.6983,0.6981,0.6983,41
2026-03-25T01:22:00,0.6982,0.6982,0.6982,0.6982,4
2026-03-25T01:24:00,0.6982,0.6982,0.6982,0.6982,5
2026-03-25T01:25:00,0.6981,0.6982,0.698,0.6982,13
2026-03-25T01:27:00,0.6983,0.6984,0.6983,0.6984,9
2026-03-25T01:28:00,0.6984,0.6984,0.6983,0.6984,6
2026-03-25T01:29:00,0.6984,0.6984,0.6983,0.6983,5
2026-03-25T01:30:00,0.6982,0.6982,0.6978,0.6978,7
2026-03-25T01:31:00,0.6979,0.6979,0.6979,0.6979,19
2026-03-25T01:32:00,0.698,0.698,0.6979,0.6979,26
2026-03-25T01:33:00,0.6979,0.6979,0.6979,0.6979,3
2026-03-25T01:34:00,0.6978,0.6979,0.6977,0.6979,21
2026-03-25T01:35:00,0.6979,0.698,0.6979,0.698,3
2026-03-25T01:36:00,0.6981,0.6983,0.6981,0.6983,4
2026-03-25T01:37:00,0.6984,0.6985,0.6983,0.6984,15
2026-03-25T01:38:00,0.6984,0.6984,0.6982,0.6982,5
2026-03-25T01:39:00,0.6984,0.6984,0.6984,0.6984,2
2026-03-25T01:40:00,0.6983,0.6983,0.6983,0.6983,2
2026-03-25T01:41:00,0.6983,0.6983,0.6979,0.6982,76
2026-03-25T01:42:00,0.6984,0.6987,0.6984,0.6986,22
2026-03-25T01:43:00,0.6986,0.6987,0.6986,0.6986,16
2026-03-25T01:44:00,0.6982,0.6982,0.698,0.698,7
2026-03-25T01:46:00,0.6979,0.6979,0.6978,0.6979,12
2026-03-25T01:48:00,0.6979,0.6979,0.6979,0.6979,8
2026-03-25T01:49:00,0.6978,0.6978,0.6978,0.6978,1
2026-03-25T01:50:00,0.6978,0.6978,0.6978,0.6978,5
2026-03-25T01:51:00,0.6977,0.6977,0.6977,0.6977,1
2026-03-25T01:52:00,0.6975,0.6977,0.6975,0.6976,15
2026-03-25T01:53:00,0.6976,0.6976,0.6976,0.6976,2
2026-03-25T01:54:00,0.6977,0.6977,0.6976,0.6976,5
2026-03-25T01:55:00,0.6978,0.6978,0.6977,0.6978,9
2026-03-25T01:56:00,0.6976,0.6977,0.6976,0.6977,2
2026-03-25T01:57:00,0.6977,0.6977,0.6976,0.6977,7
2026-03-25T01:58:00,0.6975,0.6975,0.6975,0.6975,23
2026-03-25T01:59:00,0.6974,0.6974,0.6973,0.6974,7
2026-03-25T02:00:00,0.6975,0.6975,0.6972,0.6972,14
2026-03-25T02:01:00,0.6972,0.6973,0.6972,0.6973,7
2026-03-25T02:02:00,0.6973,0.6974,0.6972,0.6972,14
2026-03-25T02:03:00,0.6973,0.6973,0.6972,0.6973,5
2026-03-25T02:04:00,0.6971,0.6971,0.6971,0.6971,14
2026-03-25T02:05:00,0.6971,0.6971,0.6969,0.697,25
2026-03-25T02:06:00,0.6971,0.6972,0.697,0.6972,11
2026-03-25T02:07:00,0.6972,0.6972,0.6971,0.6971,3
2026-03-25T02:08:00,0.6969,0.6969,0.6968,0.6969,5
2026-03-25T02:09:00,0.6969,0.6969,0.6966,0.6966,30
2026-03-25T02:10:00,0.6967,0.6967,0.6966,0.6966,10
2026-03-25T02:11:00,0.6967,0.6967,0.6966,0.6966,15
2026-03-25T02:12:00,0.6967,0.6969,0.6966,0.6969,118
2026-03-25T02:13:00,0.6967,0.6967,0.6967,0.6967,2
2026-03-25T02:14:00,0.6969,0.6969,0.6969,0.6969,12
2026-03-25T02:15:00,0.6969,0.697,0.6969,0.697,7
2026-03-25T02:16:00,0.697,0.6971,0.697,0.6971,9
2026-03-25T02:17:00,0.6972,0.6973,0.6972,0.6972,9
2026-03-25T02:18:00,0.6973,0.6974,0.6973,0.6974,3
2026-03-25T02:19:00,0.6974,0.6974,0.6974,0.6974,5
2026-03-25T02:20:00,0.6974,0.6974,0.6971,0.6972,18
2026-03-25T02:21:00,0.6972,0.6972,0.6972,0.6972,2
2026-03-25T02:22:00,0.6971,0.6971,0.6971,0.6971,1
2026-03-25T02:23:00,0.6968,0.6969,0.6967,0.6968,12
2026-03-25T02:25:00,0.6971,0.6971,0.6971,0.6971,3
2026-03-25T02:26:00,0.697,0.697,0.6969,0.6969,19
2026-03-25T02:27:00,0.6969,0.6969,0.6969,0.6969,2
2026-03-25T02:29:00,0.6971,0.6971,0.6971,0.6971,1
2026-03-25T02:30:00,0.6971,0.6971,0.697,0.697,3
2026-03-25T02:31:00,0.6969,0.697,0.6969,0.697,4
2026-03-25T02:32:00,0.697,0.697,0.697,0.697,7
2026-03-25T02:33:00,0.697,0.697,0.6969,0.6969,12
2026-03-25T02:34:00,0.6969,0.6969,0.6969,0.6969,4
2026-03-25T02:36:00,0.6969,0.697,0.6969,0.697,9
2026-03-25T02:37:00,0.697,0.697,0.697,0.697,6
2026-03-25T02:38:00,0.6969,0.6969,0.6969,0.6969,1
2026-03-25T02:40:00,0.697,0.697,0.697,0.697,4
2026-03-25T02:41:00,0.6971,0.6971,0.6971,0.6971,1
2026-03-25T02:42:00,0.6972,0.6972,0.6972,0.6972,17
2026-03-25T02:43:00,0.6972,0.6973,0.6972,0.6973,12
2026-03-25T02:47:00,0.6972,0.6972,0.6972,0.6972,7
2026-03-25T02:48:00,0.6972,0.6972,0.6971,0.6971,9
2026-03-25T02:50:00,0.6968,0.6968,0.6968,0.6968,2
2026-03-25T02:52:00,0.6967,0.6967,0.6964,0.6964,26
2026-03-25T02:53:00,0.6964,0.6964,0.6964,0.6964,1
2026-03-25T02:54:00,0.6965,0.6965,0.6965,0.6965,4
2026-03-25T02:55:00,0.6964,0.6964,0.6964,0.6964,8
2026-03-25T02:57:00,0.6967,0.6967,0.6967,0.6967,1
2026-03-25T02:58:00,0.6965,0.6966,0.6965,0.6965,6
2026-03-25T02:59:00,0.6965,0.6965,0.6965,0.6965,1
2026-03-25T03:00:00,0.6965,0.6966,0.6965,0.6966,7
2026-03-25T03:01:00,0.6966,0.6966,0.6966,0.6966,2
2026-03-25T03:02:00,0.6966,0.6966,0.6966,0.6966,2
2026-03-25T03:03:00,0.6966,0.6966,0.6966,0.6966,1
2026-03-25T03:04:00,0.6966,0.6967,0.6966,0.6967,3
2026-03-25T03:05:00,0.6966,0.6967,0.6966,0.6967,8
2026-03-25T03:06:00,0.6967,0.6968,0.6967,0.6968,7
2026-03-25T03:08:00,0.6969,0.6969,0.6969,0.6969,19
2026-03-25T03:10:00,0.6968,0.6968,0.6968,0.6968,1
2026-03-25T03:12:00,0.6968,0.6968,0.6968,0.6968,4
2026-03-25T03:13:00,0.6965,0.6966,0.6965,0.6966,11
2026-03-25T03:15:00,0.6965,0.6965,0.6964,0.6964,2
2026-03-25T03:16:00,0.6965,0.6965,0.6965,0.6965,1
2026-03-25T03:17:00,0.6966,0.6966,0.6966,0.6966,4
2026-03-25T03:20:00,0.6967,0.6967,0.6966,0.6966,5
2026-03-25T03:21:00,0.6966,0.6966,0.6966,0.6966,5
2026-03-25T03:22:00,0.6965,0.6965,0.6964,0.6964,5
2026-03-25T03:24:00,0.6964,0.6964,0.6964,0.6964,1
2026-03-25T03:26:00,0.6964,0.6964,0.6964,0.6964,1
2026-03-25T03:27:00,0.6963,0.6963,0.6963,0.6963,10
2026-03-25T03:28:00,0.6963,0.6963,0.6963,0.6963,1
2026-03-25T03:29:00,0.6963,0.6963,0.6963,0.6963,6
2026-03-25T03:30:00,0.6962,0.6962,0.6962,0.6962,8
2026-03-25T03:31:00,0.6963,0.6963,0.6963,0.6963,5
2026-03-25T03:35:00,0.6965,0.6968,0.6965,0.6968,6
2026-03-25T03:36:00,0.6968,0.6968,0.6968,0.6968,10
2026-03-25T03:37:00,0.6968,0.6968,0.6968,0.6968,1
2026-03-25T03:38:00,0.6968,0.6968,0.6968,0.6968,4
2026-03-25T03:39:00,0.6968,0.6969,0.6968,0.6969,5
2026-03-25T03:40:00,0.6969,0.6969,0.6969,0.6969,5
2026-03-25T03:42:00,0.6967,0.6967,0.6967,0.6967,10
2026-03-25T03:43:00,0.6967,0.6967,0.6967,0.6967,17
2026-03-25T03:47:00,0.6967,0.6967,0.6967,0.6967,1
2026-03-25T03:49:00,0.6968,0.6968,0.6968,0.6968,4
2026-03-25T03:50:00,0.6967,0.6967,0.6967,0.6967,1
2026-03-25T03:51:00,0.6968,0.6969,0.6968,0.6969,12
2026-03-25T03:52:00,0.6968,0.6968,0.6968,0.6968,1
2026-03-25T03:53:00,0.6968,0.6968,0.6968,0.6968,3
2026-03-25T03:54:00,0.6968,0.6968,0.6968,0.6968,3
2026-03-25T03:58:00,0.6969,0.6969,0.6969,0.6969,1
2026-03-25T03:59:00,0.6968,0.6968,0.6968,0.6968,2
2026-03-25T04:04:00,0.6971,0.6971,0.697,0.697,4
2026-03-25T04:05:00,0.6971,0.6971,0.6971,0.6971,2
2026-03-25T04:06:00,0.697,0.697,0.697,0.697,4
2026-03-25T04:07:00,0.697,0.697,0.6969,0.6969,3
2026-03-25T04:08:00,0.6969,0.6969,0.6968,0.6968,5
2026-03-25T04:11:00,0.6969,0.6969,0.6969,0.6969,1
2026-03-25T04:15:00,0.697,0.697,0.697,0.697,1
2026-03-25T04:17:00,0.6971,0.6971,0.6971,0.6971,20
2026-03-25T04:19:00,0.6972,0.6972,0.6972,0.6972,2
2026-03-25T04:20:00,0.6972,0.6972,0.6971,0.6971,5
2026-03-25T04:24:00,0.697,0.6971,0.697,0.6971,2
2026-03-25T04:25:00,0.6972,0.6972,0.6972,0.6972,5
2026-03-25T04:27:00,0.6971,0.6971,0.6971,0.6971,2
2026-03-25T04:28:00,0.697,0.697,0.697,0.697,2
2026-03-25T04:30:00,0.697,0.697,0.697,0.697,8
2026-03-25T04:31:00,0.6969,0.6969,0.6969,0.6969,6
2026-03-25T04:35:00,0.6969,0.6969,0.6969,0.6969,11
2026-03-25T04:36:00,0.6969,0.6969,0.6969,0.6969,1
2026-03-25T04:39:00,0.6968,0.6968,0.6968,0.6968,4
2026-03-25T04:40:00,0.6968,0.6968,0.6968,0.6968,3
2026-03-25T04:44:00,0.6967,0.6967,0.6966,0.6966,9
2026-03-25T04:47:00,0.6967,0.6967,0.6967,0.6967,2
2026-03-25T04:48:00,0.6967,0.6967,0.6966,0.6966,16
2026-03-25T04:49:00,0.6966,0.6966,0.6966,0.6966,2
2026-03-25T04:50:00,0.6966,0.6966,0.6966,0.6966,4
2026-03-25T04:57:00,0.6968,0.6968,0.6968,0.6968,3
2026-03-25T04:58:00,0.6967,0.6967,0.6967,0.6967,3
2026-03-25T05:00:00,0.6966,0.6966,0.6965,0.6965,19
2026-03-25T05:02:00,0.6964,0.6964,0.6964,0.6964,4
2026-03-25T05:04:00,0.6965,0.6965,0.6965,0.6965,3
2026-03-25T05:05:00,0.6964,0.6964,0.6964,0.6964,4
2026-03-25T05:06:00,0.6966,0.6966,0.6966,0.6966,1
2026-03-25T05:08:00,0.6966,0.6966,0.6966,0.6966,2
2026-03-25T05:09:00,0.6967,0.6968,0.6967,0.6968,2
2026-03-25T05:10:00,0.6968,0.6968,0.6968,0.6968,2
2026-03-25T05:12:00,0.6968,0.6968,0.6968,0.6968,1
2026-03-25T05:13:00,0.6969,0.6969,0.6969,0.6969,2
2026-03-25T05:14:00,0.6969,0.6969,0.6969,0.6969,11
2026-03-25T05:15:00,0.6968,0.6968,0.6967,0.6967,9
2026-03-25T05:17:00,0.6966,0.6966,0.6965,0.6965,4
2026-03-25T05:18:00,0.6965,0.6965,0.6965,0.6965,3
2026-03-25T05:19:00,0.6965,0.6965,0.6964,0.6964,12
2026-03-25T05:21:00,0.6966,0.6966,0.6966,0.6966,3
2026-03-25T05:22:00,0.6966,0.6966,0.6966,0.6966,1
2026-03-25T05:25:00,0.6968,0.6968,0.6965,0.6965,8
2026-03-25T05:26:00,0.6965,0.6965,0.6965,0.6965,4
2026-03-25T05:27:00,0.6964,0.6964,0.6964,0.6964,15
2026-03-25T05:28:00,0.6964,0.6964,0.6964,0.6964,8
2026-03-25T05:29:00,0.6965,0.6965,0.6965,0.6965,1
2026-03-25T05:30:00,0.6965,0.6965,0.6965,0.6965,6
2026-03-25T05:31:00,0.6966,0.6966,0.6966,0.6966,1
2026-03-25T05:32:00,0.6966,0.6966,0.6966,0.6966,3
2026-03-25T05:33:00,0.6966,0.6966,0.6964,0.6964,2
2026-03-25T05:34:00,0.6966,0.6966,0.6966,0.6966,1
2026-03-25T05:35:00,0.6966,0.6966,0.6966,0.6966,1
2026-03-25T05:36:00,0.6967,0.6967,0.6967,0.6967,3
2026-03-25T05:37:00,0.6968,0.6968,0.6968,0.6968,3
2026-03-25T05:38:00,0.6968,0.6969,0.6967,0.6967,3
2026-03-25T05:45:00,0.6967,0.6967,0.6967,0.6967,4
2026-03-25T05:46:00,0.6967,0.6967,0.6966,0.6966,11
2026-03-25T05:48:00,0.6965,0.6965,0.6965,0.6965,1
2026-03-25T05:51:00,0.6964,0.6964,0.6964,0.6964,12
2026-03-25T05:54:00,0.6964,0.6964,0.6964,0.6964,6
2026-03-25T05:55:00,0.6963,0.6963,0.6963,0.6963,25
2026-03-25T05:56:00,0.6963,0.6963,0.6961,0.6961,12
2026-03-25T05:57:00,0.6963,0.6963,0.6963,0.6963,1
2026-03-25T05:59:00,0.6963,0.6963,0.6963,0.6963,1
2026-03-25T06:00:00,0.6963,0.6963,0.6963,0.6963,5
2026-03-25T06:01:00,0.6962,0.6962,0.6962,0.6962,1
2026-03-25T06:02:00,0.6962,0.6962,0.6962,0.6962,6
2026-03-25T06:03:00,0.6964,0.6964,0.6963,0.6963,6
2026-03-25T06:05:00,0.6963,0.6963,0.6963,0.6963,5
2026-03-25T06:07:00,0.6963,0.6963,0.6963,0.6963,4
2026-03-25T06:09:00,0.6961,0.6961,0.6959,0.6959,73
2026-03-25T06:10:00,0.696,0.696,0.696,0.696,2
2026-03-25T06:11:00,0.6961,0.6961,0.6961,0.6961,3
2026-03-25T06:13:00,0.6961,0.6961,0.696,0.696,6
2026-03-25T06:14:00,0.6959,0.6961,0.6959,0.6961,4
2026-03-25T06:16:00,0.6962,0.6963,0.6962,0.6963,2
2026-03-25T06:17:00,0.6963,0.6963,0.6963,0.6963,1
2026-03-25T06:18:00,0.6963,0.6963,0.6963,0.6963,7
2026-03-25T06:25:00,0.6965,0.6965,0.6965,0.6965,4
2026-03-25T06:28:00,0.6964,0.6964,0.6964,0.6964,1
2026-03-25T06:37:00,0.6963,0.6963,0.6963,0.6963,1
2026-03-25T06:39:00,0.6963,0.6963,0.6963,0.6963,10
2026-03-25T06:40:00,0.6963,0.6963,0.6963,0.6963,4
2026-03-25T06:42:00,0.6965,0.6965,0.6965,0.6965,1
2026-03-25T06:44:00,0.6964,0.6964,0.6964,0.6964,4
2026-03-25T06:45:00,0.6963,0.6963,0.6963,0.6963,1
2026-03-25T06:46:00,0.6961,0.6962,0.6961,0.6962,2
2026-03-25T06:47:00,0.6963,0.6963,0.6963,0.6963,4
2026-03-25T06:48:00,0.6966,0.6966,0.6966,0.6966,1
2026-03-25T06:49:00,0.6965,0.6965,0.6965,0.6965,1
2026-03-25T06:51:00,0.6967,0.6967,0.6967,0.6967,7
2026-03-25T06:54:00,0.6966,0.6966,0.6965,0.6965,8
2026-03-25T06:55:00,0.6965,0.6965,0.6964,0.6964,5
2026-03-25T06:56:00,0.6964,0.6964,0.6964,0.6964,1
2026-03-25T06:57:00,0.6963,0.6963,0.6963,0.6963,3
2026-03-25T06:59:00,0.6964,0.6964,0.6963,0.6963,6
2026-03-25T07:00:00,0.6963,0.6963,0.6963,0.6963,3
2026-03-25T07:01:00,0.6964,0.6964,0.6964,0.6964,35
2026-03-25T07:02:00,0.6964,0.6964,0.6964,0.6964,2
2026-03-25T07:03:00,0.6965,0.6965,0.6965,0.6965,19
2026-03-25T07:04:00,0.6964,0.6965,0.6964,0.6965,5
2026-03-25T07:05:00,0.6967,0.6967,0.6967,0.6967,7
2026-03-25T07:06:00,0.6966,0.6966,0.6966,0.6966,22
2026-03-25T07:09:00,0.6965,0.6965,0.6964,0.6964,4
2026-03-25T07:10:00,0.6966,0.6966,0.6966,0.6966,1
2026-03-25T07:11:00,0.6965,0.6965,0.6965,0.6965,4
2026-03-25T07:13:00,0.6967,0.6968,0.6967,0.6968,6
2026-03-25T07:14:00,0.6969,0.6969,0.6969,0.6969,4
2026-03-25T07:15:00,0.6968,0.6968,0.6968,0.6968,1
2026-03-25T07:16:00,0.6967,0.6968,0.6967,0.6968,2
2026-03-25T07:17:00,0.6968,0.6968,0.6968,0.6968,14
2026-03-25T07:18:00,0.6969,0.6969,0.6969,0.6969,5
2026-03-25T07:19:00,0.6968,0.697,0.6968,0.6969,14
2026-03-25T07:20:00,0.6968,0.6968,0.6968,0.6968,1
2026-03-25T07:21:00,0.6969,0.697,0.6967,0.6967,8
2026-03-25T07:22:00,0.6966,0.6966,0.6966,0.6966,5
2026-03-25T07:23:00,0.6966,0.6966,0.6966,0.6966,1
2026-03-25T07:24:00,0.6966,0.6966,0.6964,0.6964,14
2026-03-25T07:25:00,0.6963,0.6963,0.6963,0.6963,1
2026-03-25T07:26:00,0.6962,0.6962,0.6962,0.6962,1
2026-03-25T07:27:00,0.6964,0.6964,0.6964,0.6964,5
2026-03-25T07:29:00,0.6962,0.6963,0.6962,0.6963,3
2026-03-25T07:30:00,0.6962,0.6962,0.6962,0.6962,1
2026-03-25T07:31:00,0.696,0.696,0.696,0.696,5
2026-03-25T07:32:00,0.696,0.696,0.6958,0.696,30
2026-03-25T07:33:00,0.696,0.696,0.6959,0.696,7
2026-03-25T07:34:00,0.6958,0.6959,0.6958,0.6958,10
2026-03-25T07:35:00,0.6958,0.6958,0.6954,0.6955,74
2026-03-25T07:36:00,0.6956,0.6956,0.6956,0.6956,1
2026-03-25T07:37:00,0.6957,0.6957,0.6957,0.6957,8
2026-03-25T07:38:00,0.6958,0.6958,0.6957,0.6957,12
2026-03-25T07:39:00,0.6957,0.6957,0.6955,0.6955,5
2026-03-25T07:40:00,0.6957,0.6958,0.6957,0.6958,4
2026-03-25T07:41:00,0.6959,0.6959,0.6959,0.6959,4
2026-03-25T07:42:00,0.696,0.696,0.696,0.696,3
2026-03-25T07:43:00,0.696,0.696,0.696,0.696,5
2026-03-25T07:44:00,0.6959,0.6961,0.6959,0.6961,6
2026-03-25T07:45:00,0.6961,0.6961,0.696,0.696,3
2026-03-25T07:46:00,0.696,0.696,0.696,0.696,14
2026-03-25T07:47:00,0.696,0.696,0.696,0.696,5
2026-03-25T07:48:00,0.6959,0.6959,0.6959,0.6959,6
2026-03-25T07:50:00,0.6959,0.6959,0.6959,0.6959,1
2026-03-25T07:51:00,0.6958,0.6958,0.6958,0.6958,6
2026-03-25T07:52:00,0.6958,0.6959,0.6958,0.6959,3
2026-03-25T07:54:00,0.6959,0.6959,0.6959,0.6959,2
2026-03-25T07:56:00,0.696,0.696,0.696,0.696,11
2026-03-25T07:57:00,0.696,0.696,0.6958,0.6958,9
2026-03-25T07:58:00,0.6958,0.6958,0.6958,0.6958,27
2026-03-25T07:59:00,0.6958,0.6958,0.6958,0.6958,1
2026-03-25T08:00:00,0.6959,0.6959,0.6956,0.6956,4
2026-03-25T08:01:00,0.6956,0.6956,0.6956,0.6956,1
2026-03-25T08:02:00,0.6956,0.6956,0.6956,0.6956,1
2026-03-25T08:03:00,0.6958,0.6959,0.6958,0.6959,6
2026-03-25T08:04:00,0.6962,0.6962,0.696,0.696,4
2026-03-25T08:05:00,0.696,0.696,0.696,0.696,5
2026-03-25T08:06:00,0.6961,0.6964,0.696,0.6964,39
2026-03-25T08:07:00,0.6965,0.6969,0.6965,0.6969,34
2026-03-25T08:08:00,0.6969,0.6969,0.6966,0.6966,6
2026-03-25T08:09:00,0.6965,0.6967,0.6965,0.6965,12
2026-03-25T08:10:00,0.6965,0.6965,0.6965,0.6965,1
2026-03-25T08:11:00,0.6966,0.6966,0.6965,0.6965,2
2026-03-25T08:13:00,0.6964,0.6964,0.6964,0.6964,1
2026-03-25T08:15:00,0.6966,0.6969,0.6965,0.6969,22
2026-03-25T08:16:00,0.6969,0.6971,0.6969,0.6971,18
2026-03-25T08:17:00,0.6972,0.6972,0.6971,0.6971,8
2026-03-25T08:18:00,0.697,0.6971,0.697,0.6971,4
2026-03-25T08:19:00,0.697,0.6971,0.697,0.6971,13
2026-03-25T08:20:00,0.6972,0.6972,0.6972,0.6972,21
2026-03-25T08:21:00,0.6973,0.6976,0.6973,0.6974,44
2026-03-25T08:22:00,0.6973,0.6973,0.697,0.697,12
2026-03-25T08:23:00,0.6972,0.6972,0.697,0.697,3
2026-03-25T08:26:00,0.6972,0.6973,0.6972,0.6973,10
2026-03-25T08:27:00,0.6973,0.6974,0.6973,0.6974,4
2026-03-25T08:28:00,0.6974,0.6974,0.6973,0.6974,4
2026-03-25T08:29:00,0.6975,0.6976,0.6975,0.6975,9
2026-03-25T08:31:00,0.6977,0.6977,0.6977,0.6977,4
2026-03-25T08:32:00,0.6979,0.698,0.6979,0.698,42
2026-03-25T08:33:00,0.6981,0.6981,0.6981,0.6981,5
2026-03-25T08:34:00,0.6981,0.6981,0.698,0.698,11
2026-03-25T08:35:00,0.6979,0.6981,0.6979,0.6981,18
2026-03-25T08:36:00,0.698,0.698,0.697,0.6971,155
2026-03-25T08:37:00,0.6972,0.6975,0.6971,0.6971,41
2026-03-25T08:38:00,0.6974,0.6978,0.6973,0.6976,35
2026-03-25T08:39:00,0.6976,0.6976,0.6975,0.6975,11
2026-03-25T08:40:00,0.6977,0.6978,0.6977,0.6978,7
2026-03-25T08:41:00,0.6977,0.6977,0.6977,0.6977,2
2026-03-25T08:42:00,0.6978,0.6978,0.6977,0.6977,5
2026-03-25T08:43:00,0.6975,0.6975,0.6975,0.6975,1
2026-03-25T08:44:00,0.6975,0.6975,0.6974,0.6974,5
2026-03-25T08:45:00,0.6973,0.6975,0.6973,0.6973,11
2026-03-25T08:46:00,0.6977,0.6977,0.6977,0.6977,5
2026-03-25T08:47:00,0.6977,0.6977,0.6977,0.6977,1
2026-03-25T08:48:00,0.6977,0.6977,0.6977,0.6977,1
2026-03-25T08:49:00,0.6978,0.6979,0.6978,0.6979,11
2026-03-25T08:51:00,0.6979,0.6979,0.6978,0.6978,15
2026-03-25T08:52:00,0.6978,0.6978,0.6976,0.6977,52
2026-03-25T08:53:00,0.6976,0.6976,0.6976,0.6976,10
2026-03-25T08:54:00,0.6976,0.6976,0.6976,0.6976,2
2026-03-25T08:55:00,0.6974,0.6975,0.6974,0.6975,4
2026-03-25T08:56:00,0.6975,0.6975,0.6975,0.6975,5
2026-03-25T08:57:00,0.6973,0.6973,0.6973,0.6973,5
2026-03-25T08:58:00,0.6972,0.6973,0.6972,0.6973,9
2026-03-25T09:00:00,0.6972,0.6973,0.6972,0.6973,26
2026-03-25T09:01:00,0.6973,0.6973,0.6973,0.6973,8
2026-03-25T09:03:00,0.6976,0.6976,0.6976,0.6976,3
2026-03-25T09:04:00,0.6975,0.6975,0.6974,0.6974,6
2026-03-25T09:05:00,0.6975,0.6975,0.6975,0.6975,5
2026-03-25T09:06:00,0.6975,0.6977,0.6975,0.6976,4
2026-03-25T09:07:00,0.6976,0.6976,0.6976,0.6976,1
2026-03-25T09:08:00,0.6975,0.6975,0.6975,0.6975,1
2026-03-25T09:09:00,0.6975,0.6975,0.6975,0.6975,4
2026-03-25T09:10:00,0.6975,0.6976,0.6975,0.6976,7
2026-03-25T09:12:00,0.6977,0.6977,0.6977,0.6977,4
2026-03-25T09:13:00,0.6975,0.6975,0.6975,0.6975,4
2026-03-25T09:14:00,0.6974,0.6974,0.6974,0.6974,9
2026-03-25T09:15:00,0.6974,0.6974,0.6974,0.6974,4
2026-03-25T09:16:00,0.6973,0.6973,0.6973,0.6973,1
2026-03-25T09:17:00,0.6971,0.6971,0.6971,0.6971,2
2026-03-25T09:18:00,0.6971,0.6971,0.6971,0.6971,1
2026-03-25T09:19:00,0.6971,0.6971,0.6971,0.6971,5
2026-03-25T09:20:00,0.697,0.697,0.6968,0.6968,11
2026-03-25T09:21:00,0.6968,0.6968,0.6968,0.6968,3
2026-03-25T09:22:00,0.6968,0.6968,0.6968,0.6968,12
2026-03-25T09:23:00,0.6967,0.6967,0.6964,0.6964,10
2026-03-25T09:24:00,0.6965,0.6965,0.6964,0.6964,2
2026-03-25T09:25:00,0.6964,0.6964,0.6964,0.6964,4
2026-03-25T09:26:00,0.6964,0.6964,0.6964,0.6964,2
2026-03-25T09:27:00,0.6964,0.6964,0.6963,0.6963,4
2026-03-25T09:28:00,0.6964,0.6964,0.6963,0.6963,8
2026-03-25T09:29:00,0.6964,0.6964,0.6964,0.6964,5
2026-03-25T09:30:00,0.6963,0.6963,0.6962,0.6963,11
2026-03-25T09:31:00,0.6965,0.6965,0.6965,0.6965,3
2026-03-25T09:33:00,0.6963,0.6963,0.6962,0.6962,6
2026-03-25T09:34:00,0.696,0.696,0.6959,0.696,15
2026-03-25T09:35:00,0.696,0.696,0.696,0.696,6
2026-03-25T09:36:00,0.6961,0.6961,0.6959,0.6959,2
2026-03-25T09:37:00,0.6959,0.696,0.6959,0.696,7
2026-03-25T09:38:00,0.6959,0.6959,0.6958,0.6959,8
2026-03-25T09:39:00,0.6961,0.6961,0.6961,0.6961,1
2026-03-25T09:40:00,0.6961,0.6961,0.6961,0.6961,2
2026-03-25T09:41:00,0.6963,0.6965,0.6963,0.6965,7
2026-03-25T09:42:00,0.6965,0.6965,0.6961,0.6961,11
2026-03-25T09:43:00,0.696,0.696,0.6958,0.6958,10
2026-03-25T09:44:00,0.6958,0.6958,0.6958,0.6958,4
2026-03-25T09:45:00,0.6958,0.6959,0.6958,0.6959,3
2026-03-25T09:46:00,0.6957,0.6958,0.6957,0.6957,13
2026-03-25T09:47:00,0.6956,0.6956,0.6955,0.6955,19
2026-03-25T09:48:00,0.6954,0.6955,0.6952,0.6955,23
2026-03-25T09:49:00,0.6955,0.6956,0.6955,0.6955,12
2026-03-25T09:51:00,0.6957,0.6957,0.6956,0.6956,12
2026-03-25T09:52:00,0.6957,0.6957,0.6957,0.6957,4
2026-03-25T09:53:00,0.6956,0.6956,0.6956,0.6956,3
2026-03-25T09:54:00,0.6956,0.6957,0.6956,0.6956,8
2026-03-25T09:55:00,0.6956,0.6957,0.6956,0.6957,4
2026-03-25T09:56:00,0.6958,0.6958,0.6958,0.6958,2
2026-03-25T09:57:00,0.6957,0.6957,0.6957,0.6957,4
2026-03-25T09:58:00,0.6957,0.696,0.6956,0.6956,180
2026-03-25T09:59:00,0.6959,0.6961,0.6959,0.6961,6
2026-03-25T10:00:00,0.6961,0.6961,0.6961,0.6961,12
2026-03-25T10:01:00,0.6964,0.6964,0.6962,0.6962,6
2026-03-25T10:02:00,0.6962,0.6965,0.6962,0.6965,4
2026-03-25T10:03:00,0.6964,0.6964,0.6963,0.6963,3
2026-03-25T10:04:00,0.6961,0.6961,0.6961,0.6961,2
2026-03-25T10:05:00,0.6962,0.6962,0.6962,0.6962,2
2026-03-25T10:07:00,0.6961,0.6961,0.696,0.696,11
2026-03-25T10:08:00,0.6961,0.6961,0.696,0.696,5
2026-03-25T10:09:00,0.6959,0.6959,0.6958,0.6958,7
2026-03-25T10:10:00,0.6958,0.6958,0.6957,0.6958,9
2026-03-25T10:11:00,0.6958,0.6958,0.6958,0.6958,1
2026-03-25T10:13:00,0.6958,0.6958,0.6957,0.6957,8
2026-03-25T10:14:00,0.6957,0.6957,0.6957,0.6957,1
2026-03-25T10:15:00,0.6957,0.6957,0.6955,0.6955,3
2026-03-25T10:17:00,0.6957,0.6957,0.6957,0.6957,2
2026-03-25T10:20:00,0.6957,0.6957,0.6957,0.6957,9
2026-03-25T10:21:00,0.6957,0.6957,0.6957,0.6957,4
2026-03-25T10:22:00,0.6957,0.6957,0.6955,0.6955,7
2026-03-25T10:23:00,0.6954,0.6954,0.6954,0.6954,3
2026-03-25T10:24:00,0.6955,0.6956,0.6953,0.6954,38
2026-03-25T10:25:00,0.6954,0.6954,0.6953,0.6953,6
2026-03-25T10:26:00,0.6953,0.6955,0.6953,0.6955,3
2026-03-25T10:27:00,0.6954,0.6954,0.6954,0.6954,21
2026-03-25T10:28:00,0.6954,0.6954,0.6954,0.6954,3
2026-03-25T10:29:00,0.6954,0.6954,0.6953,0.6953,4
2026-03-25T10:30:00,0.6952,0.6953,0.6951,0.6953,11
2026-03-25T10:31:00,0.6953,0.6953,0.6953,0.6953,4
2026-03-25T10:32:00,0.6953,0.6953,0.6953,0.6953,5
2026-03-25T10:34:00,0.6953,0.6953,0.6953,0.6953,3
2026-03-25T10:35:00,0.6953,0.6953,0.6953,0.6953,2
2026-03-25T10:36:00,0.6954,0.6954,0.6954,0.6954,2
2026-03-25T10:37:00,0.6954,0.6955,0.6954,0.6955,2
2026-03-25T10:38:00,0.6955,0.6956,0.6955,0.6956,3
2026-03-25T10:39:00,0.6956,0.6956,0.6955,0.6955,2
2026-03-25T10:40:00,0.6955,0.6955,0.6955,0.6955,1
2026-03-25T10:41:00,0.6957,0.6957,0.6957,0.6957,1
2026-03-25T10:42:00,0.6954,0.6954,0.6954,0.6954,4
2026-03-25T10:46:00,0.6955,0.6955,0.6955,0.6955,2
2026-03-25T10:48:00,0.6958,0.6958,0.6958,0.6958,13
2026-03-25T10:49:00,0.696,0.696,0.6959,0.6959,4
2026-03-25T10:50:00,0.6959,0.6959,0.6959,0.6959,5
2026-03-25T10:51:00,0.6959,0.6959,0.6959,0.6959,2
2026-03-25T10:52:00,0.6958,0.6958,0.6958,0.6958,6
2026-03-25T10:53:00,0.6957,0.6957,0.6957,0.6957,5
2026-03-25T10:55:00,0.6959,0.6959,0.6959,0.6959,1
2026-03-25T10:57:00,0.696,0.696,0.6959,0.6959,3
2026-03-25T10:59:00,0.6959,0.6959,0.6959,0.6959,1
2026-03-25T11:00:00,0.6959,0.6959,0.6959,0.6959,10
2026-03-25T11:01:00,0.6959,0.6959,0.6959,0.6959,1
2026-03-25T11:02:00,0.6961,0.6962,0.696,0.6961,23
2026-03-25T11:04:00,0.6962,0.6965,0.6962,0.6964,11
2026-03-25T11:05:00,0.6964,0.6965,0.6964,0.6965,8
2026-03-25T11:06:00,0.6964,0.6964,0.6963,0.6963,10
2026-03-25T11:07:00,0.6963,0.6963,0.6963,0.6963,2
2026-03-25T11:08:00,0.6963,0.6963,0.6963,0.6963,8
2026-03-25T11:09:00,0.6963,0.6963,0.6962,0.6962,3
2026-03-25T11:10:00,0.6962,0.6962,0.6961,0.6961,9
2026-03-25T11:11:00,0.696,0.696,0.696,0.696,2
2026-03-25T11:13:00,0.6961,0.6961,0.6961,0.6961,1
2026-03-25T11:15:00,0.6961,0.6961,0.6961,0.6961,2
2026-03-25T11:17:00,0.696,0.696,0.696,0.696,1
2026-03-25T11:19:00,0.6961,0.6961,0.6961,0.6961,4
2026-03-25T11:20:00,0.6961,0.6961,0.6961,0.6961,11
2026-03-25T11:22:00,0.6962,0.6963,0.6962,0.6963,6
2026-03-25T11:23:00,0.6963,0.6964,0.6963,0.6964,9
2026-03-25T11:25:00,0.6965,0.6965,0.6965,0.6965,4
2026-03-25T11:26:00,0.6965,0.6965,0.6965,0.6965,1
2026-03-25T11:27:00,0.6961,0.6961,0.6961,0.6961,3
2026-03-25T11:29:00,0.6962,0.6962,0.6962,0.6962,5
2026-03-25T11:30:00,0.6963,0.6963,0.6963,0.6963,4
2026-03-25T11:31:00,0.6964,0.6964,0.6964,0.6964,2
2026-03-25T11:32:00,0.6964,0.6964,0.6964,0.6964,1
2026-03-25T11:33:00,0.6963,0.6963,0.6963,0.6963,8
2026-03-25T11:35:00,0.6961,0.6961,0.6961,0.6961,1
2026-03-25T11:38:00,0.6962,0.6962,0.6962,0.6962,5
2026-03-25T11:43:00,0.6962,0.6962,0.6962,0.6962,2
2026-03-25T11:46:00,0.6962,0.6962,0.6962,0.6962,4
2026-03-25T11:47:00,0.6962,0.6962,0.6951,0.6951,157
2026-03-25T11:48:00,0.6953,0.6956,0.6952,0.6952,17
2026-03-25T11:49:00,0.6954,0.6956,0.6954,0.6956,2
2026-03-25T11:50:00,0.6958,0.6959,0.6954,0.6954,30
2026-03-25T11:51:00,0.6957,0.6957,0.6956,0.6956,23
2026-03-25T11:52:00,0.6956,0.6957,0.6956,0.6957,4
2026-03-25T11:53:00,0.6957,0.6957,0.6957,0.6957,2
2026-03-25T11:55:00,0.6958,0.6958,0.6958,0.6958,1
2026-03-25T11:56:00,0.6958,0.6958,0.6958,0.6958,16
2026-03-25T11:57:00,0.6957,0.6957,0.6957,0.6957,13
2026-03-25T11:58:00,0.6957,0.6957,0.6957,0.6957,4
2026-03-25T11:59:00,0.6957,0.6959,0.6957,0.6959,4
2026-03-25T12:00:00,0.6959,0.6962,0.6959,0.696,13
2026-03-25T12:01:00,0.6961,0.6961,0.6961,0.6961,1
2026-03-25T12:02:00,0.6961,0.6962,0.6961,0.6962,2
2026-03-25T12:03:00,0.696,0.696,0.696,0.696,6
2026-03-25T12:05:00,0.6958,0.6958,0.6957,0.6958,8
2026-03-25T12:06:00,0.6959,0.6961,0.6959,0.6961,10
2026-03-25T12:07:00,0.6961,0.6962,0.6961,0.6962,7
2026-03-25T12:08:00,0.6963,0.6963,0.6963,0.6963,2
2026-03-25T12:09:00,0.6963,0.6964,0.6963,0.6964,2
2026-03-25T12:10:00,0.6963,0.6964,0.6963,0.6964,8
2026-03-25T12:11:00,0.6964,0.6965,0.6964,0.6965,6
2026-03-25T12:12:00,0.6965,0.6965,0.6963,0.6963,9
2026-03-25T12:13:00,0.6963,0.6963,0.6961,0.6961,75
2026-03-25T12:15:00,0.6961,0.6961,0.6959,0.6959,23
2026-03-25T12:16:00,0.6958,0.6958,0.6953,0.6953,39
2026-03-25T12:17:00,0.6954,0.6954,0.6949,0.695,40
2026-03-25T12:18:00,0.6952,0.6952,0.6951,0.6951,14
2026-03-25T12:19:00,0.6952,0.6953,0.6951,0.6951,7
2026-03-25T12:20:00,0.695,0.6951,0.6949,0.6951,20
2026-03-25T12:21:00,0.6951,0.6953,0.6951,0.6952,4
2026-03-25T12:22:00,0.6952,0.6952,0.695,0.695,4
2026-03-25T12:23:00,0.6949,0.6949,0.6944,0.6949,102
2026-03-25T12:24:00,0.6948,0.6949,0.6947,0.6949,20
2026-03-25T12:25:00,0.6949,0.695,0.6949,0.695,18
2026-03-25T12:26:00,0.6948,0.6948,0.6947,0.6947,3
2026-03-25T12:27:00,0.6947,0.6949,0.6947,0.6949,10
2026-03-25T12:28:00,0.6948,0.6949,0.6948,0.6948,3
2026-03-25T12:29:00,0.6947,0.6947,0.6947,0.6947,2
2026-03-25T12:30:00,0.6947,0.6947,0.6945,0.6945,15
2026-03-25T12:31:00,0.6945,0.6945,0.6944,0.6944,5
2026-03-25T12:32:00,0.6944,0.6945,0.6943,0.6945,25
2026-03-25T12:33:00,0.6943,0.6946,0.6943,0.6945,6
2026-03-25T12:34:00,0.6947,0.6947,0.6947,0.6947,4
2026-03-25T12:35:00,0.6949,0.695,0.6949,0.695,3
2026-03-25T12:36:00,0.6949,0.6951,0.6949,0.6951,8
2026-03-25T12:37:00,0.6951,0.6952,0.695,0.6952,10
2026-03-25T12:38:00,0.6953,0.6953,0.6953,0.6953,4
2026-03-25T12:39:00,0.6951,0.6952,0.6951,0.6952,6
2026-03-25T12:40:00,0.6951,0.6951,0.6951,0.6951,8
2026-03-25T12:41:00,0.6949,0.6949,0.6948,0.6948,2
2026-03-25T12:43:00,0.695,0.695,0.695,0.695,2
2026-03-25T12:45:00,0.6946,0.6946,0.6946,0.6946,1
2026-03-25T12:46:00,0.6947,0.6947,0.6947,0.6947,5
2026-03-25T12:47:00,0.6946,0.6946,0.6946,0.6946,1
2026-03-25T12:48:00,0.6947,0.6947,0.6947,0.6947,2
2026-03-25T12:49:00,0.6947,0.6947,0.6945,0.6945,9
2026-03-25T12:50:00,0.6946,0.6946,0.6946,0.6946,3
2026-03-25T12:51:00,0.6947,0.6947,0.6947,0.6947,10
2026-03-25T12:52:00,0.6948,0.6948,0.6948,0.6948,2
2026-03-25T12:53:00,0.6949,0.6949,0.6949,0.6949,10
2026-03-25T12:54:00,0.6951,0.6953,0.6951,0.6953,5
2026-03-25T12:55:00,0.6953,0.6956,0.6953,0.6955,19
2026-03-25T12:56:00,0.6956,0.6956,0.6953,0.6953,7
2026-03-25T12:57:00,0.6954,0.6954,0.6953,0.6953,7
2026-03-25T12:58:00,0.6952,0.6953,0.6952,0.6953,5
2026-03-25T12:59:00,0.6952,0.6953,0.6952,0.6953,5
2026-03-25T13:00:00,0.6953,0.6955,0.695,0.6955,60
2026-03-25T13:01:00,0.6955,0.6955,0.6955,0.6955,5
2026-03-25T13:02:00,0.6955,0.6958,0.6955,0.6956,10
2026-03-25T13:03:00,0.6957,0.6959,0.6957,0.6959,7
2026-03-25T13:04:00,0.6959,0.6959,0.6959,0.6959,3
2026-03-25T13:05:00,0.6958,0.696,0.6958,0.696,13
2026-03-25T13:06:00,0.6959,0.6961,0.6959,0.6961,2
2026-03-25T13:07:00,0.6958,0.6958,0.6957,0.6957,4
2026-03-25T13:08:00,0.6957,0.6957,0.6957,0.6957,10
2026-03-25T13:09:00,0.6955,0.6955,0.6955,0.6955,13
2026-03-25T13:10:00,0.6955,0.6955,0.6955,0.6955,6
2026-03-25T13:11:00,0.6957,0.6957,0.6956,0.6956,8
2026-03-25T13:12:00,0.6954,0.6954,0.6954,0.6954,1
2026-03-25T13:14:00,0.6953,0.6955,0.6952,0.6955,8
2026-03-25T13:15:00,0.6955,0.6955,0.6955,0.6955,3
2026-03-25T13:17:00,0.6955,0.6955,0.6955,0.6955,3
2026-03-25T13:18:00,0.6957,0.6958,0.6957,0.6958,8
2026-03-25T13:19:00,0.6959,0.6959,0.6959,0.6959,7
2026-03-25T13:20:00,0.6959,0.6959,0.6959,0.6959,1
2026-03-25T13:21:00,0.6957,0.6957,0.6957,0.6957,2
2026-03-25T13:22:00,0.6955,0.6955,0.6953,0.6954,7
2026-03-25T13:23:00,0.6954,0.6954,0.6954,0.6954,1
2026-03-25T13:24:00,0.6956,0.6956,0.6956,0.6956,3
2026-03-25T13:25:00,0.6956,0.6956,0.6953,0.6953,3
2026-03-25T13:26:00,0.6954,0.6954,0.6954,0.6954,4
2026-03-25T13:27:00,0.6952,0.6953,0.6952,0.6953,4
2026-03-25T13:29:00,0.6953,0.6954,0.6953,0.6954,3
2026-03-25T13:30:00,0.6956,0.6959,0.6955,0.6957,41
2026-03-25T13:31:00,0.6955,0.6955,0.6955,0.6955,1
2026-03-25T13:32:00,0.6955,0.6958,0.6955,0.6958,5
2026-03-25T13:33:00,0.6956,0.6956,0.6954,0.6954,9
2026-03-25T13:34:00,0.6952,0.6953,0.6952,0.6953,6
2026-03-25T13:35:00,0.6954,0.6954,0.6954,0.6954,1
2026-03-25T13:36:00,0.6952,0.6955,0.6952,0.6955,10
2026-03-25T13:37:00,0.6956,0.6956,0.6955,0.6955,7
2026-03-25T13:39:00,0.6954,0.6954,0.6954,0.6954,8
2026-03-25T13:40:00,0.6951,0.6954,0.6951,0.6954,7
2026-03-25T13:41:00,0.6953,0.6953,0.6953,0.6953,2
2026-03-25T13:42:00,0.6954,0.6954,0.6954,0.6954,4
2026-03-25T13:43:00,0.6953,0.6954,0.6953,0.6953,15
2026-03-25T13:44:00,0.6952,0.6952,0.6952,0.6952,1
2026-03-25T13:46:00,0.695,0.695,0.6949,0.695,12
2026-03-25T13:47:00,0.6948,0.6948,0.6948,0.6948,4
2026-03-25T13:48:00,0.6948,0.6948,0.6946,0.6946,18
2026-03-25T13:49:00,0.6946,0.6946,0.6944,0.6944,19
2026-03-25T13:50:00,0.6943,0.6943,0.6941,0.6942,24
2026-03-25T13:51:00,0.6942,0.6943,0.6942,0.6943,2
2026-03-25T13:52:00,0.6942,0.6943,0.6942,0.6943,5
2026-03-25T13:53:00,0.6945,0.6946,0.6942,0.6942,12
2026-03-25T13:54:00,0.6942,0.6942,0.6941,0.6942,25
2026-03-25T13:55:00,0.6942,0.6942,0.6942,0.6942,1
2026-03-25T13:56:00,0.6942,0.6942,0.6942,0.6942,5
2026-03-25T13:57:00,0.6942,0.6944,0.6942,0.6944,10
2026-03-25T13:58:00,0.6944,0.6944,0.6944,0.6944,2
2026-03-25T13:59:00,0.6942,0.6942,0.6939,0.6939,63
2026-03-25T14:00:00,0.694,0.694,0.6936,0.6936,21
2026-03-25T14:01:00,0.6939,0.6942,0.6939,0.6941,14
2026-03-25T14:02:00,0.6941,0.6943,0.6941,0.6943,8
2026-03-25T14:03:00,0.6941,0.6941,0.6941,0.6941,3
2026-03-25T14:04:00,0.694,0.6941,0.694,0.6941,7
2026-03-25T14:05:00,0.6941,0.6941,0.694,0.6941,18
2026-03-25T14:06:00,0.6944,0.6947,0.6944,0.6945,17
2026-03-25T14:07:00,0.6945,0.6946,0.6943,0.6944,50
2026-03-25T14:08:00,0.6945,0.6947,0.6945,0.6947,6
2026-03-25T14:09:00,0.6946,0.6948,0.6946,0.6948,10
2026-03-25T14:10:00,0.6948,0.6948,0.6948,0.6948,2
2026-03-25T14:11:00,0.6947,0.6948,0.6945,0.6948,92
2026-03-25T14:12:00,0.6948,0.6949,0.6948,0.6949,10
2026-03-25T14:13:00,0.6949,0.6949,0.6949,0.6949,1
2026-03-25T14:14:00,0.6949,0.695,0.6949,0.695,5
2026-03-25T14:15:00,0.695,0.695,0.695,0.695,2
2026-03-25T14:16:00,0.695,0.6953,0.695,0.6953,12
2026-03-25T14:17:00,0.6953,0.6953,0.6953,0.6953,4
2026-03-25T14:18:00,0.6954,0.6955,0.6954,0.6954,21
2026-03-25T14:19:00,0.6954,0.6955,0.6954,0.6954,7
2026-03-25T14:20:00,0.6953,0.6954,0.6952,0.6954,21
2026-03-25T14:21:00,0.6954,0.6954,0.6954,0.6954,1
2026-03-25T14:22:00,0.6955,0.6955,0.6955,0.6955,6
2026-03-25T14:23:00,0.6954,0.6954,0.6948,0.6949,32
2026-03-25T14:24:00,0.6947,0.6947,0.6944,0.6944,8
2026-03-25T14:25:00,0.6946,0.6955,0.6946,0.6953,204
2026-03-25T14:26:00,0.6953,0.6954,0.6953,0.6954,4
2026-03-25T14:27:00,0.6953,0.6957,0.6953,0.6957,20
2026-03-25T14:28:00,0.6955,0.6955,0.6955,0.6955,1
2026-03-25T14:30:00,0.6957,0.6957,0.6957,0.6957,1
2026-03-25T14:32:00,0.6957,0.6958,0.6957,0.6958,2
2026-03-25T14:33:00,0.6956,0.6957,0.6956,0.6957,2
2026-03-25T14:34:00,0.6957,0.6957,0.6957,0.6957,5
2026-03-25T14:35:00,0.6958,0.6959,0.6954,0.6955,13
2026-03-25T14:36:00,0.6953,0.6953,0.6953,0.6953,1
2026-03-25T14:37:00,0.6953,0.6954,0.6953,0.6954,5
2026-03-25T14:38:00,0.6956,0.6956,0.6956,0.6956,10
2026-03-25T14:39:00,0.6954,0.6954,0.6954,0.6954,2
2026-03-25T14:40:00,0.6954,0.6955,0.6954,0.6955,3
2026-03-25T14:42:00,0.6956,0.6956,0.6956,0.6956,1
2026-03-25T14:43:00,0.6956,0.6956,0.6955,0.6955,7
2026-03-25T14:44:00,0.6956,0.6956,0.6956,0.6956,1
2026-03-25T14:45:00,0.6956,0.6957,0.6956,0.6957,2
2026-03-25T14:47:00,0.6957,0.6957,0.6957,0.6957,2
2026-03-25T14:48:00,0.6957,0.6957,0.6957,0.6957,18
2026-03-25T14:49:00,0.6958,0.6959,0.6958,0.6958,4
2026-03-25T14:50:00,0.6959,0.696,0.6959,0.696,9
2026-03-25T14:51:00,0.696,0.696,0.696,0.696,3
2026-03-25T14:52:00,0.696,0.696,0.696,0.696,1
2026-03-25T14:53:00,0.696,0.696,0.696,0.696,2
2026-03-25T14:54:00,0.6959,0.6959,0.6959,0.6959,2
2026-03-25T14:57:00,0.6959,0.696,0.6959,0.696,9
2026-03-25T14:58:00,0.6959,0.696,0.6959,0.696,8
2026-03-25T14:59:00,0.6957,0.6957,0.6957,0.6957,5
2026-03-25T15:00:00,0.6959,0.6961,0.6958,0.6961,75
2026-03-25T15:01:00,0.6961,0.6961,0.696,0.696,9
2026-03-25T15:02:00,0.6961,0.6961,0.6958,0.6958,28
2026-03-25T15:03:00,0.6959,0.6963,0.6959,0.6963,19
2026-03-25T15:04:00,0.6962,0.6963,0.6962,0.6962,8
2026-03-25T15:05:00,0.6962,0.6962,0.696,0.696,4
2026-03-25T15:06:00,0.6962,0.6962,0.6961,0.6961,3
2026-03-25T15:08:00,0.6958,0.6958,0.6957,0.6957,4
2026-03-25T15:09:00,0.6956,0.6956,0.6953,0.6953,14
2026-03-25T15:10:00,0.6954,0.6954,0.6954,0.6954,2
2026-03-25T15:11:00,0.6955,0.6955,0.6955,0.6955,4
2026-03-25T15:12:00,0.6953,0.6953,0.6951,0.6953,14
2026-03-25T15:13:00,0.6953,0.6953,0.6953,0.6953,2
2026-03-25T15:14:00,0.6951,0.6951,0.6951,0.6951,11
2026-03-25T15:15:00,0.695,0.6951,0.695,0.6951,4
2026-03-25T15:16:00,0.6951,0.6951,0.6942,0.6942,56
2026-03-25T15:17:00,0.6942,0.6942,0.6939,0.6939,27
2026-03-25T15:18:00,0.694,0.6944,0.694,0.6944,6
2026-03-25T15:19:00,0.6944,0.6944,0.6943,0.6943,6
2026-03-25T15:20:00,0.6946,0.6948,0.6945,0.6947,13
2026-03-25T15:21:00,0.6948,0.6948,0.6948,0.6948,1
2026-03-25T15:22:00,0.6951,0.6951,0.695,0.695,5
2026-03-25T15:23:00,0.6951,0.6951,0.695,0.695,2
2026-03-25T15:24:00,0.6953,0.6953,0.6949,0.6949,11
2026-03-25T15:25:00,0.6951,0.6951,0.6951,0.6951,8
2026-03-25T15:26:00,0.6949,0.695,0.6949,0.695,3
2026-03-25T15:28:00,0.695,0.695,0.6949,0.6949,7
2026-03-25T15:29:00,0.6952,0.6953,0.6952,0.6953,7
2026-03-25T15:30:00,0.6954,0.6954,0.6953,0.6953,10
2026-03-25T15:31:00,0.6954,0.6956,0.6954,0.6956,15
2026-03-25T15:33:00,0.6956,0.6956,0.6956,0.6956,1
2026-03-25T15:34:00,0.6957,0.6958,0.6956,0.6956,6
2026-03-25T15:35:00,0.6955,0.6955,0.6954,0.6954,5
2026-03-25T15:36:00,0.6953,0.6953,0.6953,0.6953,5
2026-03-25T15:37:00,0.6952,0.6952,0.6952,0.6952,3
2026-03-25T15:38:00,0.695,0.695,0.6948,0.6948,8
2026-03-25T15:39:00,0.6948,0.6949,0.6948,0.6948,15
2026-03-25T15:40:00,0.6949,0.6949,0.6949,0.6949,1
2026-03-25T15:41:00,0.6948,0.6948,0.6946,0.6946,3
2026-03-25T15:42:00,0.6947,0.6947,0.6946,0.6947,5
2026-03-25T15:43:00,0.6945,0.6946,0.6945,0.6946,6
2026-03-25T15:44:00,0.6946,0.6947,0.6946,0.6947,3
2026-03-25T15:45:00,0.6949,0.6949,0.6949,0.6949,1
2026-03-25T15:46:00,0.6948,0.6949,0.6948,0.6949,7
2026-03-25T15:48:00,0.6949,0.6949,0.6949,0.6949,4
2026-03-25T15:49:00,0.6949,0.6949,0.6948,0.6948,7
2026-03-25T15:50:00,0.6951,0.6951,0.695,0.695,7
2026-03-25T15:51:00,0.695,0.695,0.695,0.695,10
2026-03-25T15:52:00,0.695,0.695,0.6948,0.6948,6
2026-03-25T15:53:00,0.6949,0.6949,0.6949,0.6949,1
2026-03-25T15:54:00,0.6949,0.6949,0.6949,0.6949,4
2026-03-25T15:55:00,0.6952,0.6952,0.6951,0.6952,6
2026-03-25T15:56:00,0.6952,0.6952,0.6952,0.6952,1
2026-03-25T15:57:00,0.6953,0.6953,0.6952,0.6952,5
2026-03-25T16:00:00,0.6953,0.6954,0.6953,0.6954,12
2026-03-25T16:01:00,0.6954,0.6954,0.6952,0.6953,38
2026-03-25T16:02:00,0.6953,0.6955,0.6953,0.6954,15
2026-03-25T16:03:00,0.6952,0.6952,0.6952,0.6952,5
2026-03-25T16:04:00,0.6951,0.6952,0.6951,0.6952,2
2026-03-25T16:05:00,0.6948,0.6948,0.6947,0.6947,10
2026-03-25T16:06:00,0.695,0.695,0.695,0.695,1
2026-03-25T16:07:00,0.6951,0.6951,0.6949,0.6949,2
2026-03-25T16:08:00,0.6948,0.6948,0.6948,0.6948,1
2026-03-25T16:10:00,0.6946,0.6946,0.6946,0.6946,4
2026-03-25T16:11:00,0.6946,0.6948,0.6946,0.6948,8
2026-03-25T16:12:00,0.6949,0.6949,0.6949,0.6949,1
2026-03-25T16:13:00,0.6949,0.6949,0.6948,0.6948,2
2026-03-25T16:18:00,0.6946,0.6946,0.6946,0.6946,2
2026-03-25T16:20:00,0.6948,0.6948,0.6948,0.6948,3
2026-03-25T16:23:00,0.6948,0.6948,0.6948,0.6948,1
2026-03-25T16:24:00,0.695,0.6956,0.695,0.6955,73
2026-03-25T16:25:00,0.6954,0.6958,0.6952,0.6958,28
2026-03-25T16:26:00,0.6956,0.6956,0.6954,0.6955,14
2026-03-25T16:27:00,0.6954,0.6954,0.6954,0.6954,2
2026-03-25T16:28:00,0.6953,0.6955,0.6953,0.6955,15
2026-03-25T16:29:00,0.6954,0.6955,0.6954,0.6955,4
2026-03-25T16:30:00,0.6956,0.6956,0.6956,0.6956,4
2026-03-25T16:31:00,0.6957,0.6957,0.6956,0.6957,6
2026-03-25T16:32:00,0.6957,0.6957,0.6957,0.6957,1
2026-03-25T16:33:00,0.6957,0.6957,0.6957,0.6957,2
2026-03-25T16:34:00,0.6956,0.6956,0.6956,0.6956,2
2026-03-25T16:37:00,0.6956,0.6956,0.6956,0.6956,4
2026-03-25T16:38:00,0.6955,0.6955,0.6954,0.6954,49
2026-03-25T16:39:00,0.6955,0.6955,0.6954,0.6954,8
2026-03-25T16:40:00,0.6955,0.6956,0.6955,0.6955,8
2026-03-25T16:42:00,0.6955,0.6955,0.6955,0.6955,1
2026-03-25T16:43:00,0.6957,0.6957,0.6957,0.6957,37
2026-03-25T16:44:00,0.6957,0.6957,0.6957,0.6957,1
2026-03-25T16:49:00,0.6954,0.6954,0.6954,0.6954,1
2026-03-25T16:50:00,0.6954,0.6954,0.6954,0.6954,4
2026-03-25T16:51:00,0.6954,0.6956,0.6954,0.6955,30
2026-03-25T16:52:00,0.6955,0.6955,0.6955,0.6955,8
2026-03-25T16:54:00,0.6955,0.6955,0.6955,0.6955,3
2026-03-25T16:55:00,0.6956,0.6956,0.6956,0.6956,1
2026-03-25T16:56:00,0.6955,0.6955,0.6955,0.6955,6
2026-03-25T16:57:00,0.6953,0.6953,0.6953,0.6953,4
2026-03-25T16:58:00,0.6952,0.6952,0.6952,0.6952,1
2026-03-25T17:00:00,0.6952,0.6952,0.6952,0.6952,1
2026-03-25T17:01:00,0.6953,0.6953,0.6953,0.6953,1
2026-03-25T17:02:00,0.6953,0.6953,0.6949,0.6953,63
2026-03-25T17:03:00,0.6952,0.6952,0.6952,0.6952,1
2026-03-25T17:04:00,0.695,0.695,0.695,0.695,4
2026-03-25T17:05:00,0.695,0.695,0.695,0.695,8
2026-03-25T17:06:00,0.6951,0.6951,0.6951,0.6951,1
2026-03-25T17:08:00,0.695,0.695,0.695,0.695,4
2026-03-25T17:14:00,0.6953,0.6953,0.6953,0.6953,2
2026-03-25T17:16:00,0.6952,0.6952,0.6952,0.6952,2
2026-03-25T17:17:00,0.6952,0.6952,0.6952,0.6952,5
2026-03-25T17:18:00,0.6951,0.6951,0.6951,0.6951,1
2026-03-25T17:19:00,0.6951,0.6954,0.6951,0.6954,19
2026-03-25T17:21:00,0.6954,0.6956,0.6954,0.6956,8
2026-03-25T17:22:00,0.6956,0.6957,0.6955,0.6955,14
2026-03-25T17:24:00,0.6954,0.6955,0.6954,0.6955,6
2026-03-25T17:26:00,0.6956,0.6957,0.6956,0.6957,3
2026-03-25T17:28:00,0.6957,0.6957,0.6957,0.6957,1
2026-03-25T17:30:00,0.6957,0.6957,0.6957,0.6957,6
2026-03-25T17:32:00,0.6956,0.6957,0.6956,0.6957,4
2026-03-25T17:34:00,0.696,0.696,0.696,0.696,1
2026-03-25T17:35:00,0.6961,0.6961,0.696,0.696,3
2026-03-25T17:36:00,0.6962,0.6962,0.696,0.696,8
2026-03-25T17:37:00,0.696,0.696,0.696,0.696,1
2026-03-25T17:38:00,0.696,0.696,0.6959,0.6959,6
2026-03-25T17:40:00,0.6959,0.6959,0.6959,0.6959,1
2026-03-25T17:41:00,0.6959,0.6959,0.6959,0.6959,4
2026-03-25T17:42:00,0.6959,0.6959,0.6959,0.6959,1
2026-03-25T17:43:00,0.6962,0.6964,0.6962,0.6963,25
2026-03-25T17:44:00,0.6961,0.6961,0.6961,0.6961,5
2026-03-25T17:45:00,0.6961,0.6961,0.6961,0.6961,2
2026-03-25T17:46:00,0.696,0.696,0.6959,0.6959,4
2026-03-25T17:49:00,0.696,0.696,0.6959,0.6959,2
2026-03-25T17:52:00,0.6959,0.696,0.6957,0.6958,35
2026-03-25T17:53:00,0.6956,0.6957,0.6955,0.6957,36
2026-03-25T17:54:00,0.6957,0.6958,0.6956,0.6956,15
2026-03-25T17:55:00,0.6954,0.6955,0.6954,0.6955,8
2026-03-25T17:56:00,0.6955,0.6955,0.6955,0.6955,3
2026-03-25T17:57:00,0.6956,0.6956,0.6956,0.6956,6
2026-03-25T17:58:00,0.6956,0.6959,0.6955,0.6956,26
2026-03-25T17:59:00,0.6955,0.6955,0.6953,0.6953,14
2026-03-25T18:00:00,0.6954,0.6954,0.6954,0.6954,23
2026-03-25T18:01:00,0.6955,0.6955,0.6955,0.6955,1
2026-03-25T18:02:00,0.6954,0.6954,0.6954,0.6954,1
2026-03-25T18:03:00,0.6953,0.6953,0.6952,0.6952,9
2026-03-25T18:05:00,0.6955,0.6955,0.6955,0.6955,4
2026-03-25T18:07:00,0.6957,0.6957,0.6957,0.6957,4
2026-03-25T18:09:00,0.6955,0.6955,0.6955,0.6955,1
2026-03-25T18:10:00,0.6954,0.6955,0.6954,0.6955,5
2026-03-25T18:14:00,0.6954,0.6954,0.6954,0.6954,1
2026-03-25T18:16:00,0.6956,0.6956,0.6955,0.6955,3
2026-03-25T18:17:00,0.6956,0.6957,0.6956,0.6957,9
2026-03-25T18:18:00,0.6955,0.6955,0.6955,0.6955,22
2026-03-25T18:19:00,0.6955,0.6955,0.6955,0.6955,1
2026-03-25T18:21:00,0.6957,0.6957,0.6957,0.6957,4
2026-03-25T18:22:00,0.6957,0.6957,0.6957,0.6957,8
2026-03-25T18:30:00,0.6955,0.6955,0.6955,0.6955,4
2026-03-25T18:32:00,0.6955,0.6955,0.6955,0.6955,4
2026-03-25T18:38:00,0.695,0.695,0.695,0.695,4
2026-03-25T18:39:00,0.6951,0.6951,0.6949,0.6949,4
2026-03-25T18:40:00,0.695,0.695,0.695,0.695,5
2026-03-25T18:43:00,0.6947,0.6947,0.6946,0.6946,3
2026-03-25T18:44:00,0.6948,0.6948,0.6948,0.6948,2
2026-03-25T18:45:00,0.6947,0.6948,0.6947,0.6947,3
2026-03-25T18:48:00,0.6948,0.6948,0.6947,0.6948,4
2026-03-25T18:51:00,0.6947,0.6947,0.6947,0.6947,2
2026-03-25T18:53:00,0.6948,0.6948,0.6947,0.6947,2
2026-03-25T18:54:00,0.6947,0.6947,0.6947,0.6947,1
2026-03-25T18:55:00,0.6946,0.6946,0.6939,0.6939,184
2026-03-25T18:56:00,0.6939,0.6941,0.6939,0.6941,19
2026-03-25T18:57:00,0.6942,0.6943,0.6942,0.6942,13
2026-03-25T18:58:00,0.6943,0.6943,0.6943,0.6943,4
2026-03-25T18:59:00,0.6943,0.6944,0.6943,0.6943,23
2026-03-25T19:00:00,0.6943,0.6943,0.6942,0.6942,10
2026-03-25T19:01:00,0.6942,0.6942,0.694,0.694,4
2026-03-25T19:02:00,0.6942,0.6942,0.6942,0.6942,4
2026-03-25T19:03:00,0.694,0.694,0.6939,0.694,4
2026-03-25T19:04:00,0.6939,0.6942,0.6939,0.6942,10
2026-03-25T19:05:00,0.6942,0.6942,0.6942,0.6942,4
2026-03-25T19:06:00,0.6942,0.6942,0.6942,0.6942,4
2026-03-25T19:08:00,0.6942,0.6942,0.6941,0.6942,3
2026-03-25T19:12:00,0.6939,0.6939,0.6939,0.6939,6
2026-03-25T19:14:00,0.6939,0.6939,0.6939,0.6939,2
2026-03-25T19:15:00,0.694,0.694,0.694,0.694,2
2026-03-25T19:16:00,0.6943,0.6943,0.6941,0.6941,3
2026-03-25T19:17:00,0.6941,0.6941,0.6941,0.6941,1
2026-03-25T19:18:00,0.6941,0.6941,0.6941,0.6941,3
2026-03-25T19:20:00,0.6944,0.6944,0.6944,0.6944,4
2026-03-25T19:21:00,0.6943,0.6943,0.6943,0.6943,4
2026-03-25T19:22:00,0.6942,0.6942,0.6942,0.6942,1
2026-03-25T19:26:00,0.694,0.694,0.694,0.694,1
2026-03-25T19:27:00,0.694,0.694,0.694,0.694,3
2026-03-25T19:28:00,0.6942,0.6942,0.6942,0.6942,1
2026-03-25T19:31:00,0.694,0.694,0.694,0.694,25
2026-03-25T19:32:00,0.6939,0.6939,0.6939,0.6939,3
2026-03-25T19:33:00,0.6938,0.6938,0.6938,0.6938,1
2026-03-25T19:34:00,0.6939,0.6939,0.6938,0.6938,5
2026-03-25T19:35:00,0.6939,0.6939,0.6939,0.6939,1
2026-03-25T19:36:00,0.6938,0.6938,0.6938,0.6938,1
2026-03-25T19:37:00,0.6939,0.6939,0.6939,0.6939,1
2026-03-25T19:38:00,0.6939,0.6939,0.6939,0.6939,1
2026-03-25T19:40:00,0.6939,0.6939,0.6939,0.6939,9
2026-03-25T19:43:00,0.6941,0.6941,0.694,0.694,5
2026-03-25T19:44:00,0.694,0.694,0.694,0.694,4
2026-03-25T19:46:00,0.6939,0.6939,0.6939,0.6939,7
2026-03-25T19:48:00,0.6939,0.6939,0.6939,0.6939,5
2026-03-25T19:49:00,0.6939,0.6939,0.6939,0.6939,3
2026-03-25T19:51:00,0.6939,0.694,0.6939,0.694,2
2026-03-25T19:53:00,0.694,0.694,0.6939,0.6939,6
2026-03-25T19:55:00,0.694,0.694,0.694,0.694,1
2026-03-25T19:56:00,0.6939,0.6939,0.6939,0.6939,6
2026-03-25T19:57:00,0.694,0.694,0.694,0.694,4
2026-03-25T19:58:00,0.6941,0.6941,0.6941,0.6941,1
2026-03-25T19:59:00,0.6941,0.6941,0.6941,0.6941,3
2026-03-25T20:00:00,0.6941,0.6941,0.694,0.6941,5
2026-03-25T20:03:00,0.694,0.694,0.694,0.694,1
2026-03-25T20:05:00,0.6941,0.6941,0.6941,0.6941,1
2026-03-25T20:07:00,0.6941,0.6941,0.6941,0.6941,5
2026-03-25T20:08:00,0.6941,0.6941,0.6941,0.6941,1
2026-03-25T20:12:00,0.6941,0.6941,0.6941,0.6941,1
2026-03-25T20:13:00,0.6941,0.6941,0.6941,0.6941,3
2026-03-25T20:18:00,0.6941,0.6941,0.694,0.694,2
2026-03-25T20:19:00,0.694,0.694,0.694,0.694,3
2026-03-25T20:20:00,0.6939,0.694,0.6939,0.694,6
2026-03-25T20:24:00,0.694,0.694,0.694,0.694,6
2026-03-25T20:26:00,0.694,0.694,0.6939,0.6939,7
2026-03-25T20:27:00,0.6939,0.6939,0.6939,0.6939,5
2026-03-25T20:28:00,0.6939,0.6939,0.6939,0.6939,10
2026-03-25T20:30:00,0.6938,0.6938,0.6937,0.6937,20
2026-03-25T20:31:00,0.6938,0.6938,0.6938,0.6938,1
2026-03-25T20:32:00,0.6939,0.6939,0.6939,0.6939,6
2026-03-25T20:34:00,0.6938,0.6938,0.6938,0.6938,2
2026-03-25T20:37:00,0.6938,0.6938,0.6938,0.6938,1
2026-03-25T20:38:00,0.6938,0.6939,0.6938,0.6939,16
2026-03-25T20:39:00,0.6938,0.6939,0.6938,0.6938,50
2026-03-25T20:40:00,0.6938,0.6938,0.6938,0.6938,1
2026-03-25T20:41:00,0.6937,0.6938,0.6937,0.6938,5
2026-03-25T20:43:00,0.6939,0.6939,0.6939,0.6939,1
2026-03-25T20:44:00,0.6939,0.6939,0.6938,0.6938,6
2026-03-25T20:45:00,0.6939,0.6939,0.6939,0.6939,12
2026-03-25T20:48:00,0.6939,0.6939,0.6939,0.6939,1
2026-03-25T20:49:00,0.6939,0.6939,0.6939,0.6939,10
2026-03-25T20:51:00,0.6939,0.6939,0.6939,0.6939,7
2026-03-25T20:52:00,0.6939,0.6939,0.6939,0.6939,4
2026-03-25T20:53:00,0.6939,0.6939,0.6939,0.6939,2
2026-03-25T20:54:00,0.6938,0.6938,0.6938,0.6938,8
2026-03-25T20:56:00,0.6939,0.6939,0.6939,0.6939,18
2026-03-25T20:58:00,0.6939,0.6939,0.6939,0.6939,2
2026-03-25T20:59:00,0.694,0.694,0.694,0.694,1
2026-03-25T22:00:00,0.6942,0.6942,0.6938,0.6938,13
2026-03-25T22:01:00,0.6937,0.6937,0.6937,0.6937,1
2026-03-25T22:02:00,0.6937,0.6937,0.6936,0.6937,14
2026-03-25T22:03:00,0.6937,0.6937,0.6937,0.6937,12
2026-03-25T22:04:00,0.6938,0.6938,0.6938,0.6938,3
2026-03-25T22:05:00,0.6937,0.6937,0.6937,0.6937,5
2026-03-25T22:06:00,0.6937,0.6937,0.6935,0.6935,29
2026-03-25T22:07:00,0.6935,0.6935,0.6934,0.6934,9
2026-03-25T22:08:00,0.6934,0.6934,0.6934,0.6934,20
2026-03-25T22:09:00,0.6934,0.6934,0.6934,0.6934,6
2026-03-25T22:10:00,0.6934,0.6934,0.6934,0.6934,6
2026-03-25T22:12:00,0.6934,0.6934,0.6932,0.6932,63
2026-03-25T22:13:00,0.6933,0.6933,0.6933,0.6933,11
2026-03-25T22:14:00,0.6934,0.6934,0.6934,0.6934,26
2026-03-25T22:15:00,0.6934,0.6935,0.6934,0.6935,23
2026-03-25T22:16:00,0.6936,0.6937,0.6936,0.6937,29
2026-03-25T22:17:00,0.6937,0.6938,0.6937,0.6937,13
2026-03-25T22:18:00,0.6937,0.6937,0.6937,0.6937,10
2026-03-25T22:19:00,0.6938,0.6938,0.6938,0.6938,4
2026-03-25T22:22:00,0.6937,0.6937,0.6937,0.6937,1
2026-03-25T22:24:00,0.6938,0.6938,0.6937,0.6937,14
2026-03-25T22:25:00,0.6938,0.6938,0.6938,0.6938,1
2026-03-25T22:26:00,0.6938,0.6938,0.6938,0.6938,5
2026-03-25T22:27:00,0.6937,0.6937,0.6937,0.6937,1
2026-03-25T22:29:00,0.6939,0.6939,0.6939,0.6939,2
2026-03-25T22:31:00,0.6941,0.6942,0.6941,0.6942,23
2026-03-25T22:32:00,0.6942,0.6942,0.6942,0.6942,2
2026-03-25T22:33:00,0.6942,0.6942,0.6942,0.6942,2
2026-03-25T22:34:00,0.6942,0.6942,0.6941,0.6941,3
2026-03-25T22:35:00,0.6941,0.6941,0.6941,0.6941,1
2026-03-25T22:37:00,0.6941,0.6941,0.6941,0.6941,3
2026-03-25T22:38:00,0.6941,0.6941,0.6941,0.6941,1
2026-03-25T22:39:00,0.6941,0.6941,0.6941,0.6941,1
2026-03-25T22:40:00,0.6939,0.6939,0.6939,0.6939,1
2026-03-25T22:41:00,0.6939,0.6939,0.6939,0.6939,1
2026-03-25T22:43:00,0.6941,0.6941,0.6941,0.6941,9
2026-03-25T22:44:00,0.6942,0.6943,0.6942,0.6943,59
2026-03-25T22:45:00,0.6944,0.6944,0.6944,0.6944,5
2026-03-25T22:47:00,0.6944,0.6944,0.6943,0.6943,12
2026-03-25T22:50:00,0.6943,0.6943,0.6943,0.6943,15
2026-03-25T22:51:00,0.6942,0.6942,0.6942,0.6942,2
2026-03-25T22:53:00,0.6941,0.6942,0.6941,0.6942,2
2026-03-25T22:54:00,0.6942,0.6942,0.6942,0.6942,5
2026-03-25T22:58:00,0.6941,0.6941,0.6941,0.6941,5
2026-03-25T22:59:00,0.6939,0.6939,0.6939,0.6939,1
2026-03-25T23:00:00,0.6939,0.6939,0.6939,0.6939,20
2026-03-25T23:01:00,0.6938,0.6938,0.6937,0.6938,5
2026-03-25T23:02:00,0.6937,0.6937,0.6937,0.6937,1
2026-03-25T23:03:00,0.6939,0.6939,0.6939,0.6939,3
2026-03-25T23:04:00,0.6937,0.6937,0.6936,0.6936,16
2026-03-25T23:05:00,0.6935,0.6935,0.6935,0.6935,2
2026-03-25T23:07:00,0.6936,0.6936,0.6936,0.6936,1
2026-03-25T23:08:00,0.6937,0.6937,0.6937,0.6937,1
2026-03-25T23:10:00,0.6934,0.6934,0.6934,0.6934,1
2026-03-25T23:11:00,0.6935,0.6935,0.6935,0.6935,1
2026-03-25T23:12:00,0.6935,0.6935,0.6935,0.6935,4
2026-03-25T23:13:00,0.6935,0.6935,0.6935,0.6935,8
2026-03-25T23:16:00,0.6935,0.6935,0.6935,0.6935,10
2026-03-25T23:18:00,0.6934,0.6934,0.6934,0.6934,4
2026-03-25T23:20:00,0.6935,0.6935,0.6935,0.6935,4
2026-03-25T23:22:00,0.6935,0.6936,0.6935,0.6936,21
2026-03-25T23:23:00,0.6935,0.6935,0.6935,0.6935,1
2026-03-25T23:24:00,0.6934,0.6934,0.6934,0.6934,1
2026-03-25T23:26:00,0.6934,0.6934,0.6934,0.6934,8
2026-03-25T23:28:00,0.6934,0.6934,0.6934,0.6934,2
2026-03-25T23:29:00,0.6936,0.6936,0.6935,0.6935,26
2026-03-25T23:32:00,0.6935,0.6935,0.6935,0.6935,11
2026-03-25T23:33:00,0.6936,0.6936,0.6936,0.6936,1
2026-03-25T23:34:00,0.6935,0.6935,0.6935,0.6935,1
2026-03-25T23:37:00,0.6936,0.6936,0.6936,0.6936,25
2026-03-25T23:40:00,0.6934,0.6934,0.6934,0.6934,1
2026-03-25T23:42:00,0.6934,0.6934,0.6934,0.6934,6
2026-03-25T23:43:00,0.6934,0.6934,0.6934,0.6934,7
2026-03-25T23:45:00,0.6933,0.6934,0.6933,0.6934,7
2026-03-25T23:46:00,0.6932,0.6932,0.6931,0.6932,95
2026-03-25T23:48:00,0.6934,0.6934,0.6934,0.6934,13
2026-03-25T23:50:00,0.6932,0.6932,0.6932,0.6932,10
2026-03-25T23:52:00,0.6932,0.6933,0.6932,0.6933,4
2026-03-25T23:53:00,0.6934,0.6934,0.6934,0.6934,6
2026-03-25T23:55:00,0.6934,0.6934,0.6933,0.6933,4
2026-03-25T23:56:00,0.6936,0.6936,0.6934,0.6934,4
2026-03-25T23:57:00,0.6935,0.6936,0.6935,0.6935,5
2026-03-25T23:58:00,0.6935,0.6935,0.6935,0.6935,14
2026-03-25T23:59:00,0.6935,0.6935,0.6935,0.6935,1
2026-03-26T00:00:00,0.6936,0.6937,0.6936,0.6937,8
2026-03-26T00:01:00,0.6936,0.6936,0.6936,0.6936,1
2026-03-26T00:02:00,0.6935,0.6935,0.6934,0.6934,2
2026-03-26T00:03:00,0.6936,0.6936,0.6936,0.6936,1
2026-03-26T00:04:00,0.6934,0.6934,0.6933,0.6933,4
2026-03-26T00:05:00,0.6933,0.6936,0.6933,0.6936,7
2026-03-26T00:08:00,0.6937,0.6937,0.6937,0.6937,5
2026-03-26T00:09:00,0.6937,0.6937,0.6937,0.6937,2
2026-03-26T00:10:00,0.6936,0.6936,0.6935,0.6935,4
2026-03-26T00:11:00,0.6935,0.6935,0.6935,0.6935,12
2026-03-26T00:12:00,0.6934,0.6934,0.6934,0.6934,7
2026-03-26T00:13:00,0.6934,0.6935,0.6934,0.6935,6
2026-03-26T00:14:00,0.6934,0.6935,0.6934,0.6935,3
2026-03-26T00:15:00,0.6936,0.6936,0.6936,0.6936,2
2026-03-26T00:18:00,0.6938,0.6938,0.6938,0.6938,1
2026-03-26T00:19:00,0.6938,0.6938,0.6938,0.6938,1
2026-03-26T00:20:00,0.6938,0.6939,0.6937,0.6937,11
2026-03-26T00:24:00,0.6941,0.6941,0.694,0.694,12
2026-03-26T00:25:00,0.6939,0.694,0.6938,0.6938,9
2026-03-26T00:27:00,0.6936,0.6936,0.6936,0.6936,3
2026-03-26T00:28:00,0.6935,0.6935,0.6935,0.6935,1
2026-03-26T00:29:00,0.6935,0.6935,0.6935,0.6935,3
2026-03-26T00:30:00,0.6934,0.6934,0.6934,0.6934,1
2026-03-26T00:32:00,0.6934,0.6934,0.6934,0.6934,1
2026-03-26T00:34:00,0.6935,0.6935,0.6935,0.6935,1
2026-03-26T00:36:00,0.6934,0.6935,0.6934,0.6935,10
2026-03-26T00:37:00,0.6934,0.6935,0.6934,0.6935,6
2026-03-26T00:38:00,0.6936,0.6936,0.6936,0.6936,1
2026-03-26T00:39:00,0.6935,0.6935,0.6935,0.6935,5
2026-03-26T00:40:00,0.6934,0.6934,0.6934,0.6934,6
2026-03-26T00:41:00,0.6935,0.6935,0.6935,0.6935,1
2026-03-26T00:42:00,0.6933,0.6933,0.6932,0.6932,11
2026-03-26T00:43:00,0.6931,0.6931,0.6931,0.6931,21
2026-03-26T00:44:00,0.6931,0.6931,0.6931,0.6931,12
2026-03-26T00:45:00,0.693,0.6931,0.6929,0.6931,46
2026-03-26T00:50:00,0.6931,0.6931,0.6931,0.6931,5
2026-03-26T00:51:00,0.693,0.693,0.693,0.693,1
2026-03-26T00:52:00,0.6929,0.6929,0.6929,0.6929,1
2026-03-26T00:53:00,0.693,0.693,0.693,0.693,1
2026-03-26T00:54:00,0.6931,0.6931,0.6931,0.6931,76
2026-03-26T00:55:00,0.693,0.693,0.6929,0.6929,18
2026-03-26T00:56:00,0.693,0.693,0.693,0.693,3
2026-03-26T00:57:00,0.693,0.693,0.693,0.693,4
2026-03-26T00:58:00,0.6931,0.6931,0.693,0.693,6
2026-03-26T01:00:00,0.6933,0.6934,0.6933,0.6934,22
2026-03-26T01:01:00,0.6933,0.6934,0.6932,0.6934,21
2026-03-26T01:02:00,0.6936,0.6936,0.6935,0.6935,4
2026-03-26T01:03:00,0.6934,0.6934,0.6934,0.6934,3
2026-03-26T01:04:00,0.6933,0.6933,0.6933,0.6933,1
2026-03-26T01:06:00,0.6932,0.6934,0.6932,0.6932,3
2026-03-26T01:07:00,0.6932,0.6932,0.6931,0.6931,13
2026-03-26T01:09:00,0.6932,0.6933,0.6932,0.6933,2
2026-03-26T01:11:00,0.693,0.6932,0.693,0.6932,2
2026-03-26T01:12:00,0.693,0.6932,0.693,0.6932,4
2026-03-26T01:13:00,0.6933,0.6934,0.6933,0.6934,3
2026-03-26T01:15:00,0.6931,0.6931,0.6931,0.6931,1
2026-03-26T01:17:00,0.6931,0.6931,0.6931,0.6931,1
2026-03-26T01:18:00,0.6932,0.6932,0.6932,0.6932,2
2026-03-26T01:19:00,0.693,0.693,0.693,0.693,4
2026-03-26T01:20:00,0.6931,0.6931,0.6931,0.6931,1
2026-03-26T01:21:00,0.6934,0.6934,0.6934,0.6934,2
2026-03-26T01:25:00,0.6931,0.6931,0.6931,0.6931,29
2026-03-26T01:26:00,0.6931,0.6932,0.6931,0.6932,2
2026-03-26T01:27:00,0.6932,0.6932,0.6932,0.6932,2
2026-03-26T01:29:00,0.6934,0.6934,0.6934,0.6934,1
2026-03-26T01:30:00,0.6934,0.6936,0.6934,0.6936,5
2026-03-26T01:31:00,0.6936,0.6936,0.6936,0.6936,1
2026-03-26T01:32:00,0.6936,0.6936,0.6936,0.6936,2
2026-03-26T01:33:00,0.6935,0.6935,0.6935,0.6935,2
2026-03-26T01:34:00,0.6934,0.6934,0.6934,0.6934,6
2026-03-26T01:37:00,0.6934,0.6934,0.6934,0.6934,1
2026-03-26T01:38:00,0.6935,0.6935,0.6935,0.6935,5
2026-03-26T01:39:00,0.6934,0.6934,0.6934,0.6934,2
2026-03-26T01:40:00,0.6934,0.6934,0.6934,0.6934,5
2026-03-26T01:41:00,0.6937,0.6937,0.6937,0.6937,1
2026-03-26T01:43:00,0.6935,0.6935,0.6935,0.6935,8
2026-03-26T01:44:00,0.6935,0.6935,0.6935,0.6935,2
2026-03-26T01:45:00,0.6934,0.6934,0.6934,0.6934,2
2026-03-26T01:46:00,0.6934,0.6934,0.6934,0.6934,1
2026-03-26T01:50:00,0.6932,0.6932,0.6932,0.6932,1
2026-03-26T01:51:00,0.6933,0.6933,0.6933,0.6933,6
2026-03-26T01:52:00,0.6933,0.6933,0.6933,0.6933,1
2026-03-26T01:53:00,0.6934,0.6934,0.6934,0.6934,1
2026-03-26T01:56:00,0.6934,0.6934,0.6934,0.6934,5
2026-03-26T01:59:00,0.6935,0.6936,0.6935,0.6936,2
2026-03-26T02:00:00,0.6935,0.6935,0.6935,0.6935,1
2026-03-26T02:01:00,0.6935,0.6935,0.6935,0.6935,5
2026-03-26T02:04:00,0.6935,0.6935,0.6935,0.6935,5
2026-03-26T02:05:00,0.6936,0.6936,0.6936,0.6936,2
2026-03-26T02:08:00,0.6934,0.6934,0.6934,0.6934,1
2026-03-26T02:12:00,0.6934,0.6934,0.6934,0.6934,4
2026-03-26T02:16:00,0.6933,0.6933,0.6933,0.6933,2
2026-03-26T02:17:00,0.6934,0.6934,0.6934,0.6934,1
2026-03-26T02:19:00,0.6935,0.6935,0.6935,0.6935,1
2026-03-26T02:21:00,0.6937,0.6937,0.6937,0.6937,16
2026-03-26T02:22:00,0.6936,0.6936,0.6936,0.6936,1
2026-03-26T02:24:00,0.6934,0.6934,0.6933,0.6933,3
2026-03-26T02:26:00,0.6934,0.6934,0.6934,0.6934,1
2026-03-26T02:28:00,0.6934,0.6934,0.6934,0.6934,3
2026-03-26T02:30:00,0.6935,0.6935,0.6935,0.6935,1
2026-03-26T02:32:00,0.6933,0.6933,0.6933,0.6933,1
2026-03-26T02:33:00,0.6932,0.6932,0.6932,0.6932,16
2026-03-26T02:34:00,0.693,0.693,0.6929,0.6929,20
2026-03-26T02:35:00,0.6929,0.6929,0.6927,0.6927,18
2026-03-26T02:36:00,0.6927,0.6927,0.6927,0.6927,3
2026-03-26T02:37:00,0.6927,0.6927,0.6925,0.6926,16
2026-03-26T02:38:00,0.6926,0.6928,0.6926,0.6927,18
2026-03-26T02:39:00,0.6927,0.6927,0.6927,0.6927,1
2026-03-26T02:40:00,0.6924,0.6927,0.6924,0.6927,38
2026-03-26T02:41:00,0.6927,0.6928,0.6927,0.6928,8
2026-03-26T02:42:00,0.6928,0.693,0.6928,0.693,5
2026-03-26T02:43:00,0.6929,0.6929,0.6929,0.6929,12
2026-03-26T02:44:00,0.6928,0.6929,0.6927,0.6929,6
2026-03-26T02:46:00,0.693,0.693,0.693,0.693,1
2026-03-26T02:48:00,0.693,0.693,0.693,0.693,4
2026-03-26T02:49:00,0.693,0.693,0.693,0.693,6
2026-03-26T02:51:00,0.6931,0.6931,0.6931,0.6931,1
2026-03-26T02:57:00,0.6929,0.6929,0.6929,0.6929,11
2026-03-26T02:59:00,0.6928,0.6928,0.6928,0.6928,2
2026-03-26T03:00:00,0.6929,0.6929,0.6929,0.6929,8
2026-03-26T03:01:00,0.6929,0.6931,0.6929,0.6931,3
2026-03-26T03:02:00,0.6931,0.6931,0.6931,0.6931,4
2026-03-26T03:04:00,0.693,0.693,0.693,0.693,1
2026-03-26T03:05:00,0.693,0.6931,0.693,0.6931,5
2026-03-26T03:08:00,0.693,0.693,0.693,0.693,2
2026-03-26T03:10:00,0.6929,0.693,0.6929,0.693,3
2026-03-26T03:11:00,0.693,0.6931,0.693,0.6931,3
2026-03-26T03:12:00,0.6931,0.6931,0.6931,0.6931,2
2026-03-26T03:13:00,0.6933,0.6934,0.6933,0.6934,6
2026-03-26T03:14:00,0.6934,0.6936,0.6933,0.6936,11
2026-03-26T03:15:00,0.6935,0.6935,0.6935,0.6935,4
2026-03-26T03:16:00,0.6934,0.6934,0.6934,0.6934,2
2026-03-26T03:17:00,0.6934,0.6934,0.6933,0.6933,11
2026-03-26T03:18:00,0.6934,0.6934,0.6934,0.6934,3
2026-03-26T03:19:00,0.6935,0.6935,0.6935,0.6935,2
2026-03-26T03:20:00,0.6935,0.6935,0.6935,0.6935,2
2026-03-26T03:21:00,0.6936,0.6937,0.6936,0.6937,11
2026-03-26T03:22:00,0.6937,0.6937,0.6936,0.6936,8
2026-03-26T03:23:00,0.6936,0.6936,0.6936,0.6936,4
2026-03-26T03:24:00,0.6937,0.6937,0.6937,0.6937,4
2026-03-26T03:25:00,0.6938,0.6939,0.6938,0.6939,9
2026-03-26T03:26:00,0.6939,0.6939,0.6939,0.6939,2
2026-03-26T03:28:00,0.6939,0.694,0.6939,0.694,4
2026-03-26T03:29:00,0.6939,0.6939,0.6939,0.6939,2
2026-03-26T03:30:00,0.6939,0.694,0.6939,0.694,10
2026-03-26T03:31:00,0.6941,0.6941,0.6941,0.6941,4
2026-03-26T03:32:00,0.6941,0.6941,0.6941,0.6941,1
2026-03-26T03:34:00,0.6943,0.6944,0.6943,0.6944,18
2026-03-26T03:35:00,0.6942,0.6942,0.6942,0.6942,3
2026-03-26T03:36:00,0.6942,0.6942,0.6942,0.6942,8
2026-03-26T03:37:00,0.6942,0.6942,0.6942,0.6942,1
2026-03-26T03:39:00,0.6943,0.6943,0.6943,0.6943,5
2026-03-26T03:40:00,0.6944,0.6945,0.6944,0.6945,10
2026-03-26T03:41:00,0.6944,0.6944,0.6943,0.6943,5
2026-03-26T03:42:00,0.6943,0.6943,0.6943,0.6943,2
2026-03-26T03:43:00,0.6943,0.6943,0.6943,0.6943,1
2026-03-26T03:46:00,0.6943,0.6943,0.6942,0.6942,7
2026-03-26T03:48:00,0.6942,0.6942,0.6942,0.6942,2
2026-03-26T03:50:00,0.6941,0.6941,0.6941,0.6941,5
2026-03-26T03:52:00,0.6941,0.6941,0.6941,0.6941,2
2026-03-26T03:54:00,0.6941,0.6941,0.6941,0.6941,2
2026-03-26T03:55:00,0.6941,0.6941,0.6941,0.6941,2
2026-03-26T03:56:00,0.6941,0.6942,0.6941,0.6942,2
2026-03-26T03:57:00,0.6942,0.6942,0.6942,0.6942,4
2026-03-26T03:59:00,0.6942,0.6942,0.6942,0.6942,1
2026-03-26T04:02:00,0.6942,0.6942,0.6942,0.6942,1
2026-03-26T04:04:00,0.6941,0.6941,0.6941,0.6941,1
2026-03-26T04:05:00,0.6941,0.6941,0.6941,0.6941,1
2026-03-26T04:06:00,0.6942,0.6942,0.6942,0.6942,3
2026-03-26T04:07:00,0.6942,0.6942,0.6942,0.6942,1
2026-03-26T04:09:00,0.6942,0.6942,0.6942,0.6942,1
2026-03-26T04:10:00,0.6942,0.6942,0.6942,0.6942,4
2026-03-26T04:12:00,0.6942,0.6943,0.6942,0.6943,27
2026-03-26T04:13:00,0.6944,0.6944,0.6944,0.6944,3
2026-03-26T04:14:00,0.6945,0.6945,0.6945,0.6945,1
2026-03-26T04:16:00,0.6946,0.6947,0.6946,0.6946,20
2026-03-26T04:17:00,0.6946,0.6946,0.6946,0.6946,1
2026-03-26T04:19:00,0.6946,0.6947,0.6946,0.6946,31
2026-03-26T04:21:00,0.6947,0.6947,0.6946,0.6946,4
2026-03-26T04:23:00,0.6946,0.6946,0.6945,0.6945,9
2026-03-26T04:24:00,0.6945,0.6945,0.6945,0.6945,5
2026-03-26T04:25:00,0.6944,0.6944,0.6944,0.6944,5
2026-03-26T04:26:00,0.6943,0.6944,0.6943,0.6944,7
2026-03-26T04:27:00,0.6944,0.6944,0.6944,0.6944,2
2026-03-26T04:35:00,0.6944,0.6944,0.6943,0.6943,4
2026-03-26T04:38:00,0.6943,0.6943,0.6943,0.6943,1
2026-03-26T04:45:00,0.6943,0.6947,0.6943,0.6947,49
2026-03-26T04:46:00,0.6946,0.6946,0.6946,0.6946,20
2026-03-26T04:47:00,0.6947,0.6948,0.6946,0.6948,4
2026-03-26T04:48:00,0.6947,0.6947,0.6947,0.6947,2
2026-03-26T04:49:00,0.6948,0.6948,0.6948,0.6948,19
2026-03-26T04:50:00,0.6947,0.6947,0.6947,0.6947,11
2026-03-26T04:51:00,0.6948,0.6948,0.6948,0.6948,5
2026-03-26T04:52:00,0.6949,0.6949,0.6948,0.6948,23
2026-03-26T04:55:00,0.6947,0.6947,0.6947,0.6947,5
2026-03-26T04:56:00,0.6947,0.6947,0.6947,0.6947,1
2026-03-26T04:57:00,0.6946,0.6947,0.6946,0.6947,15
2026-03-26T04:58:00,0.6946,0.6946,0.6945,0.6946,12
2026-03-26T04:59:00,0.6946,0.6946,0.6946,0.6946,1
2026-03-26T05:00:00,0.6946,0.6946,0.6946,0.6946,5
2026-03-26T05:01:00,0.6946,0.6946,0.6946,0.6946,1
2026-03-26T05:02:00,0.6946,0.6946,0.6946,0.6946,1
2026-03-26T05:06:00,0.6946,0.6946,0.6946,0.6946,2
2026-03-26T05:09:00,0.6946,0.6946,0.6946,0.6946,4
2026-03-26T05:10:00,0.6945,0.6945,0.6945,0.6945,1
2026-03-26T05:12:00,0.6944,0.6944,0.6944,0.6944,5
2026-03-26T05:13:00,0.6944,0.6944,0.6943,0.6944,15
2026-03-26T05:14:00,0.6945,0.6946,0.6945,0.6946,2
2026-03-26T05:16:00,0.6946,0.6946,0.6946,0.6946,1
2026-03-26T05:17:00,0.6946,0.6946,0.6946,0.6946,2
2026-03-26T05:18:00,0.6945,0.6945,0.6945,0.6945,1
2026-03-26T05:21:00,0.6945,0.6945,0.6945,0.6945,4
2026-03-26T05:24:00,0.6943,0.6943,0.6943,0.6943,2
2026-03-26T05:25:00,0.6943,0.6943,0.6941,0.6942,26
2026-03-26T05:26:00,0.6942,0.6942,0.6941,0.6941,3
2026-03-26T05:27:00,0.694,0.694,0.694,0.694,5
2026-03-26T05:28:00,0.6941,0.6942,0.6941,0.6942,9
2026-03-26T05:29:00,0.6942,0.6943,0.6942,0.6942,12
2026-03-26T05:30:00,0.6942,0.6942,0.6942,0.6942,6
2026-03-26T05:34:00,0.6942,0.6942,0.6942,0.6942,2
2026-03-26T05:36:00,0.6943,0.6943,0.6943,0.6943,5
2026-03-26T05:37:00,0.6943,0.6943,0.6943,0.6943,3
2026-03-26T05:40:00,0.6943,0.6943,0.6943,0.6943,5
2026-03-26T05:41:00,0.6945,0.6948,0.6945,0.6947,11
2026-03-26T05:42:00,0.6948,0.6948,0.6948,0.6948,2
2026-03-26T05:43:00,0.6947,0.6947,0.6946,0.6946,5
2026-03-26T05:44:00,0.6945,0.6945,0.6945,0.6945,3
2026-03-26T05:45:00,0.6943,0.6943,0.6943,0.6943,5
2026-03-26T05:46:00,0.6943,0.6943,0.6942,0.6942,15
2026-03-26T05:47:00,0.6943,0.6943,0.6943,0.6943,5
2026-03-26T05:48:00,0.6943,0.6943,0.6943,0.6943,2
2026-03-26T05:51:00,0.6942,0.6942,0.6942,0.6942,1
2026-03-26T05:52:00,0.6941,0.6941,0.6941,0.6941,5
2026-03-26T05:54:00,0.6941,0.6941,0.6941,0.6941,1
2026-03-26T05:55:00,0.6941,0.6941,0.6941,0.6941,4
2026-03-26T05:56:00,0.6942,0.6942,0.6942,0.6942,11
2026-03-26T05:57:00,0.6941,0.6941,0.6941,0.6941,1
2026-03-26T05:59:00,0.694,0.694,0.6939,0.6939,4
2026-03-26T06:00:00,0.6939,0.6941,0.6939,0.6941,9
2026-03-26T06:02:00,0.6939,0.6939,0.6939,0.6939,3
2026-03-26T06:05:00,0.6941,0.6941,0.6939,0.6939,3
2026-03-26T06:06:00,0.6939,0.6939,0.6937,0.6937,4
2026-03-26T06:07:00,0.6939,0.6939,0.6939,0.6939,5
2026-03-26T06:08:00,0.6937,0.6937,0.6937,0.6937,1
2026-03-26T06:10:00,0.694,0.694,0.6939,0.694,4
2026-03-26T06:13:00,0.6936,0.6936,0.6935,0.6935,11
2026-03-26T06:14:00,0.6934,0.6935,0.6934,0.6935,3
2026-03-26T06:15:00,0.6935,0.6935,0.6935,0.6935,10
2026-03-26T06:16:00,0.6936,0.6936,0.6936,0.6936,1
2026-03-26T06:17:00,0.6938,0.6941,0.6938,0.6941,9
2026-03-26T06:19:00,0.6938,0.6938,0.6937,0.6938,7
2026-03-26T06:20:00,0.694,0.694,0.694,0.694,2
2026-03-26T06:21:00,0.6939,0.6939,0.6939,0.6939,4
2026-03-26T06:22:00,0.6939,0.6939,0.6939,0.6939,2
2026-03-26T06:23:00,0.6939,0.6939,0.6938,0.6939,8
2026-03-26T06:25:00,0.694,0.694,0.6939,0.6939,12
2026-03-26T06:26:00,0.6938,0.6938,0.6938,0.6938,8
2026-03-26T06:29:00,0.6942,0.6942,0.6942,0.6942,11
2026-03-26T06:31:00,0.6942,0.6942,0.6942,0.6942,3
2026-03-26T06:32:00,0.6943,0.6943,0.6943,0.6943,1
2026-03-26T06:33:00,0.6942,0.6942,0.6942,0.6942,3
2026-03-26T06:34:00,0.6942,0.6942,0.6942,0.6942,5
2026-03-26T06:35:00,0.6942,0.6943,0.6942,0.6943,7
2026-03-26T06:36:00,0.6942,0.6942,0.6941,0.6941,3
2026-03-26T06:37:00,0.6941,0.6941,0.6941,0.6941,6
2026-03-26T06:39:00,0.6941,0.6942,0.6941,0.6942,5
2026-03-26T06:40:00,0.6942,0.6942,0.6942,0.6942,2
2026-03-26T06:41:00,0.6941,0.6941,0.6939,0.6939,4
2026-03-26T06:42:00,0.6938,0.6938,0.6937,0.6937,7
2026-03-26T06:43:00,0.6937,0.6938,0.6937,0.6938,15
2026-03-26T06:45:00,0.6939,0.6939,0.6939,0.6939,4
2026-03-26T06:48:00,0.694,0.694,0.694,0.694,8
2026-03-26T06:49:00,0.694,0.694,0.694,0.694,1
2026-03-26T06:51:00,0.6942,0.6942,0.6942,0.6942,5
2026-03-26T06:53:00,0.6943,0.6943,0.6943,0.6943,3
2026-03-26T06:54:00,0.6943,0.6943,0.6943,0.6943,10
2026-03-26T06:55:00,0.6944,0.6946,0.6944,0.6946,2
2026-03-26T06:56:00,0.6945,0.6945,0.6945,0.6945,6
2026-03-26T06:57:00,0.6943,0.6943,0.6943,0.6943,10
2026-03-26T06:58:00,0.6943,0.6943,0.6943,0.6943,2
2026-03-26T07:01:00,0.6941,0.6941,0.694,0.694,17
2026-03-26T07:02:00,0.6941,0.6941,0.6941,0.6941,6
2026-03-26T07:03:00,0.6941,0.6943,0.6941,0.6943,8
2026-03-26T07:04:00,0.6939,0.6939,0.6939,0.6939,3
2026-03-26T07:06:00,0.6936,0.6936,0.6935,0.6935,5
2026-03-26T07:07:00,0.6936,0.6936,0.6936,0.6936,4
2026-03-26T07:08:00,0.6936,0.6936,0.6936,0.6936,4
2026-03-26T07:09:00,0.6937,0.6937,0.6936,0.6936,2
2026-03-26T07:10:00,0.6937,0.6937,0.6936,0.6936,15
2026-03-26T07:11:00,0.6936,0.6936,0.6936,0.6936,1
2026-03-26T07:12:00,0.6936,0.6937,0.6936,0.6937,2
2026-03-26T07:13:00,0.6936,0.6937,0.6936,0.6937,6
2026-03-26T07:17:00,0.6937,0.6937,0.6936,0.6936,3
2026-03-26T07:18:00,0.6936,0.6937,0.6936,0.6937,15
2026-03-26T07:20:00,0.6935,0.6935,0.6931,0.6934,113
2026-03-26T07:21:00,0.6935,0.6936,0.6935,0.6936,10
2026-03-26T07:22:00,0.6938,0.6938,0.6938,0.6938,4
2026-03-26T07:23:00,0.6941,0.6941,0.6941,0.6941,18
2026-03-26T07:27:00,0.6938,0.6938,0.6938,0.6938,6
2026-03-26T07:28:00,0.6939,0.6939,0.6939,0.6939,7
2026-03-26T07:29:00,0.6938,0.6938,0.6938,0.6938,1
2026-03-26T07:30:00,0.6938,0.6938,0.6938,0.6938,2
2026-03-26T07:32:00,0.6935,0.6935,0.6934,0.6934,22
2026-03-26T07:34:00,0.6933,0.6933,0.6933,0.6933,1
2026-03-26T07:35:00,0.6933,0.6933,0.6933,0.6933,2
2026-03-26T07:39:00,0.6936,0.6936,0.6936,0.6936,2
2026-03-26T07:40:00,0.6936,0.6936,0.6936,0.6936,1
2026-03-26T07:44:00,0.6932,0.6932,0.6932,0.6932,5
2026-03-26T07:45:00,0.6933,0.6933,0.6933,0.6933,2
2026-03-26T07:46:00,0.6934,0.6934,0.6934,0.6934,1
2026-03-26T07:47:00,0.6934,0.6934,0.6934,0.6934,2
2026-03-26T07:48:00,0.6933,0.6933,0.6933,0.6933,2
2026-03-26T07:49:00,0.6933,0.6933,0.6933,0.6933,1
2026-03-26T07:51:00,0.6932,0.6932,0.6932,0.6932,2
2026-03-26T07:52:00,0.6932,0.6932,0.6932,0.6932,1
2026-03-26T07:53:00,0.6934,0.6934,0.6934,0.6934,3
2026-03-26T07:54:00,0.6934,0.6935,0.6934,0.6935,2
2026-03-26T07:56:00,0.6935,0.6935,0.6935,0.6935,1
2026-03-26T07:58:00,0.6932,0.6932,0.6932,0.6932,4
2026-03-26T07:59:00,0.6932,0.6932,0.6931,0.6931,3
2026-03-26T08:00:00,0.6932,0.6933,0.6932,0.6932,6
2026-03-26T08:01:00,0.6931,0.6931,0.6931,0.6931,2
2026-03-26T08:02:00,0.693,0.693,0.6929,0.6929,16
2026-03-26T08:03:00,0.6929,0.693,0.6929,0.6929,7
2026-03-26T08:05:00,0.693,0.693,0.693,0.693,6
2026-03-26T08:06:00,0.6931,0.6932,0.693,0.693,27
2026-03-26T08:07:00,0.693,0.6931,0.693,0.6931,3
2026-03-26T08:08:00,0.6931,0.6931,0.6931,0.6931,1
2026-03-26T08:09:00,0.6932,0.6932,0.6932,0.6932,1
2026-03-26T08:12:00,0.6932,0.6932,0.6932,0.6932,6
2026-03-26T08:13:00,0.6931,0.6931,0.693,0.693,7
2026-03-26T08:14:00,0.6929,0.6929,0.6929,0.6929,1
2026-03-26T08:15:00,0.693,0.693,0.693,0.693,5
2026-03-26T08:17:00,0.6933,0.6933,0.6933,0.6933,4
2026-03-26T08:18:00,0.693,0.6931,0.693,0.6931,2
2026-03-26T08:19:00,0.693,0.693,0.693,0.693,1
2026-03-26T08:20:00,0.693,0.693,0.693,0.693,1
2026-03-26T08:21:00,0.6931,0.6931,0.6931,0.6931,2
2026-03-26T08:22:00,0.693,0.693,0.6929,0.6929,9
2026-03-26T08:23:00,0.6929,0.6929,0.6929,0.6929,6
2026-03-26T08:25:00,0.6928,0.6928,0.6927,0.6927,4
2026-03-26T08:26:00,0.6928,0.6929,0.6927,0.6927,19
2026-03-26T08:27:00,0.6927,0.6927,0.6926,0.6927,18
2026-03-26T08:28:00,0.6926,0.6926,0.6926,0.6926,4
2026-03-26T08:29:00,0.6926,0.6927,0.6926,0.6926,20
2026-03-26T08:30:00,0.6925,0.6925,0.6924,0.6925,56
2026-03-26T08:31:00,0.6925,0.6925,0.6925,0.6925,3
2026-03-26T08:32:00,0.6926,0.6926,0.6926,0.6926,2
2026-03-26T08:34:00,0.693,0.693,0.693,0.693,4
2026-03-26T08:35:00,0.693,0.693,0.693,0.693,8
2026-03-26T08:38:00,0.6928,0.6928,0.6928,0.6928,1
2026-03-26T08:39:00,0.6929,0.6929,0.6929,0.6929,1
2026-03-26T08:40:00,0.6929,0.6931,0.6929,0.6931,7
2026-03-26T08:41:00,0.6932,0.6932,0.6931,0.6931,2
2026-03-26T08:42:00,0.6932,0.6932,0.6932,0.6932,1
2026-03-26T08:43:00,0.6931,0.6931,0.693,0.693,8
2026-03-26T08:44:00,0.6929,0.6929,0.6929,0.6929,3
2026-03-26T08:45:00,0.6929,0.6929,0.6929,0.6929,2
2026-03-26T08:46:00,0.6931,0.6931,0.6931,0.6931,13
2026-03-26T08:47:00,0.6933,0.6933,0.6931,0.6931,3
2026-03-26T08:48:00,0.6931,0.6931,0.6931,0.6931,5
2026-03-26T08:49:00,0.6931,0.6932,0.6931,0.6932,2
2026-03-26T08:58:00,0.6935,0.6935,0.6935,0.6935,6
2026-03-26T08:59:00,0.6935,0.6935,0.6935,0.6935,2
2026-03-26T09:00:00,0.6934,0.6934,0.6934,0.6934,2
2026-03-26T09:01:00,0.6934,0.6934,0.6934,0.6934,2
2026-03-26T09:02:00,0.6935,0.6935,0.6935,0.6935,4
2026-03-26T09:03:00,0.6932,0.6932,0.6932,0.6932,1
2026-03-26T09:04:00,0.6935,0.6935,0.6935,0.6935,1
2026-03-26T09:07:00,0.6935,0.6935,0.6934,0.6934,14
2026-03-26T09:08:00,0.6934,0.6934,0.6932,0.6932,14
2026-03-26T09:12:00,0.6934,0.6934,0.6934,0.6934,5
2026-03-26T09:13:00,0.6934,0.6934,0.6932,0.6932,9
2026-03-26T09:15:00,0.6931,0.6931,0.6931,0.6931,6
2026-03-26T09:16:00,0.693,0.693,0.693,0.693,7
2026-03-26T09:18:00,0.6929,0.6929,0.6929,0.6929,2
2026-03-26T09:19:00,0.6929,0.693,0.6929,0.693,10
2026-03-26T09:20:00,0.6929,0.6929,0.6929,0.6929,12
2026-03-26T09:21:00,0.6929,0.693,0.6929,0.693,3
2026-03-26T09:24:00,0.6931,0.6932,0.6931,0.6932,3
2026-03-26T09:25:00,0.6932,0.6932,0.6932,0.6932,1
2026-03-26T09:26:00,0.6931,0.6931,0.6931,0.6931,1
2026-03-26T09:30:00,0.6928,0.6928,0.6928,0.6928,9
2026-03-26T09:31:00,0.6928,0.6928,0.6928,0.6928,2
2026-03-26T09:32:00,0.6928,0.6928,0.6926,0.6926,30
2026-03-26T09:33:00,0.6928,0.6928,0.6928,0.6928,1
2026-03-26T09:34:00,0.6928,0.6928,0.6928,0.6928,12
2026-03-26T09:35:00,0.6927,0.6927,0.6927,0.6927,1
2026-03-26T09:36:00,0.6927,0.6927,0.6927,0.6927,2
2026-03-26T09:37:00,0.6927,0.6927,0.6927,0.6927,8
2026-03-26T09:38:00,0.6927,0.6927,0.6924,0.6925,101
2026-03-26T09:39:00,0.6925,0.6926,0.6922,0.6926,152
2026-03-26T09:40:00,0.6927,0.6927,0.6925,0.6925,18
2026-03-26T09:41:00,0.6925,0.6925,0.6925,0.6925,5
2026-03-26T09:42:00,0.6926,0.6926,0.6926,0.6926,1
2026-03-26T09:43:00,0.6926,0.6926,0.6925,0.6925,7
2026-03-26T09:44:00,0.6925,0.6925,0.6924,0.6924,7
2026-03-26T09:45:00,0.6924,0.6924,0.6923,0.6923,11
2026-03-26T09:46:00,0.6923,0.6923,0.6923,0.6923,1
2026-03-26T09:47:00,0.6924,0.6925,0.6924,0.6924,51
2026-03-26T09:48:00,0.6923,0.6923,0.6923,0.6923,1
2026-03-26T09:49:00,0.6922,0.6922,0.6922,0.6922,4
2026-03-26T09:50:00,0.6923,0.6924,0.6923,0.6924,9
2026-03-26T09:51:00,0.6925,0.6925,0.6925,0.6925,1
2026-03-26T09:52:00,0.6926,0.6926,0.6925,0.6925,3
2026-03-26T09:54:00,0.6926,0.6926,0.6926,0.6926,1
2026-03-26T09:55:00,0.6928,0.6928,0.6927,0.6927,3
2026-03-26T09:56:00,0.6927,0.6927,0.6927,0.6927,3
2026-03-26T09:57:00,0.6928,0.6928,0.6928,0.6928,13
2026-03-26T09:58:00,0.6928,0.6928,0.6928,0.6928,3
2026-03-26T10:01:00,0.6928,0.6928,0.6928,0.6928,2
2026-03-26T10:03:00,0.6927,0.6927,0.6927,0.6927,5
2026-03-26T10:05:00,0.6932,0.6933,0.6932,0.6933,79
2026-03-26T10:06:00,0.6931,0.6931,0.6931,0.6931,5
2026-03-26T10:07:00,0.693,0.693,0.693,0.693,1
2026-03-26T10:08:00,0.693,0.693,0.693,0.693,5
2026-03-26T10:10:00,0.693,0.693,0.693,0.693,10
2026-03-26T10:11:00,0.693,0.693,0.693,0.693,5
2026-03-26T10:14:00,0.6931,0.6931,0.6931,0.6931,1
2026-03-26T10:15:00,0.6931,0.6932,0.6931,0.6932,28
2026-03-26T10:16:00,0.6933,0.6933,0.6931,0.6932,9
2026-03-26T10:17:00,0.693,0.693,0.693,0.693,1
2026-03-26T10:19:00,0.693,0.693,0.693,0.693,1
2026-03-26T10:20:00,0.6929,0.693,0.6929,0.693,3
2026-03-26T10:22:00,0.693,0.693,0.693,0.693,2
2026-03-26T10:23:00,0.6931,0.6931,0.6931,0.6931,2
2026-03-26T10:24:00,0.6931,0.6931,0.6931,0.6931,2
2026-03-26T10:27:00,0.693,0.693,0.693,0.693,4
2026-03-26T10:28:00,0.693,0.693,0.693,0.693,8
2026-03-26T10:29:00,0.693,0.693,0.693,0.693,1
2026-03-26T10:30:00,0.6929,0.6929,0.6929,0.6929,1
2026-03-26T10:31:00,0.6929,0.6929,0.6929,0.6929,1
2026-03-26T10:32:00,0.693,0.693,0.693,0.693,1
2026-03-26T10:33:00,0.693,0.693,0.693,0.693,1
2026-03-26T10:36:00,0.6931,0.6931,0.6931,0.6931,2
2026-03-26T10:37:00,0.6931,0.6931,0.6931,0.6931,1
2026-03-26T10:39:00,0.6928,0.6928,0.6926,0.6926,39
2026-03-26T10:40:00,0.6925,0.6929,0.6925,0.6928,22
2026-03-26T10:41:00,0.6929,0.6929,0.6929,0.6929,1
2026-03-26T10:43:00,0.6927,0.6927,0.6926,0.6926,2
2026-03-26T10:44:00,0.6926,0.6926,0.6926,0.6926,3
2026-03-26T10:46:00,0.6927,0.6927,0.6927,0.6927,1
2026-03-26T10:50:00,0.6926,0.6926,0.6926,0.6926,18
2026-03-26T10:52:00,0.6927,0.6928,0.6927,0.6928,8
2026-03-26T10:53:00,0.6928,0.6928,0.6928,0.6928,4
2026-03-26T10:54:00,0.6927,0.6927,0.6927,0.6927,3
2026-03-26T10:55:00,0.6927,0.6927,0.6926,0.6926,3
2026-03-26T10:56:00,0.6926,0.6926,0.6926,0.6926,1
2026-03-26T10:57:00,0.6926,0.6926,0.6926,0.6926,1
2026-03-26T10:59:00,0.6926,0.6926,0.6925,0.6925,6
2026-03-26T11:01:00,0.6926,0.6926,0.6926,0.6926,1
2026-03-26T11:06:00,0.6925,0.6925,0.6925,0.6925,1
2026-03-26T11:08:00,0.6925,0.6925,0.6925,0.6925,1
2026-03-26T11:09:00,0.6927,0.6927,0.6926,0.6926,2
2026-03-26T11:12:00,0.6925,0.6925,0.6925,0.6925,2
2026-03-26T11:14:00,0.6923,0.6923,0.6922,0.6922,3
2026-03-26T11:15:00,0.6923,0.6923,0.6923,0.6923,1
2026-03-26T11:16:00,0.6922,0.6922,0.6922,0.6922,2
2026-03-26T11:17:00,0.6923,0.6923,0.6923,0.6923,1
2026-03-26T11:18:00,0.6923,0.6923,0.6923,0.6923,1
2026-03-26T11:19:00,0.6924,0.6924,0.6922,0.6922,4
2026-03-26T11:20:00,0.6922,0.6922,0.692,0.692,11
2026-03-26T11:21:00,0.6921,0.6921,0.6921,0.6921,3
2026-03-26T11:22:00,0.6921,0.6921,0.692,0.692,15
2026-03-26T11:24:00,0.692,0.692,0.692,0.692,2
2026-03-26T11:25:00,0.692,0.692,0.6918,0.692,6
2026-03-26T11:26:00,0.6919,0.6919,0.6918,0.6918,14
2026-03-26T11:27:00,0.6918,0.6918,0.6918,0.6918,1
2026-03-26T11:28:00,0.6918,0.6919,0.6918,0.6919,6
2026-03-26T11:29:00,0.6917,0.6917,0.6917,0.6917,7
2026-03-26T11:30:00,0.6918,0.6919,0.6918,0.6918,10
2026-03-26T11:31:00,0.6918,0.6918,0.6917,0.6917,8
2026-03-26T11:33:00,0.6918,0.6918,0.6918,0.6918,1
2026-03-26T11:34:00,0.6916,0.6916,0.6916,0.6916,5
2026-03-26T11:35:00,0.6915,0.6916,0.6915,0.6916,15
2026-03-26T11:36:00,0.6915,0.6915,0.6915,0.6915,8
2026-03-26T11:37:00,0.6915,0.6915,0.6915,0.6915,2
2026-03-26T11:38:00,0.6914,0.6914,0.6913,0.6913,10
2026-03-26T11:39:00,0.6915,0.6915,0.6914,0.6915,16
2026-03-26T11:41:00,0.6915,0.6915,0.6913,0.6913,4
2026-03-26T11:42:00,0.6912,0.6912,0.6912,0.6912,12
2026-03-26T11:43:00,0.6911,0.6912,0.6911,0.6912,11
2026-03-26T11:44:00,0.6911,0.6911,0.6911,0.6911,7
2026-03-26T11:45:00,0.6912,0.6913,0.6912,0.6913,3
2026-03-26T11:46:00,0.6911,0.6911,0.691,0.691,18
2026-03-26T11:47:00,0.691,0.691,0.691,0.691,1
2026-03-26T11:48:00,0.691,0.691,0.691,0.691,2
2026-03-26T11:49:00,0.691,0.691,0.691,0.691,19
2026-03-26T11:50:00,0.691,0.691,0.6909,0.691,16
2026-03-26T11:51:00,0.691,0.691,0.691,0.691,1
2026-03-26T11:52:00,0.6909,0.6909,0.6906,0.6906,22
2026-03-26T11:53:00,0.6907,0.6907,0.6906,0.6906,4
2026-03-26T11:55:00,0.6907,0.6907,0.6906,0.6906,5
2026-03-26T11:57:00,0.6905,0.6905,0.6905,0.6905,4
2026-03-26T11:58:00,0.6904,0.6904,0.6901,0.6902,105
2026-03-26T11:59:00,0.6903,0.6903,0.6901,0.6902,17
2026-03-26T12:00:00,0.6902,0.6902,0.69,0.6901,17
2026-03-26T12:01:00,0.6902,0.6903,0.6901,0.6901,13
2026-03-26T12:02:00,0.6901,0.6902,0.6901,0.6902,5
2026-03-26T12:03:00,0.6901,0.6901,0.69,0.69,10
2026-03-26T12:04:00,0.6903,0.6904,0.6903,0.6904,3
2026-03-26T12:05:00,0.6904,0.6905,0.6903,0.6905,58
2026-03-26T12:06:00,0.6906,0.6908,0.6906,0.6908,27
2026-03-26T12:07:00,0.6908,0.691,0.6908,0.6909,24
2026-03-26T12:08:00,0.691,0.6911,0.691,0.691,23
2026-03-26T12:09:00,0.6909,0.691,0.6909,0.691,6
2026-03-26T12:10:00,0.6909,0.691,0.6909,0.691,40
2026-03-26T12:12:00,0.6912,0.6912,0.691,0.691,5
2026-03-26T12:13:00,0.691,0.691,0.691,0.691,10
2026-03-26T12:14:00,0.691,0.691,0.6909,0.6909,3
2026-03-26T12:15:00,0.6909,0.6909,0.6908,0.6908,10
2026-03-26T12:16:00,0.6908,0.6909,0.6908,0.6909,3
2026-03-26T12:17:00,0.6909,0.691,0.6909,0.691,11
2026-03-26T12:18:00,0.691,0.691,0.6908,0.6908,12
2026-03-26T12:19:00,0.6906,0.6906,0.6905,0.6906,8
2026-03-26T12:20:00,0.6905,0.6905,0.6904,0.6904,14
2026-03-26T12:21:00,0.6905,0.6906,0.6905,0.6905,14
2026-03-26T12:22:00,0.6905,0.6906,0.6905,0.6906,3
2026-03-26T12:24:00,0.6906,0.6906,0.6903,0.6903,16
2026-03-26T12:25:00,0.6905,0.6905,0.6905,0.6905,3
2026-03-26T12:26:00,0.6905,0.6905,0.6905,0.6905,2
2026-03-26T12:27:00,0.6905,0.6905,0.6905,0.6905,1
2026-03-26T12:28:00,0.6906,0.6906,0.6906,0.6906,1
2026-03-26T12:29:00,0.6906,0.6906,0.6906,0.6906,1
2026-03-26T12:30:00,0.6902,0.6902,0.6902,0.6902,2
2026-03-26T12:31:00,0.6902,0.6903,0.6902,0.6903,53
2026-03-26T12:32:00,0.6902,0.6902,0.6902,0.6902,8
2026-03-26T12:33:00,0.6901,0.6901,0.6899,0.6899,61
2026-03-26T12:34:00,0.69,0.69,0.6899,0.6899,3
2026-03-26T12:35:00,0.6899,0.6899,0.6897,0.6898,18
2026-03-26T12:36:00,0.6899,0.69,0.6899,0.69,5
2026-03-26T12:37:00,0.69,0.69,0.6899,0.6899,7
2026-03-26T12:38:00,0.6899,0.6899,0.6899,0.6899,7
2026-03-26T12:39:00,0.6899,0.6899,0.6899,0.6899,5
2026-03-26T12:40:00,0.6899,0.6899,0.6898,0.6898,14
2026-03-26T12:41:00,0.6898,0.6898,0.6895,0.6896,20
2026-03-26T12:42:00,0.6895,0.6896,0.6895,0.6895,26
2026-03-26T12:43:00,0.6897,0.6897,0.6895,0.6896,15
2026-03-26T12:44:00,0.6895,0.6895,0.6894,0.6894,18
2026-03-26T12:45:00,0.6895,0.6896,0.6895,0.6896,7
2026-03-26T12:46:00,0.6897,0.6898,0.6897,0.6898,4
2026-03-26T12:47:00,0.6897,0.6897,0.6896,0.6896,6
2026-03-26T12:48:00,0.6895,0.6895,0.6894,0.6894,7
2026-03-26T12:49:00,0.6895,0.6896,0.6895,0.6895,10
2026-03-26T12:51:00,0.6895,0.6897,0.6895,0.6897,6
2026-03-26T12:52:00,0.6896,0.6896,0.6896,0.6896,1
2026-03-26T12:53:00,0.6896,0.6896,0.6895,0.6895,2
2026-03-26T12:54:00,0.6895,0.6895,0.6895,0.6895,1
2026-03-26T12:55:00,0.6895,0.6895,0.6895,0.6895,4
2026-03-26T12:56:00,0.6895,0.6895,0.6895,0.6895,8
2026-03-26T12:57:00,0.6896,0.6896,0.6896,0.6896,1
2026-03-26T12:58:00,0.6897,0.6897,0.6897,0.6897,1
2026-03-26T12:59:00,0.6897,0.6897,0.6897,0.6897,1
2026-03-26T13:00:00,0.6897,0.6899,0.6897,0.6899,7
2026-03-26T13:01:00,0.6898,0.69,0.6898,0.69,16
2026-03-26T13:02:00,0.69,0.6901,0.69,0.6901,12
2026-03-26T13:03:00,0.69,0.6901,0.69,0.6901,5
2026-03-26T13:04:00,0.6902,0.6903,0.6902,0.6903,16
2026-03-26T13:05:00,0.6902,0.6902,0.6902,0.6902,1
2026-03-26T13:06:00,0.6902,0.6903,0.6902,0.6903,4
2026-03-26T13:07:00,0.6903,0.6904,0.6903,0.6904,7
2026-03-26T13:08:00,0.6904,0.6904,0.6904,0.6904,9
2026-03-26T13:09:00,0.6905,0.6906,0.6905,0.6905,12
2026-03-26T13:10:00,0.6904,0.6904,0.6904,0.6904,3
2026-03-26T13:11:00,0.6905,0.6905,0.6905,0.6905,1
2026-03-26T13:12:00,0.6905,0.6905,0.6905,0.6905,7
2026-03-26T13:13:00,0.6907,0.6909,0.6907,0.6909,8
2026-03-26T13:14:00,0.6909,0.6909,0.6909,0.6909,1
2026-03-26T13:15:00,0.6909,0.6909,0.6909,0.6909,3
2026-03-26T13:16:00,0.691,0.691,0.6909,0.6909,9
2026-03-26T13:17:00,0.6909,0.691,0.6908,0.691,8
2026-03-26T13:18:00,0.691,0.6911,0.691,0.6911,4
2026-03-26T13:19:00,0.6908,0.6909,0.6908,0.6908,8
2026-03-26T13:20:00,0.691,0.6911,0.691,0.6911,5
2026-03-26T13:21:00,0.6911,0.6912,0.6911,0.6912,10
2026-03-26T13:22:00,0.6912,0.6912,0.691,0.691,11
2026-03-26T13:23:00,0.6912,0.6912,0.6912,0.6912,4
2026-03-26T13:24:00,0.6911,0.6911,0.691,0.691,19
2026-03-26T13:25:00,0.6911,0.6911,0.6911,0.6911,17
2026-03-26T13:26:00,0.6911,0.6913,0.6911,0.6913,9
2026-03-26T13:27:00,0.6913,0.6913,0.6913,0.6913,3
2026-03-26T13:28:00,0.6913,0.6913,0.691,0.691,8
2026-03-26T13:29:00,0.691,0.691,0.691,0.691,1
2026-03-26T13:30:00,0.691,0.691,0.6908,0.6909,18
2026-03-26T13:31:00,0.6909,0.6911,0.6909,0.6909,24
2026-03-26T13:32:00,0.6909,0.6909,0.6907,0.6908,17
2026-03-26T13:33:00,0.6907,0.6908,0.6906,0.6907,15
2026-03-26T13:34:00,0.6909,0.691,0.6909,0.691,4
2026-03-26T13:35:00,0.6911,0.6911,0.6909,0.6909,45
2026-03-26T13:36:00,0.6909,0.6909,0.6908,0.6908,21
2026-03-26T13:37:00,0.691,0.6912,0.691,0.6912,22
2026-03-26T13:38:00,0.6912,0.6913,0.6911,0.6912,16
2026-03-26T13:39:00,0.6911,0.6911,0.6908,0.6908,5
2026-03-26T13:40:00,0.691,0.691,0.6908,0.6908,4
2026-03-26T13:41:00,0.6908,0.6908,0.6907,0.6908,4
2026-03-26T13:42:00,0.691,0.691,0.6909,0.691,13
2026-03-26T13:43:00,0.6911,0.6912,0.6911,0.6912,10
2026-03-26T13:44:00,0.6913,0.6917,0.6913,0.6917,27
2026-03-26T13:45:00,0.6918,0.692,0.6917,0.6917,42
2026-03-26T13:46:00,0.6917,0.6917,0.6916,0.6917,20
2026-03-26T13:47:00,0.6917,0.6921,0.6917,0.6921,6
2026-03-26T13:48:00,0.692,0.692,0.6918,0.6918,3
2026-03-26T13:49:00,0.6916,0.6916,0.6915,0.6916,8
2026-03-26T13:50:00,0.6915,0.6915,0.6914,0.6914,3
2026-03-26T13:51:00,0.6916,0.6917,0.6916,0.6916,8
2026-03-26T13:52:00,0.6916,0.6916,0.6915,0.6915,25
2026-03-26T13:53:00,0.6914,0.6917,0.6913,0.6917,10
2026-03-26T13:54:00,0.6917,0.6917,0.6915,0.6915,8
2026-03-26T13:55:00,0.6915,0.6915,0.6914,0.6914,9
2026-03-26T13:56:00,0.6913,0.6913,0.6911,0.6913,56
2026-03-26T13:57:00,0.6912,0.6912,0.6912,0.6912,4
2026-03-26T13:58:00,0.6909,0.691,0.6906,0.6906,23
2026-03-26T13:59:00,0.6906,0.6917,0.6905,0.6917,56
2026-03-26T14:00:00,0.6919,0.6919,0.6916,0.6916,8
2026-03-26T14:01:00,0.6915,0.6916,0.6914,0.6916,8
2026-03-26T14:02:00,0.6916,0.6916,0.6916,0.6916,4
2026-03-26T14:03:00,0.6914,0.6914,0.6914,0.6914,1
2026-03-26T14:04:00,0.6915,0.6915,0.6915,0.6915,1
2026-03-26T14:05:00,0.6913,0.6916,0.6912,0.6916,8
2026-03-26T14:06:00,0.6917,0.6917,0.6916,0.6916,4
2026-03-26T14:07:00,0.6919,0.6919,0.6919,0.6919,8
2026-03-26T14:08:00,0.6916,0.6916,0.6915,0.6915,35
2026-03-26T14:09:00,0.6915,0.6915,0.6915,0.6915,1
2026-03-26T14:10:00,0.6914,0.6915,0.6914,0.6915,6
2026-03-26T14:11:00,0.6914,0.6914,0.6911,0.6911,2
2026-03-26T14:12:00,0.6913,0.6914,0.6913,0.6913,6
2026-03-26T14:13:00,0.6913,0.6913,0.6912,0.6912,4
2026-03-26T14:14:00,0.6914,0.6914,0.6914,0.6914,3
2026-03-26T14:16:00,0.6919,0.6919,0.6918,0.6918,9
2026-03-26T14:17:00,0.6917,0.6918,0.6917,0.6918,16
2026-03-26T14:18:00,0.6919,0.6919,0.6919,0.6919,4
2026-03-26T14:19:00,0.6917,0.6917,0.6917,0.6917,3
2026-03-26T14:20:00,0.6915,0.6916,0.6915,0.6916,8
2026-03-26T14:21:00,0.6917,0.6917,0.6917,0.6917,1
2026-03-26T14:22:00,0.6919,0.6919,0.6919,0.6919,1
2026-03-26T14:24:00,0.6918,0.6918,0.6918,0.6918,1
2026-03-26T14:25:00,0.6917,0.6917,0.6917,0.6917,11
2026-03-26T14:26:00,0.6919,0.6919,0.6918,0.6918,2
2026-03-26T14:27:00,0.6919,0.6919,0.6918,0.6918,20
2026-03-26T14:28:00,0.6918,0.6918,0.6917,0.6917,7
2026-03-26T14:30:00,0.6919,0.6919,0.6919,0.6919,1
2026-03-26T14:31:00,0.6918,0.6918,0.6918,0.6918,1
2026-03-26T14:33:00,0.6919,0.6919,0.6918,0.6918,5
2026-03-26T14:34:00,0.6921,0.6922,0.6921,0.6921,10
2026-03-26T14:35:00,0.6918,0.6918,0.6918,0.6918,1
2026-03-26T14:36:00,0.6918,0.6918,0.6917,0.6918,26
2026-03-26T14:37:00,0.6917,0.6917,0.6916,0.6916,2
2026-03-26T14:38:00,0.6916,0.6916,0.6915,0.6915,2
2026-03-26T14:39:00,0.6915,0.6915,0.6915,0.6915,8
2026-03-26T14:40:00,0.6916,0.6919,0.6911,0.6913,133
2026-03-26T14:41:00,0.6914,0.6915,0.691,0.6913,39
2026-03-26T14:42:00,0.691,0.6913,0.6909,0.691,27
2026-03-26T14:43:00,0.691,0.691,0.6906,0.6906,31
2026-03-26T14:44:00,0.6906,0.6907,0.6904,0.6907,20
2026-03-26T14:45:00,0.6906,0.6907,0.6906,0.6907,7
2026-03-26T14:46:00,0.6907,0.6907,0.6906,0.6906,6
2026-03-26T14:47:00,0.6906,0.6909,0.6906,0.6907,16
2026-03-26T14:48:00,0.6907,0.691,0.6907,0.6907,45
2026-03-26T14:49:00,0.6905,0.6905,0.6905,0.6905,4
2026-03-26T14:50:00,0.6906,0.6908,0.6906,0.6908,16
2026-03-26T14:51:00,0.6909,0.6909,0.6908,0.6908,5
2026-03-26T14:52:00,0.6908,0.6908,0.6906,0.6906,7
2026-03-26T14:53:00,0.6906,0.6906,0.6903,0.6903,3
2026-03-26T14:54:00,0.6902,0.6903,0.6902,0.6902,10
2026-03-26T14:55:00,0.69,0.6903,0.6899,0.6903,64
2026-03-26T14:56:00,0.6904,0.6907,0.6904,0.6907,6
2026-03-26T14:57:00,0.6907,0.6907,0.6906,0.6906,3
2026-03-26T14:58:00,0.6906,0.6906,0.6906,0.6906,5
2026-03-26T14:59:00,0.6908,0.6908,0.6907,0.6907,3
2026-03-26T15:00:00,0.6909,0.691,0.6909,0.691,11
2026-03-26T15:01:00,0.691,0.691,0.691,0.691,4
2026-03-26T15:02:00,0.691,0.6911,0.691,0.691,5
2026-03-26T15:03:00,0.6911,0.6911,0.6911,0.6911,3
2026-03-26T15:04:00,0.691,0.691,0.6909,0.6909,5
2026-03-26T15:05:00,0.691,0.6913,0.691,0.6911,74
2026-03-26T15:06:00,0.691,0.6912,0.6909,0.6912,48
2026-03-26T15:07:00,0.6914,0.6915,0.6909,0.6909,10
2026-03-26T15:08:00,0.6909,0.6909,0.6909,0.6909,4
2026-03-26T15:10:00,0.6911,0.6911,0.6911,0.6911,2
2026-03-26T15:11:00,0.6912,0.6912,0.6912,0.6912,15
2026-03-26T15:12:00,0.6913,0.6913,0.6913,0.6913,15
2026-03-26T15:13:00,0.6912,0.6912,0.6912,0.6912,4
2026-03-26T15:15:00,0.691,0.691,0.691,0.691,1
2026-03-26T15:17:00,0.6906,0.6907,0.6905,0.6905,6
2026-03-26T15:18:00,0.6905,0.6905,0.6905,0.6905,2
2026-03-26T15:19:00,0.6907,0.6907,0.6906,0.6907,18
2026-03-26T15:20:00,0.6906,0.6906,0.6906,0.6906,1
2026-03-26T15:23:00,0.6907,0.6907,0.6906,0.6906,4
2026-03-26T15:25:00,0.6909,0.6909,0.6909,0.6909,1
2026-03-26T15:26:00,0.6908,0.6908,0.6907,0.6907,6
2026-03-26T15:27:00,0.6906,0.6906,0.6906,0.6906,6
2026-03-26T15:28:00,0.6907,0.6907,0.6907,0.6907,2
2026-03-26T15:29:00,0.6907,0.6907,0.6907,0.6907,9
2026-03-26T15:30:00,0.6905,0.6905,0.6904,0.6905,26
2026-03-26T15:31:00,0.6906,0.6906,0.6904,0.6904,11
2026-03-26T15:33:00,0.6907,0.6907,0.6907,0.6907,2
2026-03-26T15:34:00,0.6905,0.6905,0.6905,0.6905,1
2026-03-26T15:36:00,0.6906,0.6906,0.6902,0.6902,120
2026-03-26T15:37:00,0.6902,0.6902,0.69,0.6902,6
2026-03-26T15:38:00,0.6902,0.6903,0.6902,0.6902,12
2026-03-26T15:39:00,0.6902,0.6902,0.6897,0.6898,188
2026-03-26T15:40:00,0.6899,0.69,0.6899,0.69,6
2026-03-26T15:41:00,0.69,0.69,0.6898,0.6898,4
2026-03-26T15:42:00,0.6898,0.6898,0.6898,0.6898,2
2026-03-26T15:43:00,0.6899,0.6899,0.6898,0.6898,28
2026-03-26T15:46:00,0.6901,0.6905,0.6901,0.6904,67
2026-03-26T15:47:00,0.6904,0.6907,0.6903,0.6903,5
2026-03-26T15:48:00,0.6904,0.6904,0.6904,0.6904,4
2026-03-26T15:49:00,0.6905,0.6905,0.6905,0.6905,5
2026-03-26T15:50:00,0.6903,0.6904,0.6903,0.6903,12
2026-03-26T15:52:00,0.6904,0.6904,0.6903,0.6903,5
2026-03-26T15:54:00,0.6902,0.6902,0.6902,0.6902,3
2026-03-26T15:55:00,0.6902,0.6902,0.6902,0.6902,2
2026-03-26T15:56:00,0.6902,0.6902,0.6902,0.6902,5
2026-03-26T15:58:00,0.6903,0.6903,0.6903,0.6903,2
2026-03-26T15:59:00,0.6903,0.6903,0.6903,0.6903,9
2026-03-26T16:00:00,0.6904,0.6904,0.6904,0.6904,18
2026-03-26T16:02:00,0.6905,0.6905,0.6903,0.6904,5
2026-03-26T16:03:00,0.6903,0.6903,0.6901,0.6903,6
2026-03-26T16:05:00,0.6902,0.6902,0.6901,0.6901,6
2026-03-26T16:06:00,0.69,0.69,0.69,0.69,1
2026-03-26T16:09:00,0.6903,0.6903,0.6903,0.6903,1
2026-03-26T16:11:00,0.69,0.6901,0.69,0.6901,3
2026-03-26T16:12:00,0.6901,0.6901,0.6901,0.6901,1
2026-03-26T16:14:00,0.6902,0.6903,0.6902,0.6903,2
2026-03-26T16:15:00,0.6903,0.6903,0.6901,0.6901,12
2026-03-26T16:16:00,0.6899,0.6899,0.6898,0.6898,6
2026-03-26T16:17:00,0.6897,0.6898,0.6896,0.6898,13
2026-03-26T16:18:00,0.6899,0.69,0.6899,0.69,2
2026-03-26T16:19:00,0.6899,0.6899,0.6899,0.6899,1
2026-03-26T16:21:00,0.6898,0.6898,0.6896,0.6896,13
2026-03-26T16:22:00,0.6895,0.6895,0.6892,0.6893,41
2026-03-26T16:23:00,0.6892,0.6893,0.6892,0.6893,6
2026-03-26T16:24:00,0.6893,0.6893,0.6893,0.6893,3
2026-03-26T16:25:00,0.6892,0.6892,0.6892,0.6892,4
2026-03-26T16:26:00,0.6892,0.6892,0.6892,0.6892,2
2026-03-26T16:27:00,0.6892,0.6892,0.6892,0.6892,8
2026-03-26T16:28:00,0.6893,0.6894,0.6893,0.6894,8
2026-03-26T16:29:00,0.6893,0.6893,0.6893,0.6893,1
2026-03-26T16:30:00,0.6894,0.6894,0.6892,0.6893,10
2026-03-26T16:31:00,0.6892,0.6892,0.6892,0.6892,4
2026-03-26T16:32:00,0.6892,0.6892,0.6889,0.6889,63
2026-03-26T16:33:00,0.6891,0.6891,0.6891,0.6891,5
2026-03-26T16:34:00,0.6893,0.6894,0.6893,0.6894,34
2026-03-26T16:35:00,0.6894,0.6894,0.6893,0.6893,4
2026-03-26T16:36:00,0.6893,0.6893,0.6893,0.6893,6
2026-03-26T16:37:00,0.6892,0.6893,0.6892,0.6892,8
2026-03-26T16:38:00,0.6892,0.6892,0.6891,0.6891,4
2026-03-26T16:39:00,0.6892,0.6892,0.6891,0.6891,3
2026-03-26T16:40:00,0.6892,0.6892,0.689,0.689,5
2026-03-26T16:42:00,0.6894,0.6894,0.6892,0.6892,6
2026-03-26T16:43:00,0.6892,0.6892,0.6892,0.6892,4
2026-03-26T16:45:00,0.6893,0.6894,0.6893,0.6894,2
2026-03-26T16:46:00,0.6893,0.6893,0.6892,0.6892,3
2026-03-26T16:48:00,0.6893,0.6893,0.6893,0.6893,1
2026-03-26T16:49:00,0.6892,0.6892,0.6892,0.6892,4
2026-03-26T16:50:00,0.6892,0.6892,0.6892,0.6892,2
2026-03-26T16:51:00,0.6891,0.6891,0.6891,0.6891,1
2026-03-26T16:52:00,0.6894,0.6894,0.6894,0.6894,3
2026-03-26T16:53:00,0.6895,0.6896,0.6895,0.6896,6
2026-03-26T16:54:00,0.6895,0.6895,0.6895,0.6895,1
2026-03-26T16:56:00,0.6894,0.6894,0.6894,0.6894,4
2026-03-26T16:57:00,0.6893,0.6893,0.6893,0.6893,3
2026-03-26T16:58:00,0.6893,0.6893,0.6892,0.6892,3
2026-03-26T17:00:00,0.6891,0.6892,0.6891,0.6892,6
2026-03-26T17:02:00,0.6892,0.6892,0.6891,0.6892,31
2026-03-26T17:03:00,0.6892,0.6892,0.6891,0.6892,3
2026-03-26T17:04:00,0.6892,0.6892,0.6891,0.6891,11
2026-03-26T17:05:00,0.6892,0.6892,0.6892,0.6892,1
2026-03-26T17:06:00,0.6893,0.6893,0.6893,0.6893,20
2026-03-26T17:07:00,0.6894,0.6894,0.6894,0.6894,4
2026-03-26T17:09:00,0.6893,0.6893,0.6893,0.6893,3
2026-03-26T17:10:00,0.6892,0.6892,0.6892,0.6892,6
2026-03-26T17:11:00,0.6892,0.6892,0.6892,0.6892,10
2026-03-26T17:12:00,0.6892,0.6892,0.6891,0.6891,7
2026-03-26T17:13:00,0.6891,0.6891,0.6891,0.6891,1
2026-03-26T17:14:00,0.6891,0.6891,0.6891,0.6891,14
2026-03-26T17:15:00,0.6891,0.6892,0.6891,0.6892,8
2026-03-26T17:16:00,0.6893,0.6893,0.6893,0.6893,1
2026-03-26T17:18:00,0.689,0.689,0.689,0.689,1
2026-03-26T17:20:00,0.6891,0.6891,0.689,0.689,7
2026-03-26T17:21:00,0.689,0.689,0.689,0.689,1
2026-03-26T17:23:00,0.689,0.6891,0.689,0.6891,4
2026-03-26T17:24:00,0.6892,0.6892,0.689,0.689,3
2026-03-26T17:27:00,0.6888,0.6888,0.6888,0.6888,6
2026-03-26T17:28:00,0.6889,0.6889,0.6889,0.6889,10
2026-03-26T17:29:00,0.689,0.6891,0.689,0.6891,3
2026-03-26T17:30:00,0.6891,0.6891,0.6891,0.6891,4
2026-03-26T17:33:00,0.6891,0.6891,0.6891,0.6891,21
2026-03-26T17:34:00,0.6893,0.6893,0.6893,0.6893,4
2026-03-26T17:35:00,0.6893,0.6893,0.6892,0.6892,4
2026-03-26T17:39:00,0.689,0.689,0.689,0.689,2
2026-03-26T17:40:00,0.6889,0.6889,0.6886,0.6886,14
2026-03-26T17:41:00,0.6886,0.6887,0.6886,0.6886,3
2026-03-26T17:42:00,0.6886,0.6886,0.6885,0.6885,31
2026-03-26T17:43:00,0.6885,0.6885,0.6883,0.6883,8
2026-03-26T17:44:00,0.6883,0.6885,0.6883,0.6885,3
2026-03-26T17:45:00,0.6884,0.6884,0.6884,0.6884,3
2026-03-26T17:46:00,0.6884,0.6884,0.6884,0.6884,14
2026-03-26T17:47:00,0.6884,0.6884,0.6884,0.6884,1
2026-03-26T17:48:00,0.6884,0.6884,0.6884,0.6884,6
2026-03-26T17:50:00,0.6884,0.6884,0.6882,0.6882,10
2026-03-26T17:51:00,0.6882,0.6882,0.6882,0.6882,5
2026-03-26T17:52:00,0.6883,0.6883,0.6882,0.6882,7
2026-03-26T17:53:00,0.6882,0.6882,0.6882,0.6882,6
2026-03-26T17:54:00,0.6882,0.6882,0.6882,0.6882,1
2026-03-26T17:55:00,0.6881,0.6881,0.6879,0.6879,24
2026-03-26T17:56:00,0.688,0.6881,0.688,0.6881,8
2026-03-26T17:57:00,0.6881,0.6881,0.6881,0.6881,1
2026-03-26T17:58:00,0.6879,0.6879,0.6879,0.6879,3
2026-03-26T17:59:00,0.6878,0.6878,0.6877,0.6877,10
2026-03-26T18:00:00,0.6879,0.688,0.6878,0.688,7
2026-03-26T18:01:00,0.688,0.6882,0.6879,0.6882,8
2026-03-26T18:02:00,0.6881,0.6882,0.6881,0.6882,5
2026-03-26T18:03:00,0.6882,0.6882,0.688,0.6881,33
2026-03-26T18:04:00,0.6881,0.6881,0.6881,0.6881,2
2026-03-26T18:05:00,0.6881,0.6881,0.6881,0.6881,3
2026-03-26T18:06:00,0.6882,0.6882,0.6882,0.6882,4
2026-03-26T18:08:00,0.6884,0.6884,0.6882,0.6882,21
2026-03-26T18:09:00,0.6883,0.6883,0.6883,0.6883,5
2026-03-26T18:10:00,0.6883,0.6884,0.6883,0.6884,12
2026-03-26T18:11:00,0.6884,0.6884,0.6884,0.6884,1
2026-03-26T18:12:00,0.6883,0.6883,0.6883,0.6883,1
2026-03-26T18:13:00,0.6883,0.6883,0.6883,0.6883,1
2026-03-26T18:14:00,0.6884,0.6884,0.6884,0.6884,4
2026-03-26T18:15:00,0.6883,0.6883,0.6883,0.6883,2
2026-03-26T18:16:00,0.6883,0.6883,0.6883,0.6883,2
2026-03-26T18:17:00,0.6882,0.6882,0.6882,0.6882,1
2026-03-26T18:18:00,0.6882,0.6882,0.6882,0.6882,1
2026-03-26T18:19:00,0.6883,0.6883,0.6883,0.6883,2
2026-03-26T18:20:00,0.6882,0.6882,0.6881,0.6881,2
2026-03-26T18:21:00,0.688,0.688,0.688,0.688,4
2026-03-26T18:23:00,0.6881,0.6882,0.6881,0.6882,3
2026-03-26T18:24:00,0.6881,0.6881,0.6881,0.6881,2
2026-03-26T18:26:00,0.688,0.6881,0.688,0.688,12
2026-03-26T18:27:00,0.6879,0.688,0.6879,0.688,3
2026-03-26T18:28:00,0.688,0.688,0.688,0.688,3
2026-03-26T18:29:00,0.6879,0.6879,0.6879,0.6879,2
2026-03-26T18:30:00,0.6879,0.6879,0.6879,0.6879,5
2026-03-26T18:31:00,0.688,0.688,0.688,0.688,1
2026-03-26T18:32:00,0.6881,0.6881,0.6881,0.6881,16
2026-03-26T18:33:00,0.6881,0.6881,0.6881,0.6881,1
2026-03-26T18:34:00,0.6882,0.6882,0.6882,0.6882,1
2026-03-26T18:35:00,0.6882,0.6882,0.6882,0.6882,1
2026-03-26T18:38:00,0.6882,0.6884,0.6882,0.6884,17
2026-03-26T18:39:00,0.6885,0.6885,0.6884,0.6884,12
2026-03-26T18:42:00,0.6884,0.6884,0.6884,0.6884,10
2026-03-26T18:44:00,0.6885,0.6885,0.6885,0.6885,1
2026-03-26T18:46:00,0.6884,0.6884,0.6884,0.6884,2
2026-03-26T18:50:00,0.6886,0.6887,0.6886,0.6887,9
2026-03-26T18:51:00,0.6886,0.6886,0.6886,0.6886,2
2026-03-26T18:53:00,0.6886,0.6886,0.6885,0.6885,10
2026-03-26T18:54:00,0.6887,0.6887,0.6886,0.6886,6
2026-03-26T18:55:00,0.6887,0.6887,0.6887,0.6887,5
2026-03-26T18:56:00,0.6887,0.6887,0.6886,0.6886,18
2026-03-26T18:57:00,0.6886,0.6886,0.6886,0.6886,6
2026-03-26T18:59:00,0.6887,0.6887,0.6886,0.6887,25
2026-03-26T19:00:00,0.6887,0.6887,0.6886,0.6886,15
2026-03-26T19:01:00,0.6885,0.6885,0.6885,0.6885,1
2026-03-26T19:02:00,0.6884,0.6884,0.6882,0.6882,75
2026-03-26T19:03:00,0.6881,0.6882,0.6881,0.6881,15
2026-03-26T19:04:00,0.6881,0.6881,0.6881,0.6881,1
2026-03-26T19:05:00,0.688,0.688,0.688,0.688,1
2026-03-26T19:06:00,0.6882,0.6883,0.6882,0.6882,12
2026-03-26T19:07:00,0.6882,0.6882,0.6881,0.6881,4
2026-03-26T19:08:00,0.688,0.688,0.6877,0.6878,78
2026-03-26T19:09:00,0.6879,0.6879,0.6878,0.6878,5
2026-03-26T19:10:00,0.6877,0.6877,0.6876,0.6877,18
2026-03-26T19:11:00,0.6877,0.6877,0.6876,0.6876,34
2026-03-26T19:12:00,0.6875,0.6876,0.6875,0.6876,10
2026-03-26T19:13:00,0.6876,0.6877,0.6876,0.6877,6
2026-03-26T19:14:00,0.6876,0.6876,0.6876,0.6876,3
2026-03-26T19:15:00,0.6878,0.6878,0.6878,0.6878,3
2026-03-26T19:16:00,0.6878,0.6879,0.6877,0.6877,23
2026-03-26T19:18:00,0.6878,0.6878,0.6878,0.6878,1
2026-03-26T19:20:00,0.688,0.688,0.688,0.688,2
2026-03-26T19:21:00,0.6878,0.6878,0.6878,0.6878,5
2026-03-26T19:22:00,0.6879,0.6879,0.6879,0.6879,2
2026-03-26T19:23:00,0.6879,0.6879,0.6879,0.6879,7
2026-03-26T19:24:00,0.688,0.688,0.6879,0.6879,11
2026-03-26T19:25:00,0.6879,0.6879,0.6879,0.6879,9
2026-03-26T19:27:00,0.6877,0.6877,0.6877,0.6877,2
2026-03-26T19:28:00,0.6876,0.6876,0.6876,0.6876,5
2026-03-26T19:29:00,0.6876,0.6876,0.6876,0.6876,8
2026-03-26T19:30:00,0.6877,0.6877,0.6877,0.6877,1
2026-03-26T19:31:00,0.6876,0.6876,0.6875,0.6875,7
2026-03-26T19:32:00,0.6876,0.6876,0.6874,0.6876,10
2026-03-26T19:33:00,0.6875,0.6875,0.6875,0.6875,1
2026-03-26T19:35:00,0.6877,0.6877,0.6877,0.6877,6
2026-03-26T19:37:00,0.6879,0.688,0.6879,0.6879,7
2026-03-26T19:38:00,0.6879,0.6879,0.6878,0.6878,2
2026-03-26T19:39:00,0.6878,0.6878,0.6877,0.6877,16
2026-03-26T19:40:00,0.6877,0.6877,0.6877,0.6877,1
2026-03-26T19:41:00,0.6878,0.6878,0.6876,0.6876,2
2026-03-26T19:42:00,0.6876,0.6876,0.6875,0.6876,3
2026-03-26T19:43:00,0.6875,0.6875,0.6874,0.6875,3
2026-03-26T19:44:00,0.6874,0.6874,0.6874,0.6874,1
2026-03-26T19:45:00,0.6875,0.6875,0.6874,0.6874,3
2026-03-26T19:46:00,0.6875,0.6875,0.6875,0.6875,1
2026-03-26T19:47:00,0.6873,0.6873,0.6871,0.6871,31
2026-03-26T19:48:00,0.6871,0.6872,0.6871,0.6872,32
2026-03-26T19:49:00,0.6872,0.6872,0.6872,0.6872,5
2026-03-26T19:50:00,0.6872,0.6873,0.6872,0.6873,12
2026-03-26T19:52:00,0.6872,0.6872,0.6872,0.6872,4
2026-03-26T19:53:00,0.6872,0.6872,0.6872,0.6872,2
2026-03-26T19:54:00,0.6872,0.6872,0.6872,0.6872,2
2026-03-26T19:55:00,0.6871,0.6871,0.6871,0.6871,6
2026-03-26T19:57:00,0.6872,0.6872,0.6872,0.6872,2
2026-03-26T19:58:00,0.6871,0.6871,0.687,0.687,34
2026-03-26T19:59:00,0.6869,0.6869,0.6868,0.6869,25
2026-03-26T20:00:00,0.6869,0.6869,0.6868,0.6869,6
2026-03-26T20:01:00,0.6869,0.6869,0.6868,0.6868,3
2026-03-26T20:02:00,0.6868,0.6869,0.6868,0.6869,3
2026-03-26T20:04:00,0.6869,0.6869,0.6869,0.6869,4
2026-03-26T20:05:00,0.6868,0.6869,0.6868,0.6869,13
2026-03-26T20:06:00,0.6869,0.687,0.6869,0.687,10
2026-03-26T20:07:00,0.6868,0.6868,0.6868,0.6868,1
2026-03-26T20:08:00,0.6869,0.6869,0.6869,0.6869,1
2026-03-26T20:09:00,0.6869,0.6869,0.6869,0.6869,2
2026-03-26T20:11:00,0.6869,0.6911,0.6868,0.6911,685
2026-03-26T20:12:00,0.6909,0.6911,0.6885,0.6895,469
2026-03-26T20:13:00,0.6894,0.6895,0.6886,0.6895,122
2026-03-26T20:14:00,0.6893,0.6895,0.6889,0.689,69
2026-03-26T20:15:00,0.6888,0.6889,0.6885,0.6888,46
2026-03-26T20:16:00,0.6892,0.6898,0.6891,0.6894,60
2026-03-26T20:17:00,0.6895,0.6895,0.6892,0.6892,8
2026-03-26T20:18:00,0.6892,0.6892,0.689,0.6891,7
2026-03-26T20:19:00,0.6891,0.6893,0.6888,0.6888,74
2026-03-26T20:20:00,0.689,0.689,0.6886,0.6887,30
2026-03-26T20:21:00,0.6888,0.6888,0.6888,0.6888,1
2026-03-26T20:22:00,0.6892,0.6892,0.6889,0.6889,6
2026-03-26T20:23:00,0.6889,0.6889,0.6888,0.6888,12
2026-03-26T20:24:00,0.6888,0.6888,0.6884,0.6885,30
2026-03-26T20:25:00,0.6885,0.6885,0.6882,0.6882,28
2026-03-26T20:26:00,0.6883,0.6884,0.6883,0.6884,9
2026-03-26T20:27:00,0.6887,0.6887,0.6886,0.6886,9
2026-03-26T20:28:00,0.6883,0.6883,0.6883,0.6883,9
2026-03-26T20:29:00,0.6883,0.6886,0.6883,0.6885,16
2026-03-26T20:30:00,0.6884,0.6884,0.6884,0.6884,1
2026-03-26T20:31:00,0.6887,0.6887,0.6887,0.6887,1
2026-03-26T20:34:00,0.6887,0.6887,0.6885,0.6885,7
2026-03-26T20:35:00,0.6886,0.6886,0.6886,0.6886,1
2026-03-26T20:36:00,0.6887,0.6887,0.6887,0.6887,6
2026-03-26T20:37:00,0.6887,0.6887,0.6887,0.6887,3
2026-03-26T20:38:00,0.6887,0.6887,0.6887,0.6887,3
2026-03-26T20:39:00,0.6889,0.6889,0.6889,0.6889,6
2026-03-26T20:40:00,0.6889,0.6889,0.6887,0.6888,5
2026-03-26T20:41:00,0.6888,0.6888,0.6887,0.6887,13
2026-03-26T20:42:00,0.6887,0.6887,0.6887,0.6887,1
2026-03-26T20:44:00,0.6886,0.6886,0.6885,0.6885,6
2026-03-26T20:45:00,0.6886,0.6886,0.6885,0.6885,24
2026-03-26T20:47:00,0.6883,0.6883,0.6883,0.6883,1
2026-03-26T20:48:00,0.6883,0.6883,0.6883,0.6883,4
2026-03-26T20:49:00,0.6883,0.6883,0.6883,0.6883,10
2026-03-26T20:50:00,0.6881,0.6881,0.6881,0.6881,8
2026-03-26T20:51:00,0.6881,0.6881,0.6881,0.6881,1
2026-03-26T20:52:00,0.6882,0.6882,0.6881,0.6881,12
2026-03-26T20:53:00,0.688,0.688,0.688,0.688,1
2026-03-26T20:54:00,0.6879,0.6879,0.6879,0.6879,1
2026-03-26T20:55:00,0.688,0.688,0.688,0.688,2
2026-03-26T20:56:00,0.688,0.688,0.688,0.688,2
2026-03-26T20:58:00,0.688,0.688,0.6879,0.6879,6
2026-03-26T20:59:00,0.6879,0.688,0.6878,0.688,6
2026-03-26T22:00:00,0.688,0.6881,0.688,0.6881,7
2026-03-26T22:01:00,0.6881,0.6881,0.6881,0.6881,6
2026-03-26T22:02:00,0.6882,0.6882,0.6882,0.6882,15
2026-03-26T22:03:00,0.6882,0.6882,0.6882,0.6882,1
2026-03-26T22:04:00,0.6883,0.6883,0.6883,0.6883,10
2026-03-26T22:05:00,0.6882,0.6884,0.6882,0.6884,7
2026-03-26T22:06:00,0.6883,0.6885,0.6883,0.6884,5
2026-03-26T22:07:00,0.6883,0.6883,0.6883,0.6883,2
2026-03-26T22:08:00,0.6882,0.6882,0.6882,0.6882,3
2026-03-26T22:10:00,0.6882,0.6882,0.6882,0.6882,6
2026-03-26T22:11:00,0.6882,0.6883,0.6882,0.6883,25
2026-03-26T22:13:00,0.6884,0.6884,0.6884,0.6884,4
2026-03-26T22:14:00,0.6883,0.6884,0.6883,0.6884,10
2026-03-26T22:15:00,0.6883,0.6883,0.6883,0.6883,1
2026-03-26T22:17:00,0.6883,0.6883,0.6883,0.6883,7
2026-03-26T22:18:00,0.6883,0.6884,0.6883,0.6884,11
2026-03-26T22:19:00,0.6884,0.6885,0.6884,0.6885,32
2026-03-26T22:20:00,0.6885,0.6885,0.6885,0.6885,2
2026-03-26T22:21:00,0.6883,0.6883,0.6883,0.6883,1
2026-03-26T22:22:00,0.6883,0.6883,0.6882,0.6882,6
2026-03-26T22:23:00,0.6882,0.6882,0.6882,0.6882,2
2026-03-26T22:24:00,0.688,0.688,0.6879,0.688,33
2026-03-26T22:25:00,0.6879,0.6879,0.6879,0.6879,5
2026-03-26T22:26:00,0.6879,0.6879,0.6879,0.6879,13
2026-03-26T22:28:00,0.6879,0.6879,0.6879,0.6879,10
2026-03-26T22:29:00,0.688,0.688,0.688,0.688,4
2026-03-26T22:30:00,0.6881,0.6882,0.6881,0.6882,42
2026-03-26T22:32:00,0.6882,0.6882,0.6882,0.6882,8
2026-03-26T22:33:00,0.688,0.688,0.688,0.688,1
2026-03-26T22:34:00,0.6882,0.6882,0.6882,0.6882,5
2026-03-26T22:35:00,0.6883,0.6883,0.6883,0.6883,6
2026-03-26T22:38:00,0.6882,0.6884,0.6882,0.6884,7
2026-03-26T22:40:00,0.6882,0.6882,0.6882,0.6882,1
2026-03-26T22:41:00,0.6884,0.6884,0.6884,0.6884,3
2026-03-26T22:42:00,0.6883,0.6884,0.6883,0.6884,10
2026-03-26T22:43:00,0.6882,0.6882,0.6882,0.6882,1
2026-03-26T22:44:00,0.6883,0.6883,0.6883,0.6883,6
2026-03-26T22:45:00,0.6883,0.6883,0.6883,0.6883,1
2026-03-26T22:48:00,0.6883,0.6883,0.6883,0.6883,5
2026-03-26T22:51:00,0.6885,0.6885,0.6885,0.6885,5
2026-03-26T22:52:00,0.6885,0.6885,0.6885,0.6885,1
2026-03-26T22:53:00,0.6886,0.6886,0.6885,0.6885,3
2026-03-26T22:54:00,0.6885,0.6885,0.6885,0.6885,5
2026-03-26T22:55:00,0.6885,0.6885,0.6885,0.6885,5
2026-03-26T22:56:00,0.6886,0.6886,0.6885,0.6885,2
2026-03-26T22:57:00,0.6885,0.6885,0.6885,0.6885,13
2026-03-26T22:59:00,0.6885,0.6885,0.6885,0.6885,6
2026-03-26T23:00:00,0.6885,0.6886,0.6885,0.6885,9
2026-03-26T23:01:00,0.6885,0.6885,0.6885,0.6885,2
2026-03-26T23:02:00,0.6884,0.6884,0.6884,0.6884,1
2026-03-26T23:04:00,0.6884,0.6885,0.6883,0.6883,22
2026-03-26T23:05:00,0.6884,0.6884,0.6883,0.6883,5
2026-03-26T23:06:00,0.6884,0.6884,0.6884,0.6884,2
2026-03-26T23:07:00,0.6884,0.6884,0.6884,0.6884,6
2026-03-26T23:08:00,0.6884,0.6884,0.6884,0.6884,1
2026-03-26T23:09:00,0.6885,0.6885,0.6885,0.6885,2
2026-03-26T23:12:00,0.6883,0.6883,0.6883,0.6883,1
2026-03-26T23:13:00,0.6883,0.6883,0.6883,0.6883,1
2026-03-26T23:14:00,0.6884,0.6884,0.6884,0.6884,9
2026-03-26T23:15:00,0.6885,0.6885,0.6885,0.6885,1
2026-03-26T23:16:00,0.6884,0.6884,0.6884,0.6884,1
2026-03-26T23:18:00,0.6886,0.6886,0.6886,0.6886,1
2026-03-26T23:19:00,0.6887,0.6887,0.6887,0.6887,4
2026-03-26T23:20:00,0.6887,0.6887,0.6887,0.6887,2
2026-03-26T23:21:00,0.6886,0.6886,0.6885,0.6885,8
2026-03-26T23:23:00,0.6886,0.6887,0.6885,0.6887,8
2026-03-26T23:24:00,0.6887,0.6887,0.6887,0.6887,1
2026-03-26T23:25:00,0.6886,0.6886,0.6885,0.6885,3
2026-03-26T23:26:00,0.6886,0.6887,0.6886,0.6886,5
2026-03-26T23:28:00,0.6886,0.6886,0.6886,0.6886,4
